# Temperatura_=_20.0
# Concentracion g/m^3_=_10000.0
# C_Vs_to_Am_M_A/Vsm_=_116720831517.84952
# pendiente_HvsI_1/m_=_3716.3
# ordenada_HvsI_A/m_=_1297.0
# frecuencia_Hz_=_213130.69045684155
# Promedio de 22 ciclos

Tiempo_(s)	Campo_(V.s)	Magnetizacion_(V.s)	Campo_(kA/m)	Magnetizacion_(A/m)
0.000000e+00	-5.588670e-09	-2.469154e-09	-2.722026e+01	-2.971000e+02
1.000000e-08	-5.588241e-09	-2.465867e-09	-2.721817e+01	-2.969815e+02
2.000000e-08	-5.586901e-09	-2.464824e-09	-2.721165e+01	-2.968095e+02
3.000000e-08	-5.584356e-09	-2.464596e-09	-2.719925e+01	-2.965843e+02
4.000000e-08	-5.580690e-09	-2.462096e-09	-2.718139e+01	-2.963057e+02
5.000000e-08	-5.576189e-09	-2.456921e-09	-2.715947e+01	-2.959739e+02
6.000000e-08	-5.570868e-09	-2.451347e-09	-2.713355e+01	-2.955889e+02
7.000000e-08	-5.564589e-09	-2.445459e-09	-2.710298e+01	-2.951507e+02
8.000000e-08	-5.557237e-09	-2.439474e-09	-2.706716e+01	-2.946596e+02
9.000000e-08	-5.548654e-09	-2.427216e-09	-2.702536e+01	-2.941154e+02
1.000000e-07	-5.538642e-09	-2.413248e-09	-2.697660e+01	-2.935184e+02
1.100000e-07	-5.527426e-09	-2.418107e-09	-2.692197e+01	-2.928687e+02
1.200000e-07	-5.515484e-09	-2.429380e-09	-2.686380e+01	-2.921663e+02
1.300000e-07	-5.502724e-09	-2.425279e-09	-2.680165e+01	-2.914115e+02
1.400000e-07	-5.488903e-09	-2.404423e-09	-2.673434e+01	-2.906042e+02
1.500000e-07	-5.474160e-09	-2.412527e-09	-2.666253e+01	-2.897448e+02
1.600000e-07	-5.458364e-09	-2.411386e-09	-2.658560e+01	-2.888332e+02
1.700000e-07	-5.441208e-09	-2.394878e-09	-2.650203e+01	-2.878698e+02
1.800000e-07	-5.423021e-09	-2.415641e-09	-2.641345e+01	-2.868546e+02
1.900000e-07	-5.404192e-09	-2.435568e-09	-2.632174e+01	-2.857878e+02
2.000000e-07	-5.384514e-09	-2.422035e-09	-2.622590e+01	-2.846697e+02
2.100000e-07	-5.363855e-09	-2.415982e-09	-2.612528e+01	-2.835005e+02
2.200000e-07	-5.342378e-09	-2.452541e-09	-2.602067e+01	-2.822803e+02
2.300000e-07	-5.319975e-09	-2.438196e-09	-2.591155e+01	-2.810093e+02
2.400000e-07	-5.296543e-09	-2.413254e-09	-2.579742e+01	-2.796879e+02
2.500000e-07	-5.272368e-09	-2.431980e-09	-2.567968e+01	-2.783161e+02
2.600000e-07	-5.247395e-09	-2.422435e-09	-2.555804e+01	-2.768944e+02
2.700000e-07	-5.221110e-09	-2.409393e-09	-2.543002e+01	-2.754229e+02
2.800000e-07	-5.193583e-09	-2.418346e-09	-2.529594e+01	-2.739019e+02
2.900000e-07	-5.165224e-09	-2.391954e-09	-2.515782e+01	-2.723316e+02
3.000000e-07	-5.136031e-09	-2.344000e-09	-2.501563e+01	-2.707124e+02
3.100000e-07	-5.105981e-09	-2.341580e-09	-2.486927e+01	-2.690446e+02
3.200000e-07	-5.075141e-09	-2.345148e-09	-2.471906e+01	-2.673284e+02
3.300000e-07	-5.043511e-09	-2.323947e-09	-2.456500e+01	-2.655641e+02
3.400000e-07	-5.011185e-09	-2.311932e-09	-2.440756e+01	-2.637521e+02
3.500000e-07	-4.978059e-09	-2.288683e-09	-2.424621e+01	-2.618927e+02
3.600000e-07	-4.943764e-09	-2.268886e-09	-2.407917e+01	-2.599862e+02
3.700000e-07	-4.908286e-09	-2.266161e-09	-2.390638e+01	-2.580330e+02
3.800000e-07	-4.871946e-09	-2.235558e-09	-2.372938e+01	-2.560334e+02
3.900000e-07	-4.834862e-09	-2.212350e-09	-2.354875e+01	-2.539878e+02
4.000000e-07	-4.796954e-09	-2.205414e-09	-2.336412e+01	-2.518965e+02
4.100000e-07	-4.758175e-09	-2.187250e-09	-2.317524e+01	-2.497600e+02
4.200000e-07	-4.718596e-09	-2.173886e-09	-2.298247e+01	-2.475785e+02
4.300000e-07	-4.678361e-09	-2.153217e-09	-2.278650e+01	-2.453525e+02
4.400000e-07	-4.637375e-09	-2.118734e-09	-2.258687e+01	-2.430825e+02
4.500000e-07	-4.595361e-09	-2.093902e-09	-2.238224e+01	-2.407687e+02
4.600000e-07	-4.552250e-09	-2.085062e-09	-2.217226e+01	-2.384116e+02
4.700000e-07	-4.508237e-09	-2.068533e-09	-2.195789e+01	-2.360117e+02
4.800000e-07	-4.463505e-09	-2.045385e-09	-2.174002e+01	-2.335693e+02
4.900000e-07	-4.418055e-09	-2.025948e-09	-2.151864e+01	-2.310850e+02
5.000000e-07	-4.371838e-09	-1.996840e-09	-2.129354e+01	-2.285591e+02
5.100000e-07	-4.324821e-09	-1.969767e-09	-2.106454e+01	-2.259921e+02
5.200000e-07	-4.277070e-09	-1.948967e-09	-2.083196e+01	-2.233844e+02
5.300000e-07	-4.228629e-09	-1.926311e-09	-2.059603e+01	-2.207366e+02
5.400000e-07	-4.179288e-09	-1.907867e-09	-2.035570e+01	-2.180491e+02
5.500000e-07	-4.128832e-09	-1.887691e-09	-2.010995e+01	-2.153224e+02
5.600000e-07	-4.077319e-09	-1.866857e-09	-1.985906e+01	-2.125570e+02
5.700000e-07	-4.024943e-09	-1.843152e-09	-1.960395e+01	-2.097533e+02
5.800000e-07	-3.971821e-09	-1.813898e-09	-1.934521e+01	-2.069119e+02
5.900000e-07	-3.918017e-09	-1.783866e-09	-1.908315e+01	-2.040333e+02
6.000000e-07	-3.863545e-09	-1.753795e-09	-1.881784e+01	-2.011180e+02
6.100000e-07	-3.808376e-09	-1.732399e-09	-1.854913e+01	-1.981665e+02
6.200000e-07	-3.752604e-09	-1.713512e-09	-1.827749e+01	-1.951794e+02
6.300000e-07	-3.696352e-09	-1.689648e-09	-1.800351e+01	-1.921572e+02
6.400000e-07	-3.639528e-09	-1.659759e-09	-1.772674e+01	-1.891004e+02
6.500000e-07	-3.581891e-09	-1.624232e-09	-1.744601e+01	-1.860096e+02
6.600000e-07	-3.523290e-09	-1.595247e-09	-1.716059e+01	-1.828853e+02
6.700000e-07	-3.463846e-09	-1.569463e-09	-1.687106e+01	-1.797281e+02
6.800000e-07	-3.403844e-09	-1.542057e-09	-1.657881e+01	-1.765386e+02
6.900000e-07	-3.343406e-09	-1.513958e-09	-1.628445e+01	-1.733173e+02
7.000000e-07	-3.282475e-09	-1.484342e-09	-1.598767e+01	-1.700649e+02
7.100000e-07	-3.220990e-09	-1.458016e-09	-1.568820e+01	-1.667818e+02
7.200000e-07	-3.158951e-09	-1.429595e-09	-1.538604e+01	-1.634687e+02
7.300000e-07	-3.096377e-09	-1.398402e-09	-1.508126e+01	-1.601262e+02
7.400000e-07	-3.033249e-09	-1.367418e-09	-1.477379e+01	-1.567548e+02
7.500000e-07	-2.969609e-09	-1.336911e-09	-1.446382e+01	-1.533553e+02
7.600000e-07	-2.905557e-09	-1.310448e-09	-1.415185e+01	-1.499281e+02
7.700000e-07	-2.841110e-09	-1.281319e-09	-1.383795e+01	-1.464740e+02
7.800000e-07	-2.776187e-09	-1.249356e-09	-1.352174e+01	-1.429935e+02
7.900000e-07	-2.710674e-09	-1.216472e-09	-1.320265e+01	-1.394872e+02
8.000000e-07	-2.644496e-09	-1.182393e-09	-1.288032e+01	-1.359558e+02
8.100000e-07	-2.577645e-09	-1.151845e-09	-1.255472e+01	-1.323999e+02
8.200000e-07	-2.510215e-09	-1.121252e-09	-1.222629e+01	-1.288202e+02
8.300000e-07	-2.442371e-09	-1.090620e-09	-1.189585e+01	-1.252172e+02
8.400000e-07	-2.374230e-09	-1.059812e-09	-1.156396e+01	-1.215918e+02
8.500000e-07	-2.305825e-09	-1.027091e-09	-1.123078e+01	-1.179444e+02
8.600000e-07	-2.237099e-09	-9.939909e-10	-1.089605e+01	-1.142757e+02
8.700000e-07	-2.167972e-09	-9.594308e-10	-1.055936e+01	-1.105864e+02
8.800000e-07	-2.098431e-09	-9.267543e-10	-1.022065e+01	-1.068772e+02
8.900000e-07	-2.028517e-09	-8.945124e-10	-9.880123e+00	-1.031488e+02
9.000000e-07	-1.958262e-09	-8.604620e-10	-9.537939e+00	-9.940172e+01
9.100000e-07	-1.887662e-09	-8.265647e-10	-9.194076e+00	-9.563672e+01
9.200000e-07	-1.816700e-09	-7.917746e-10	-8.848447e+00	-9.185448e+01
9.300000e-07	-1.745381e-09	-7.582625e-10	-8.501076e+00	-8.805565e+01
9.400000e-07	-1.673746e-09	-7.249631e-10	-8.152170e+00	-8.424093e+01
9.500000e-07	-1.601862e-09	-6.912055e-10	-7.802052e+00	-8.041101e+01
9.600000e-07	-1.529797e-09	-6.582545e-10	-7.451053e+00	-7.656655e+01
9.700000e-07	-1.457580e-09	-6.240403e-10	-7.099309e+00	-7.270827e+01
9.800000e-07	-1.385208e-09	-5.905079e-10	-6.746811e+00	-6.883684e+01
9.900000e-07	-1.312664e-09	-5.562936e-10	-6.393481e+00	-6.495297e+01
1.000000e-06	-1.239887e-09	-5.219295e-10	-6.039008e+00	-6.105734e+01
1.010000e-06	-1.166832e-09	-4.901143e-10	-5.683188e+00	-5.715067e+01
1.020000e-06	-1.093473e-09	-4.583306e-10	-5.325886e+00	-5.323364e+01
1.030000e-06	-1.019807e-09	-4.260571e-10	-4.967085e+00	-4.930696e+01
1.040000e-06	-9.458578e-10	-3.915031e-10	-4.606908e+00	-4.537134e+01
1.050000e-06	-8.716057e-10	-3.561028e-10	-4.245255e+00	-4.142749e+01
1.060000e-06	-7.970729e-10	-3.214059e-10	-3.882234e+00	-3.747610e+01
1.070000e-06	-7.223184e-10	-2.858462e-10	-3.518134e+00	-3.351789e+01
1.080000e-06	-6.473620e-10	-2.503538e-10	-3.153051e+00	-2.955356e+01
1.090000e-06	-5.722180e-10	-2.138487e-10	-2.787053e+00	-2.558384e+01
1.100000e-06	-4.969105e-10	-1.777094e-10	-2.420259e+00	-2.160943e+01
1.110000e-06	-4.214733e-10	-1.429875e-10	-2.052834e+00	-1.763104e+01
1.120000e-06	-3.459330e-10	-1.085603e-10	-1.684906e+00	-1.364939e+01
1.130000e-06	-2.703195e-10	-7.485798e-11	-1.316621e+00	-9.665190e+00
1.140000e-06	-1.946624e-10	-4.157219e-11	-9.481248e-01	-5.679157e+00
1.150000e-06	-1.189771e-10	-9.810740e-12	-5.794905e-01	-1.692006e+00
1.160000e-06	-4.327191e-11	2.273668e-11	-2.107597e-01	2.295549e+00
1.170000e-06	3.244731e-11	5.809123e-11	1.580396e-01	6.282792e+00
1.180000e-06	1.081627e-10	9.484723e-11	5.268203e-01	1.026901e+01
1.190000e-06	1.838524e-10	1.314892e-10	8.954756e-01	1.425348e+01
1.200000e-06	2.594974e-10	1.643649e-10	1.263913e+00	1.823550e+01
1.210000e-06	3.350799e-10	1.949112e-10	1.632047e+00	2.221435e+01
1.220000e-06	4.105949e-10	2.262920e-10	1.999851e+00	2.618931e+01
1.230000e-06	4.860341e-10	2.593379e-10	2.367286e+00	3.015967e+01
1.240000e-06	5.613521e-10	2.948401e-10	2.734131e+00	3.412473e+01
1.250000e-06	6.365119e-10	3.298161e-10	3.100206e+00	3.808376e+01
1.260000e-06	7.115056e-10	3.632937e-10	3.465471e+00	4.203606e+01
1.270000e-06	7.862939e-10	3.960351e-10	3.829735e+00	4.598092e+01
1.280000e-06	8.608048e-10	4.287914e-10	4.192649e+00	4.991764e+01
1.290000e-06	9.349949e-10	4.620802e-10	4.554000e+00	5.384550e+01
1.300000e-06	1.008862e-09	4.943363e-10	4.913777e+00	5.776380e+01
1.310000e-06	1.082417e-09	5.275402e-10	5.272033e+00	6.167184e+01
1.320000e-06	1.155669e-09	5.625886e-10	5.628817e+00	6.556892e+01
1.330000e-06	1.228637e-09	5.978384e-10	5.984214e+00	6.945434e+01
1.340000e-06	1.301345e-09	6.319134e-10	6.338349e+00	7.332740e+01
1.350000e-06	1.373826e-09	6.640137e-10	6.691374e+00	7.718741e+01
1.360000e-06	1.446121e-09	6.970187e-10	7.043497e+00	8.103367e+01
1.370000e-06	1.518262e-09	7.322238e-10	7.394871e+00	8.486550e+01
1.380000e-06	1.590239e-09	7.683330e-10	7.745443e+00	8.868221e+01
1.390000e-06	1.661999e-09	8.032218e-10	8.094955e+00	9.248311e+01
1.400000e-06	1.733491e-09	8.357064e-10	8.443166e+00	9.626752e+01
1.410000e-06	1.804663e-09	8.672799e-10	8.789820e+00	1.000348e+02
1.420000e-06	1.875505e-09	8.990214e-10	9.134861e+00	1.037842e+02
1.430000e-06	1.946032e-09	9.316477e-10	9.478371e+00	1.075150e+02
1.440000e-06	2.016249e-09	9.647578e-10	9.820373e+00	1.112267e+02
1.450000e-06	2.086129e-09	9.972225e-10	1.016073e+01	1.149186e+02
1.460000e-06	2.155617e-09	1.029303e-09	1.049918e+01	1.185899e+02
1.470000e-06	2.224692e-09	1.060957e-09	1.083562e+01	1.222401e+02
1.480000e-06	2.293374e-09	1.092166e-09	1.117014e+01	1.258684e+02
1.490000e-06	2.361742e-09	1.123455e-09	1.150314e+01	1.294743e+02
1.500000e-06	2.429855e-09	1.154536e-09	1.183489e+01	1.330570e+02
1.510000e-06	2.497661e-09	1.185890e-09	1.216515e+01	1.366160e+02
1.520000e-06	2.565026e-09	1.217346e-09	1.249325e+01	1.401506e+02
1.530000e-06	2.631812e-09	1.248708e-09	1.281854e+01	1.436601e+02
1.540000e-06	2.697885e-09	1.280310e-09	1.314036e+01	1.471439e+02
1.550000e-06	2.763229e-09	1.312865e-09	1.345862e+01	1.506015e+02
1.560000e-06	2.827989e-09	1.345933e-09	1.377405e+01	1.540322e+02
1.570000e-06	2.892325e-09	1.376315e-09	1.408740e+01	1.574353e+02
1.580000e-06	2.956304e-09	1.403460e-09	1.439902e+01	1.608103e+02
1.590000e-06	3.019850e-09	1.428934e-09	1.470853e+01	1.641565e+02
1.600000e-06	3.082871e-09	1.455691e-09	1.501548e+01	1.674734e+02
1.610000e-06	3.145369e-09	1.486279e-09	1.531988e+01	1.707604e+02
1.620000e-06	3.207383e-09	1.518393e-09	1.562193e+01	1.740168e+02
1.630000e-06	3.268895e-09	1.549242e-09	1.592153e+01	1.772421e+02
1.640000e-06	3.329859e-09	1.578309e-09	1.621846e+01	1.804357e+02
1.650000e-06	3.390323e-09	1.605681e-09	1.651296e+01	1.835971e+02
1.660000e-06	3.450353e-09	1.630975e-09	1.680534e+01	1.867256e+02
1.670000e-06	3.509859e-09	1.653838e-09	1.709518e+01	1.898207e+02
1.680000e-06	3.568559e-09	1.675871e-09	1.738108e+01	1.928819e+02
1.690000e-06	3.626253e-09	1.699805e-09	1.766208e+01	1.959086e+02
1.700000e-06	3.683074e-09	1.728086e-09	1.793884e+01	1.989002e+02
1.710000e-06	3.739299e-09	1.760142e-09	1.821269e+01	2.018563e+02
1.720000e-06	3.795014e-09	1.791740e-09	1.848405e+01	2.047763e+02
1.730000e-06	3.850112e-09	1.819407e-09	1.875241e+01	2.076596e+02
1.740000e-06	3.904558e-09	1.842327e-09	1.901760e+01	2.105058e+02
1.750000e-06	3.958370e-09	1.862725e-09	1.927970e+01	2.133143e+02
1.760000e-06	4.011491e-09	1.883069e-09	1.953843e+01	2.160847e+02
1.770000e-06	4.063830e-09	1.903738e-09	1.979335e+01	2.188164e+02
1.780000e-06	4.115283e-09	1.925575e-09	2.004396e+01	2.215089e+02
1.790000e-06	4.165691e-09	1.949797e-09	2.028948e+01	2.241619e+02
1.800000e-06	4.215013e-09	1.976274e-09	2.052971e+01	2.267747e+02
1.810000e-06	4.263473e-09	2.002574e-09	2.076574e+01	2.293469e+02
1.820000e-06	4.311255e-09	2.025756e-09	2.099846e+01	2.318781e+02
1.830000e-06	4.358348e-09	2.045228e-09	2.122783e+01	2.343678e+02
1.840000e-06	4.404708e-09	2.062739e-09	2.145364e+01	2.368156e+02
1.850000e-06	4.450300e-09	2.080477e-09	2.167570e+01	2.392210e+02
1.860000e-06	4.495149e-09	2.099031e-09	2.189414e+01	2.415836e+02
1.870000e-06	4.539400e-09	2.118317e-09	2.210967e+01	2.439029e+02
1.880000e-06	4.583023e-09	2.139252e-09	2.232214e+01	2.461786e+02
1.890000e-06	4.625696e-09	2.161376e-09	2.252998e+01	2.484103e+02
1.900000e-06	4.667212e-09	2.182902e-09	2.273219e+01	2.505975e+02
1.910000e-06	4.707769e-09	2.202224e-09	2.292973e+01	2.527398e+02
1.920000e-06	4.747612e-09	2.218455e-09	2.312379e+01	2.548369e+02
1.930000e-06	4.786721e-09	2.232309e-09	2.331428e+01	2.568884e+02
1.940000e-06	4.825027e-09	2.245948e-09	2.350085e+01	2.588939e+02
1.950000e-06	4.862503e-09	2.261391e-09	2.368338e+01	2.608531e+02
1.960000e-06	4.899214e-09	2.278557e-09	2.386219e+01	2.627656e+02
1.970000e-06	4.935263e-09	2.296742e-09	2.403777e+01	2.646310e+02
1.980000e-06	4.970499e-09	2.314597e-09	2.420939e+01	2.664491e+02
1.990000e-06	5.004625e-09	2.330083e-09	2.437560e+01	2.682195e+02
2.000000e-06	5.037618e-09	2.343351e-09	2.453630e+01	2.699419e+02
2.010000e-06	5.069736e-09	2.355770e-09	2.469273e+01	2.716159e+02
2.020000e-06	5.101080e-09	2.367734e-09	2.484540e+01	2.732414e+02
2.030000e-06	5.131588e-09	2.379646e-09	2.499399e+01	2.748179e+02
2.040000e-06	5.161240e-09	2.391878e-09	2.513841e+01	2.763453e+02
2.050000e-06	5.190077e-09	2.403845e-09	2.527887e+01	2.778231e+02
2.060000e-06	5.218194e-09	2.415272e-09	2.541581e+01	2.792513e+02
2.070000e-06	5.245464e-09	2.426512e-09	2.554864e+01	2.806294e+02
2.080000e-06	5.271559e-09	2.437250e-09	2.567574e+01	2.819573e+02
2.090000e-06	5.296440e-09	2.447814e-09	2.579692e+01	2.832348e+02
2.100000e-06	5.320355e-09	2.458635e-09	2.591341e+01	2.844615e+02
2.110000e-06	5.343396e-09	2.468447e-09	2.602563e+01	2.856373e+02
2.120000e-06	5.365526e-09	2.476900e-09	2.613342e+01	2.867620e+02
2.130000e-06	5.386778e-09	2.484915e-09	2.623692e+01	2.878353e+02
2.140000e-06	5.407249e-09	2.492874e-09	2.633663e+01	2.888571e+02
2.150000e-06	5.426965e-09	2.500251e-09	2.643266e+01	2.898272e+02
2.160000e-06	5.445746e-09	2.507210e-09	2.652413e+01	2.907454e+02
2.170000e-06	5.463499e-09	2.515017e-09	2.661060e+01	2.916116e+02
2.180000e-06	5.480285e-09	2.523603e-09	2.669236e+01	2.924255e+02
2.190000e-06	5.496031e-09	2.531028e-09	2.676905e+01	2.931871e+02
2.200000e-06	5.510681e-09	2.536298e-09	2.684041e+01	2.938962e+02
2.210000e-06	5.524311e-09	2.540451e-09	2.690679e+01	2.945527e+02
2.220000e-06	5.536961e-09	2.544443e-09	2.696841e+01	2.951564e+02
2.230000e-06	5.548557e-09	2.548374e-09	2.702489e+01	2.957074e+02
2.240000e-06	5.558909e-09	2.551550e-09	2.707531e+01	2.962053e+02
2.250000e-06	5.568020e-09	2.554493e-09	2.711968e+01	2.966503e+02
2.260000e-06	5.576136e-09	2.558404e-09	2.715922e+01	2.970421e+02
2.270000e-06	5.583364e-09	2.562548e-09	2.719442e+01	2.973807e+02
2.280000e-06	5.589658e-09	2.565527e-09	2.722507e+01	2.976661e+02
2.290000e-06	5.594999e-09	2.566488e-09	2.725109e+01	2.978982e+02
2.300000e-06	5.599504e-09	2.566029e-09	2.727303e+01	2.980770e+02
2.310000e-06	5.603178e-09	2.566124e-09	2.729093e+01	2.982024e+02
2.320000e-06	5.605717e-09	2.567098e-09	2.730329e+01	2.982744e+02
2.330000e-06	5.607012e-09	2.568362e-09	2.730960e+01	2.982931e+02
2.340000e-06	5.607308e-09	2.569349e-09	2.731104e+01	2.982583e+02
2.350000e-06	5.606747e-09	2.569854e-09	2.730831e+01	2.981701e+02
2.360000e-06	5.605308e-09	2.570235e-09	2.730130e+01	2.980285e+02
2.370000e-06	5.602981e-09	2.570376e-09	2.728997e+01	2.978336e+02
2.380000e-06	5.599820e-09	2.568634e-09	2.727457e+01	2.975853e+02
2.390000e-06	5.595900e-09	2.564684e-09	2.725548e+01	2.972838e+02
2.400000e-06	5.591061e-09	2.561474e-09	2.723191e+01	2.969290e+02
2.410000e-06	5.585029e-09	2.561686e-09	2.720253e+01	2.965211e+02
2.420000e-06	5.577904e-09	2.560982e-09	2.716782e+01	2.960601e+02
2.430000e-06	5.569807e-09	2.564551e-09	2.712839e+01	2.955461e+02
2.440000e-06	5.560425e-09	2.566167e-09	2.708269e+01	2.949792e+02
2.450000e-06	5.549680e-09	2.538572e-09	2.703036e+01	2.943594e+02
2.460000e-06	5.538208e-09	2.524011e-09	2.697448e+01	2.936870e+02
2.470000e-06	5.526336e-09	2.526112e-09	2.691666e+01	2.929620e+02
2.480000e-06	5.513326e-09	2.536076e-09	2.685329e+01	2.921845e+02
2.490000e-06	5.498697e-09	2.524564e-09	2.678204e+01	2.913547e+02
2.500000e-06	5.483090e-09	2.506882e-09	2.670602e+01	2.904728e+02
2.510000e-06	5.466817e-09	2.493023e-09	2.662676e+01	2.895388e+02
2.520000e-06	5.449380e-09	2.438839e-09	2.654183e+01	2.885531e+02
2.530000e-06	5.430865e-09	2.408021e-09	2.645166e+01	2.875156e+02
2.540000e-06	5.411722e-09	2.428030e-09	2.635842e+01	2.864267e+02
2.550000e-06	5.391633e-09	2.413924e-09	2.626057e+01	2.852865e+02
2.560000e-06	5.370345e-09	2.357682e-09	2.615689e+01	2.840952e+02
2.570000e-06	5.348152e-09	2.369315e-09	2.604879e+01	2.828531e+02
2.580000e-06	5.324974e-09	2.378160e-09	2.593590e+01	2.815604e+02
2.590000e-06	5.300635e-09	2.329099e-09	2.581736e+01	2.802172e+02
2.600000e-06	5.275466e-09	2.323993e-09	2.569477e+01	2.788239e+02
2.610000e-06	5.249563e-09	2.333698e-09	2.556860e+01	2.773806e+02
2.620000e-06	5.222721e-09	2.307353e-09	2.543787e+01	2.758877e+02
2.630000e-06	5.195092e-09	2.318926e-09	2.530330e+01	2.743454e+02
2.640000e-06	5.166633e-09	2.348266e-09	2.516469e+01	2.727540e+02
2.650000e-06	5.136919e-09	2.313141e-09	2.501996e+01	2.711138e+02
2.660000e-06	5.106002e-09	2.281817e-09	2.486937e+01	2.694250e+02
2.670000e-06	5.074233e-09	2.274913e-09	2.471464e+01	2.676881e+02
2.680000e-06	5.041654e-09	2.244325e-09	2.455596e+01	2.659031e+02
2.690000e-06	5.008256e-09	2.248845e-09	2.439329e+01	2.640706e+02
2.700000e-06	4.973997e-09	2.240927e-09	2.422643e+01	2.621909e+02
2.710000e-06	4.938913e-09	2.199975e-09	2.405555e+01	2.602642e+02
2.720000e-06	4.903178e-09	2.201813e-09	2.388150e+01	2.582909e+02
2.730000e-06	4.866583e-09	2.183910e-09	2.370326e+01	2.562714e+02
2.740000e-06	4.828802e-09	2.151595e-09	2.351924e+01	2.542060e+02
2.750000e-06	4.789949e-09	2.144739e-09	2.333000e+01	2.520951e+02
2.760000e-06	4.750304e-09	2.110689e-09	2.313690e+01	2.499391e+02
2.770000e-06	4.709942e-09	2.088024e-09	2.294032e+01	2.477383e+02
2.780000e-06	4.668818e-09	2.096017e-09	2.274002e+01	2.454933e+02
2.790000e-06	4.626900e-09	2.077826e-09	2.253585e+01	2.432042e+02
2.800000e-06	4.584210e-09	2.048529e-09	2.232792e+01	2.408717e+02
2.810000e-06	4.540855e-09	2.025732e-09	2.211676e+01	2.384960e+02
2.820000e-06	4.496880e-09	1.996727e-09	2.190257e+01	2.360777e+02
2.830000e-06	4.452129e-09	1.982553e-09	2.168461e+01	2.336171e+02
2.840000e-06	4.406483e-09	1.975108e-09	2.146228e+01	2.311147e+02
2.850000e-06	4.360034e-09	1.952707e-09	2.123605e+01	2.285710e+02
2.860000e-06	4.312878e-09	1.929162e-09	2.100637e+01	2.259863e+02
2.870000e-06	4.264898e-09	1.900825e-09	2.077268e+01	2.233612e+02
2.880000e-06	4.216010e-09	1.876658e-09	2.053456e+01	2.206962e+02
2.890000e-06	4.166344e-09	1.858242e-09	2.029266e+01	2.179916e+02
2.900000e-06	4.115951e-09	1.828832e-09	2.004722e+01	2.152481e+02
2.910000e-06	4.064808e-09	1.804813e-09	1.979812e+01	2.124660e+02
2.920000e-06	4.012924e-09	1.782584e-09	1.954541e+01	2.096459e+02
2.930000e-06	3.960162e-09	1.761630e-09	1.928843e+01	2.067884e+02
2.940000e-06	3.906313e-09	1.742601e-09	1.902615e+01	2.038938e+02
2.950000e-06	3.851464e-09	1.708792e-09	1.875900e+01	2.009627e+02
2.960000e-06	3.795951e-09	1.678885e-09	1.848862e+01	1.979957e+02
2.970000e-06	3.739925e-09	1.652875e-09	1.821574e+01	1.949933e+02
2.980000e-06	3.683296e-09	1.630781e-09	1.793992e+01	1.919560e+02
2.990000e-06	3.626004e-09	1.615850e-09	1.766087e+01	1.888844e+02
3.000000e-06	3.568074e-09	1.586498e-09	1.737872e+01	1.857789e+02
3.010000e-06	3.509535e-09	1.555155e-09	1.709360e+01	1.826403e+02
3.020000e-06	3.450439e-09	1.525988e-09	1.680576e+01	1.794690e+02
3.030000e-06	3.390896e-09	1.498077e-09	1.651575e+01	1.762656e+02
3.040000e-06	3.330917e-09	1.476379e-09	1.622362e+01	1.730307e+02
3.050000e-06	3.270319e-09	1.447444e-09	1.592847e+01	1.697648e+02
3.060000e-06	3.208888e-09	1.419370e-09	1.562926e+01	1.664686e+02
3.070000e-06	3.146598e-09	1.392584e-09	1.532587e+01	1.631426e+02
3.080000e-06	3.083618e-09	1.363352e-09	1.501912e+01	1.597874e+02
3.090000e-06	3.020170e-09	1.333046e-09	1.471009e+01	1.564037e+02
3.100000e-06	2.956360e-09	1.294942e-09	1.439929e+01	1.529920e+02
3.110000e-06	2.892117e-09	1.260560e-09	1.408639e+01	1.495530e+02
3.120000e-06	2.827342e-09	1.231850e-09	1.377089e+01	1.460873e+02
3.130000e-06	2.762048e-09	1.207487e-09	1.345287e+01	1.425954e+02
3.140000e-06	2.696296e-09	1.184215e-09	1.313262e+01	1.390780e+02
3.150000e-06	2.630078e-09	1.150436e-09	1.281010e+01	1.355359e+02
3.160000e-06	2.563375e-09	1.113429e-09	1.248522e+01	1.319694e+02
3.170000e-06	2.496256e-09	1.077142e-09	1.215830e+01	1.283795e+02
3.180000e-06	2.428827e-09	1.045202e-09	1.182988e+01	1.247665e+02
3.190000e-06	2.361146e-09	1.017505e-09	1.150024e+01	1.211313e+02
3.200000e-06	2.293154e-09	9.871983e-10	1.116907e+01	1.174745e+02
3.210000e-06	2.224729e-09	9.580327e-10	1.083580e+01	1.137967e+02
3.220000e-06	2.155739e-09	9.271813e-10	1.049977e+01	1.100986e+02
3.230000e-06	2.086094e-09	8.946408e-10	1.016056e+01	1.063808e+02
3.240000e-06	2.015801e-09	8.607679e-10	9.818190e+00	1.026440e+02
3.250000e-06	1.944969e-09	8.234547e-10	9.473196e+00	9.888894e+01
3.260000e-06	1.873770e-09	7.885812e-10	9.126414e+00	9.511622e+01
3.270000e-06	1.802337e-09	7.554229e-10	8.778493e+00	9.132652e+01
3.280000e-06	1.730724e-09	7.252924e-10	8.429690e+00	8.752055e+01
3.290000e-06	1.658934e-09	6.958890e-10	8.080030e+00	8.369896e+01
3.300000e-06	1.586942e-09	6.621101e-10	7.729383e+00	7.986246e+01
3.310000e-06	1.514692e-09	6.273627e-10	7.377480e+00	7.601173e+01
3.320000e-06	1.442133e-09	5.916920e-10	7.024075e+00	7.214746e+01
3.330000e-06	1.369287e-09	5.580112e-10	6.669271e+00	6.827034e+01
3.340000e-06	1.296216e-09	5.252269e-10	6.313370e+00	6.438107e+01
3.350000e-06	1.222944e-09	4.904180e-10	5.956490e+00	6.048035e+01
3.360000e-06	1.149485e-09	4.558190e-10	5.598701e+00	5.656887e+01
3.370000e-06	1.075838e-09	4.204287e-10	5.239995e+00	5.264734e+01
3.380000e-06	1.002024e-09	3.865809e-10	4.880471e+00	4.871646e+01
3.390000e-06	9.280939e-10	3.523430e-10	4.520388e+00	4.477694e+01
3.400000e-06	8.540591e-10	3.166547e-10	4.159793e+00	4.082948e+01
3.410000e-06	7.798919e-10	2.824172e-10	3.798553e+00	3.687479e+01
3.420000e-06	7.055676e-10	2.491372e-10	3.436548e+00	3.291358e+01
3.430000e-06	6.310999e-10	2.184893e-10	3.073844e+00	2.894655e+01
3.440000e-06	5.565238e-10	1.866020e-10	2.710613e+00	2.497444e+01
3.450000e-06	4.818553e-10	1.517932e-10	2.346932e+00	2.099793e+01
3.460000e-06	4.070863e-10	1.165397e-10	1.982761e+00	1.701775e+01
3.470000e-06	3.322260e-10	8.172946e-11	1.618145e+00	1.303461e+01
3.480000e-06	2.573062e-10	4.952596e-11	1.253240e+00	9.049233e+00
3.490000e-06	1.823571e-10	1.678345e-11	8.881917e-01	5.062321e+00
3.500000e-06	1.073885e-10	-1.784550e-11	5.230484e-01	1.074595e+00
3.510000e-06	3.239962e-11	-5.380669e-11	1.578065e-01	-2.913231e+00
3.520000e-06	-4.260663e-11	-8.962307e-11	-2.075201e-01	-6.900441e+00
3.530000e-06	-1.176011e-10	-1.209208e-10	-5.727891e-01	-1.088632e+01
3.540000e-06	-1.925518e-10	-1.494717e-10	-9.378455e-01	-1.487015e+01
3.550000e-06	-2.674391e-10	-1.788402e-10	-1.302592e+00	-1.885123e+01
3.560000e-06	-3.422610e-10	-2.127620e-10	-1.667021e+00	-2.282882e+01
3.570000e-06	-4.170342e-10	-2.508303e-10	-2.031213e+00	-2.680224e+01
3.580000e-06	-4.917209e-10	-2.883863e-10	-2.394982e+00	-3.077075e+01
3.590000e-06	-5.662853e-10	-3.249878e-10	-2.758157e+00	-3.473364e+01
3.600000e-06	-6.407138e-10	-3.600832e-10	-3.120670e+00	-3.869022e+01
3.610000e-06	-7.150119e-10	-3.944026e-10	-3.482547e+00	-4.263976e+01
3.620000e-06	-7.891786e-10	-4.272768e-10	-3.843784e+00	-4.658157e+01
3.630000e-06	-8.631884e-10	-4.568661e-10	-4.204257e+00	-5.051492e+01
3.640000e-06	-9.370333e-10	-4.877094e-10	-4.563928e+00	-5.443912e+01
3.650000e-06	-1.010726e-09	-5.235009e-10	-4.922855e+00	-5.835346e+01
3.660000e-06	-1.084266e-09	-5.640573e-10	-5.281041e+00	-6.225725e+01
3.670000e-06	-1.157640e-09	-6.038286e-10	-5.638418e+00	-6.614977e+01
3.680000e-06	-1.230821e-09	-6.375516e-10	-5.994853e+00	-7.003034e+01
3.690000e-06	-1.303762e-09	-6.675559e-10	-6.350125e+00	-7.389826e+01
3.700000e-06	-1.376442e-09	-6.974717e-10	-6.704118e+00	-7.775282e+01
3.710000e-06	-1.448844e-09	-7.302420e-10	-7.056763e+00	-8.159335e+01
3.720000e-06	-1.520987e-09	-7.656666e-10	-7.408141e+00	-8.541915e+01
3.730000e-06	-1.592918e-09	-8.011399e-10	-7.758489e+00	-8.922954e+01
3.740000e-06	-1.664658e-09	-8.355271e-10	-8.107911e+00	-9.302383e+01
3.750000e-06	-1.736218e-09	-8.686502e-10	-8.456452e+00	-9.680134e+01
3.760000e-06	-1.807589e-09	-9.020113e-10	-8.804072e+00	-1.005614e+02
3.770000e-06	-1.878701e-09	-9.357661e-10	-9.150432e+00	-1.043033e+02
3.780000e-06	-1.949462e-09	-9.689553e-10	-9.495081e+00	-1.080265e+02
3.790000e-06	-2.019754e-09	-1.001189e-09	-9.837445e+00	-1.117301e+02
3.800000e-06	-2.089465e-09	-1.032944e-09	-1.017698e+01	-1.154136e+02
3.810000e-06	-2.158564e-09	-1.065798e-09	-1.051354e+01	-1.190764e+02
3.820000e-06	-2.227095e-09	-1.097914e-09	-1.084732e+01	-1.227177e+02
3.830000e-06	-2.295174e-09	-1.127878e-09	-1.117891e+01	-1.263368e+02
3.840000e-06	-2.362923e-09	-1.156607e-09	-1.150889e+01	-1.299333e+02
3.850000e-06	-2.430402e-09	-1.185564e-09	-1.183755e+01	-1.335063e+02
3.860000e-06	-2.497581e-09	-1.216554e-09	-1.216476e+01	-1.370553e+02
3.870000e-06	-2.564360e-09	-1.247605e-09	-1.249001e+01	-1.405796e+02
3.880000e-06	-2.630677e-09	-1.276740e-09	-1.281302e+01	-1.440786e+02
3.890000e-06	-2.696533e-09	-1.303880e-09	-1.313377e+01	-1.475517e+02
3.900000e-06	-2.761951e-09	-1.330495e-09	-1.345240e+01	-1.509982e+02
3.910000e-06	-2.826894e-09	-1.359246e-09	-1.376872e+01	-1.544176e+02
3.920000e-06	-2.891311e-09	-1.388780e-09	-1.408247e+01	-1.578091e+02
3.930000e-06	-2.955259e-09	-1.417257e-09	-1.439393e+01	-1.611723e+02
3.940000e-06	-3.018801e-09	-1.444177e-09	-1.470342e+01	-1.645064e+02
3.950000e-06	-3.081907e-09	-1.470226e-09	-1.501079e+01	-1.678110e+02
3.960000e-06	-3.144449e-09	-1.497313e-09	-1.531540e+01	-1.710854e+02
3.970000e-06	-3.206265e-09	-1.525052e-09	-1.561648e+01	-1.743290e+02
3.980000e-06	-3.267272e-09	-1.552210e-09	-1.591363e+01	-1.775412e+02
3.990000e-06	-3.327543e-09	-1.577165e-09	-1.620718e+01	-1.807215e+02
4.000000e-06	-3.387265e-09	-1.600790e-09	-1.649807e+01	-1.838693e+02
4.010000e-06	-3.446540e-09	-1.626925e-09	-1.678677e+01	-1.869840e+02
4.020000e-06	-3.505298e-09	-1.655331e-09	-1.707296e+01	-1.900651e+02
4.030000e-06	-3.563440e-09	-1.682970e-09	-1.735615e+01	-1.931120e+02
4.040000e-06	-3.620944e-09	-1.707163e-09	-1.763623e+01	-1.961242e+02
4.050000e-06	-3.677794e-09	-1.728495e-09	-1.791312e+01	-1.991011e+02
4.060000e-06	-3.734015e-09	-1.750360e-09	-1.818695e+01	-2.020422e+02
4.070000e-06	-3.789689e-09	-1.774115e-09	-1.845812e+01	-2.049470e+02
4.080000e-06	-3.844764e-09	-1.797807e-09	-1.872637e+01	-2.078149e+02
4.090000e-06	-3.899005e-09	-1.819601e-09	-1.899056e+01	-2.106454e+02
4.100000e-06	-3.952232e-09	-1.840918e-09	-1.924980e+01	-2.134381e+02
4.110000e-06	-4.004525e-09	-1.863656e-09	-1.950450e+01	-2.161924e+02
4.120000e-06	-4.056075e-09	-1.886941e-09	-1.975558e+01	-2.189079e+02
4.130000e-06	-4.106914e-09	-1.907603e-09	-2.000320e+01	-2.215840e+02
4.140000e-06	-4.156985e-09	-1.925316e-09	-2.024708e+01	-2.242202e+02
4.150000e-06	-4.206216e-09	-1.943629e-09	-2.048686e+01	-2.268162e+02
4.160000e-06	-4.254443e-09	-1.964695e-09	-2.072176e+01	-2.293713e+02
4.170000e-06	-4.301611e-09	-1.986774e-09	-2.095149e+01	-2.318853e+02
4.180000e-06	-4.347937e-09	-2.006761e-09	-2.117713e+01	-2.343575e+02
4.190000e-06	-4.393635e-09	-2.024078e-09	-2.139971e+01	-2.367877e+02
4.200000e-06	-4.438688e-09	-2.041383e-09	-2.161914e+01	-2.391752e+02
4.210000e-06	-4.483049e-09	-2.059454e-09	-2.183521e+01	-2.415198e+02
4.220000e-06	-4.526793e-09	-2.076473e-09	-2.204827e+01	-2.438210e+02
4.230000e-06	-4.569934e-09	-2.091825e-09	-2.225839e+01	-2.460783e+02
4.240000e-06	-4.612356e-09	-2.106279e-09	-2.246502e+01	-2.482914e+02
4.250000e-06	-4.654019e-09	-2.122677e-09	-2.266794e+01	-2.504599e+02
4.260000e-06	-4.694908e-09	-2.142551e-09	-2.286709e+01	-2.525834e+02
4.270000e-06	-4.735038e-09	-2.163439e-09	-2.306255e+01	-2.546615e+02
4.280000e-06	-4.774484e-09	-2.181082e-09	-2.325468e+01	-2.566938e+02
4.290000e-06	-4.813064e-09	-2.193695e-09	-2.344259e+01	-2.586800e+02
4.300000e-06	-4.850502e-09	-2.204814e-09	-2.362493e+01	-2.606197e+02
4.310000e-06	-4.886888e-09	-2.217948e-09	-2.380216e+01	-2.625125e+02
4.320000e-06	-4.922490e-09	-2.232660e-09	-2.397556e+01	-2.643582e+02
4.330000e-06	-4.957344e-09	-2.246239e-09	-2.414532e+01	-2.661564e+02
4.340000e-06	-4.991346e-09	-2.258381e-09	-2.431093e+01	-2.679068e+02
4.350000e-06	-5.024474e-09	-2.271576e-09	-2.447228e+01	-2.696090e+02
4.360000e-06	-5.056777e-09	-2.286048e-09	-2.462962e+01	-2.712627e+02
4.370000e-06	-5.088311e-09	-2.300275e-09	-2.478321e+01	-2.728677e+02
4.380000e-06	-5.118937e-09	-2.312071e-09	-2.493238e+01	-2.744237e+02
4.390000e-06	-5.148405e-09	-2.321174e-09	-2.507590e+01	-2.759304e+02
4.400000e-06	-5.176759e-09	-2.330583e-09	-2.521400e+01	-2.773875e+02
4.410000e-06	-5.204253e-09	-2.341785e-09	-2.534791e+01	-2.787947e+02
4.420000e-06	-5.230942e-09	-2.353469e-09	-2.547791e+01	-2.801518e+02
4.430000e-06	-5.256724e-09	-2.363053e-09	-2.560348e+01	-2.814587e+02
4.440000e-06	-5.281584e-09	-2.371690e-09	-2.572457e+01	-2.827149e+02
4.450000e-06	-5.305621e-09	-2.382703e-09	-2.584164e+01	-2.839203e+02
4.460000e-06	-5.328879e-09	-2.395793e-09	-2.595492e+01	-2.850747e+02
4.470000e-06	-5.351125e-09	-2.407282e-09	-2.606328e+01	-2.861779e+02
4.480000e-06	-5.372144e-09	-2.413118e-09	-2.616565e+01	-2.872297e+02
4.490000e-06	-5.392122e-09	-2.414037e-09	-2.626295e+01	-2.882299e+02
4.500000e-06	-5.411282e-09	-2.415936e-09	-2.635628e+01	-2.891783e+02
4.510000e-06	-5.429596e-09	-2.423573e-09	-2.644547e+01	-2.900747e+02
4.520000e-06	-5.446999e-09	-2.434691e-09	-2.653024e+01	-2.909190e+02
4.530000e-06	-5.463513e-09	-2.443159e-09	-2.661067e+01	-2.917110e+02
4.540000e-06	-5.479192e-09	-2.447395e-09	-2.668704e+01	-2.924507e+02
4.550000e-06	-5.493894e-09	-2.451245e-09	-2.675865e+01	-2.931377e+02
4.560000e-06	-5.507310e-09	-2.457100e-09	-2.682399e+01	-2.937721e+02
4.570000e-06	-5.519444e-09	-2.462727e-09	-2.688309e+01	-2.943538e+02
4.580000e-06	-5.530501e-09	-2.464712e-09	-2.693695e+01	-2.948825e+02
4.590000e-06	-5.540593e-09	-2.464016e-09	-2.698610e+01	-2.953583e+02
4.600000e-06	-5.549748e-09	-2.465301e-09	-2.703069e+01	-2.957810e+02
4.610000e-06	-5.558008e-09	-2.471249e-09	-2.707092e+01	-2.961505e+02
4.620000e-06	-5.565437e-09	-2.478521e-09	-2.710710e+01	-2.964669e+02
4.630000e-06	-5.571852e-09	-2.481110e-09	-2.713835e+01	-2.967300e+02
4.640000e-06	-5.577018e-09	-2.478875e-09	-2.716351e+01	-2.969397e+02
4.650000e-06	-5.581097e-09	-2.476757e-09	-2.718338e+01	-2.970961e+02
4.660000e-06	-5.584318e-09	-2.477467e-09	-2.719907e+01	-2.971992e+02
4.670000e-06	-5.586678e-09	-2.478713e-09	-2.721056e+01	-2.972488e+02
4.680000e-06	-5.588129e-09	-2.477131e-09	-2.721763e+01	-2.972451e+02
4.690000e-06	-5.588662e-09	-2.473434e-09	-2.722022e+01	-2.971879e+02
