# Temperatura_=_20.0
# Concentracion g/m^3_=_10000.0
# C_Vs_to_Am_M_A/Vsm_=_116720831517.84952
# pendiente_HvsI_1/m_=_3716.3
# ordenada_HvsI_A/m_=_1297.0
# frecuencia_Hz_=_135214.7997086808
# Promedio de 22 ciclos

Tiempo_(s)	Campo_(V.s)	Magnetizacion_(V.s)	Campo_(kA/m)	Magnetizacion_(A/m)
0.000000e+00	-7.467295e-09	-3.245537e-09	-3.842003e+01	-3.832657e+02
1.000000e-08	-7.467310e-09	-3.246471e-09	-3.842011e+01	-3.832269e+02
2.000000e-08	-7.467016e-09	-3.250200e-09	-3.841860e+01	-3.831604e+02
3.000000e-08	-7.466367e-09	-3.254022e-09	-3.841526e+01	-3.830663e+02
4.000000e-08	-7.465216e-09	-3.254889e-09	-3.840934e+01	-3.829445e+02
5.000000e-08	-7.463374e-09	-3.252450e-09	-3.839986e+01	-3.827950e+02
6.000000e-08	-7.460737e-09	-3.251894e-09	-3.838630e+01	-3.826179e+02
7.000000e-08	-7.457363e-09	-3.257623e-09	-3.836894e+01	-3.824131e+02
8.000000e-08	-7.453383e-09	-3.249735e-09	-3.834846e+01	-3.821807e+02
9.000000e-08	-7.448786e-09	-3.222556e-09	-3.832481e+01	-3.819208e+02
1.000000e-07	-7.443458e-09	-3.215879e-09	-3.829740e+01	-3.816332e+02
1.100000e-07	-7.437512e-09	-3.247226e-09	-3.826680e+01	-3.813181e+02
1.200000e-07	-7.431282e-09	-3.247144e-09	-3.823475e+01	-3.809754e+02
1.300000e-07	-7.424862e-09	-3.233568e-09	-3.820172e+01	-3.806052e+02
1.400000e-07	-7.417967e-09	-3.226543e-09	-3.816624e+01	-3.802076e+02
1.500000e-07	-7.410423e-09	-3.251811e-09	-3.812743e+01	-3.797824e+02
1.600000e-07	-7.402438e-09	-3.235678e-09	-3.808634e+01	-3.793299e+02
1.700000e-07	-7.394117e-09	-3.194540e-09	-3.804353e+01	-3.788499e+02
1.800000e-07	-7.385285e-09	-3.204314e-09	-3.799809e+01	-3.783426e+02
1.900000e-07	-7.375767e-09	-3.234127e-09	-3.794912e+01	-3.778079e+02
2.000000e-07	-7.365653e-09	-3.214015e-09	-3.789708e+01	-3.772460e+02
2.100000e-07	-7.355014e-09	-3.164690e-09	-3.784235e+01	-3.766568e+02
2.200000e-07	-7.343707e-09	-3.182163e-09	-3.778417e+01	-3.760404e+02
2.300000e-07	-7.331693e-09	-3.196639e-09	-3.772236e+01	-3.753969e+02
2.400000e-07	-7.319111e-09	-3.163558e-09	-3.765762e+01	-3.747262e+02
2.500000e-07	-7.306003e-09	-3.123150e-09	-3.759018e+01	-3.740285e+02
2.600000e-07	-7.292266e-09	-3.126262e-09	-3.751950e+01	-3.733038e+02
2.700000e-07	-7.277888e-09	-3.112976e-09	-3.744553e+01	-3.725521e+02
2.800000e-07	-7.262818e-09	-3.095811e-09	-3.736799e+01	-3.717734e+02
2.900000e-07	-7.246930e-09	-3.092419e-09	-3.728625e+01	-3.709680e+02
3.000000e-07	-7.230288e-09	-3.088338e-09	-3.720062e+01	-3.701357e+02
3.100000e-07	-7.213118e-09	-3.058806e-09	-3.711228e+01	-3.692767e+02
3.200000e-07	-7.195542e-09	-3.069785e-09	-3.702185e+01	-3.683911e+02
3.300000e-07	-7.177590e-09	-3.091790e-09	-3.692948e+01	-3.674788e+02
3.400000e-07	-7.159245e-09	-3.065269e-09	-3.683510e+01	-3.665400e+02
3.500000e-07	-7.140420e-09	-3.027150e-09	-3.673825e+01	-3.655747e+02
3.600000e-07	-7.121039e-09	-3.043371e-09	-3.663853e+01	-3.645830e+02
3.700000e-07	-7.101178e-09	-3.055891e-09	-3.653634e+01	-3.635650e+02
3.800000e-07	-7.080957e-09	-3.032639e-09	-3.643230e+01	-3.625207e+02
3.900000e-07	-7.060374e-09	-3.021518e-09	-3.632640e+01	-3.614503e+02
4.000000e-07	-7.039337e-09	-3.018988e-09	-3.621816e+01	-3.603537e+02
4.100000e-07	-7.017792e-09	-3.005012e-09	-3.610731e+01	-3.592311e+02
4.200000e-07	-6.995717e-09	-2.999867e-09	-3.599373e+01	-3.580826e+02
4.300000e-07	-6.973150e-09	-3.003311e-09	-3.587763e+01	-3.569082e+02
4.400000e-07	-6.950124e-09	-2.974475e-09	-3.575915e+01	-3.557080e+02
4.500000e-07	-6.926624e-09	-2.952050e-09	-3.563824e+01	-3.544821e+02
4.600000e-07	-6.902731e-09	-2.958537e-09	-3.551531e+01	-3.532306e+02
4.700000e-07	-6.878506e-09	-2.961812e-09	-3.539067e+01	-3.519536e+02
4.800000e-07	-6.853891e-09	-2.944225e-09	-3.526402e+01	-3.506512e+02
4.900000e-07	-6.828750e-09	-2.939295e-09	-3.513467e+01	-3.493235e+02
5.000000e-07	-6.802919e-09	-2.929083e-09	-3.500177e+01	-3.479705e+02
5.100000e-07	-6.776330e-09	-2.913184e-09	-3.486497e+01	-3.465924e+02
5.200000e-07	-6.749049e-09	-2.903238e-09	-3.472460e+01	-3.451893e+02
5.300000e-07	-6.721215e-09	-2.896997e-09	-3.458140e+01	-3.437612e+02
5.400000e-07	-6.693002e-09	-2.873689e-09	-3.443624e+01	-3.423083e+02
5.500000e-07	-6.664469e-09	-2.860611e-09	-3.428943e+01	-3.408306e+02
5.600000e-07	-6.635525e-09	-2.856860e-09	-3.414051e+01	-3.393284e+02
5.700000e-07	-6.606086e-09	-2.851964e-09	-3.398904e+01	-3.378016e+02
5.800000e-07	-6.576197e-09	-2.839994e-09	-3.383527e+01	-3.362505e+02
5.900000e-07	-6.545927e-09	-2.829958e-09	-3.367953e+01	-3.346750e+02
6.000000e-07	-6.515263e-09	-2.815704e-09	-3.352175e+01	-3.330754e+02
6.100000e-07	-6.484138e-09	-2.804267e-09	-3.336161e+01	-3.314518e+02
6.200000e-07	-6.452555e-09	-2.791991e-09	-3.319912e+01	-3.298041e+02
6.300000e-07	-6.420600e-09	-2.775171e-09	-3.303470e+01	-3.281327e+02
6.400000e-07	-6.388356e-09	-2.754540e-09	-3.286880e+01	-3.264376e+02
6.500000e-07	-6.355784e-09	-2.739868e-09	-3.270122e+01	-3.247188e+02
6.600000e-07	-6.322720e-09	-2.731609e-09	-3.253110e+01	-3.229767e+02
6.700000e-07	-6.288996e-09	-2.725281e-09	-3.235759e+01	-3.212112e+02
6.800000e-07	-6.254542e-09	-2.711416e-09	-3.218032e+01	-3.194224e+02
6.900000e-07	-6.219423e-09	-2.692409e-09	-3.199963e+01	-3.176107e+02
7.000000e-07	-6.183752e-09	-2.677591e-09	-3.181610e+01	-3.157759e+02
7.100000e-07	-6.147704e-09	-2.665158e-09	-3.163063e+01	-3.139184e+02
7.200000e-07	-6.111377e-09	-2.651589e-09	-3.144372e+01	-3.120382e+02
7.300000e-07	-6.074757e-09	-2.635628e-09	-3.125531e+01	-3.101355e+02
7.400000e-07	-6.037775e-09	-2.622427e-09	-3.106503e+01	-3.082103e+02
7.500000e-07	-6.000359e-09	-2.611206e-09	-3.087252e+01	-3.062629e+02
7.600000e-07	-5.962510e-09	-2.601578e-09	-3.067779e+01	-3.042934e+02
7.700000e-07	-5.924242e-09	-2.585535e-09	-3.048090e+01	-3.023018e+02
7.800000e-07	-5.885536e-09	-2.564387e-09	-3.028175e+01	-3.002885e+02
7.900000e-07	-5.846400e-09	-2.540602e-09	-3.008039e+01	-2.982534e+02
8.000000e-07	-5.806841e-09	-2.522325e-09	-2.987685e+01	-2.961968e+02
8.100000e-07	-5.766925e-09	-2.505048e-09	-2.967148e+01	-2.941189e+02
8.200000e-07	-5.726748e-09	-2.489294e-09	-2.946477e+01	-2.920196e+02
8.300000e-07	-5.686292e-09	-2.472996e-09	-2.925662e+01	-2.898993e+02
8.400000e-07	-5.645472e-09	-2.461456e-09	-2.904659e+01	-2.877580e+02
8.500000e-07	-5.604163e-09	-2.453665e-09	-2.883406e+01	-2.855960e+02
8.600000e-07	-5.562277e-09	-2.444962e-09	-2.861855e+01	-2.834133e+02
8.700000e-07	-5.519777e-09	-2.425309e-09	-2.839989e+01	-2.812101e+02
8.800000e-07	-5.476717e-09	-2.397925e-09	-2.817833e+01	-2.789866e+02
8.900000e-07	-5.433182e-09	-2.368886e-09	-2.795434e+01	-2.767430e+02
9.000000e-07	-5.389263e-09	-2.347247e-09	-2.772838e+01	-2.744794e+02
9.100000e-07	-5.345054e-09	-2.331840e-09	-2.750091e+01	-2.721959e+02
9.200000e-07	-5.300567e-09	-2.321335e-09	-2.727202e+01	-2.698928e+02
9.300000e-07	-5.255763e-09	-2.311428e-09	-2.704151e+01	-2.675702e+02
9.400000e-07	-5.210577e-09	-2.300763e-09	-2.680902e+01	-2.652282e+02
9.500000e-07	-5.164981e-09	-2.284301e-09	-2.657442e+01	-2.628671e+02
9.600000e-07	-5.119008e-09	-2.259136e-09	-2.633789e+01	-2.604870e+02
9.700000e-07	-5.072667e-09	-2.229111e-09	-2.609946e+01	-2.580881e+02
9.800000e-07	-5.025944e-09	-2.201356e-09	-2.585907e+01	-2.556706e+02
9.900000e-07	-4.978860e-09	-2.180747e-09	-2.561681e+01	-2.532345e+02
1.000000e-06	-4.931430e-09	-2.166629e-09	-2.537278e+01	-2.507802e+02
1.010000e-06	-4.883716e-09	-2.154756e-09	-2.512728e+01	-2.483077e+02
1.020000e-06	-4.835747e-09	-2.141061e-09	-2.488048e+01	-2.458173e+02
1.030000e-06	-4.787487e-09	-2.122970e-09	-2.463218e+01	-2.433092e+02
1.040000e-06	-4.738897e-09	-2.099981e-09	-2.438218e+01	-2.407835e+02
1.050000e-06	-4.689912e-09	-2.075872e-09	-2.413014e+01	-2.382403e+02
1.060000e-06	-4.640464e-09	-2.051384e-09	-2.387573e+01	-2.356800e+02
1.070000e-06	-4.590451e-09	-2.028692e-09	-2.361841e+01	-2.331026e+02
1.080000e-06	-4.539838e-09	-2.007103e-09	-2.335800e+01	-2.305084e+02
1.090000e-06	-4.488728e-09	-1.987368e-09	-2.309504e+01	-2.278976e+02
1.100000e-06	-4.437177e-09	-1.967343e-09	-2.282980e+01	-2.252702e+02
1.110000e-06	-4.385248e-09	-1.946178e-09	-2.256262e+01	-2.226266e+02
1.120000e-06	-4.333024e-09	-1.923530e-09	-2.229392e+01	-2.199669e+02
1.130000e-06	-4.280502e-09	-1.903025e-09	-2.202369e+01	-2.172914e+02
1.140000e-06	-4.227677e-09	-1.883774e-09	-2.175191e+01	-2.146001e+02
1.150000e-06	-4.174556e-09	-1.865722e-09	-2.147859e+01	-2.118933e+02
1.160000e-06	-4.121134e-09	-1.846357e-09	-2.120373e+01	-2.091712e+02
1.170000e-06	-4.067405e-09	-1.823864e-09	-2.092729e+01	-2.064339e+02
1.180000e-06	-4.013396e-09	-1.797618e-09	-2.064940e+01	-2.036818e+02
1.190000e-06	-3.959117e-09	-1.771431e-09	-2.037013e+01	-2.009150e+02
1.200000e-06	-3.904570e-09	-1.747896e-09	-2.008949e+01	-1.981336e+02
1.210000e-06	-3.849750e-09	-1.728753e-09	-1.980743e+01	-1.953379e+02
1.220000e-06	-3.794622e-09	-1.711416e-09	-1.952379e+01	-1.925281e+02
1.230000e-06	-3.739210e-09	-1.693170e-09	-1.923869e+01	-1.897043e+02
1.240000e-06	-3.683542e-09	-1.671170e-09	-1.895227e+01	-1.868669e+02
1.250000e-06	-3.627652e-09	-1.645664e-09	-1.866471e+01	-1.840160e+02
1.260000e-06	-3.571595e-09	-1.618208e-09	-1.837629e+01	-1.811517e+02
1.270000e-06	-3.515389e-09	-1.592427e-09	-1.808711e+01	-1.782744e+02
1.280000e-06	-3.459048e-09	-1.568582e-09	-1.779722e+01	-1.753842e+02
1.290000e-06	-3.402565e-09	-1.546155e-09	-1.750661e+01	-1.724813e+02
1.300000e-06	-3.345900e-09	-1.525983e-09	-1.721507e+01	-1.695659e+02
1.310000e-06	-3.289004e-09	-1.506105e-09	-1.692233e+01	-1.666383e+02
1.320000e-06	-3.231835e-09	-1.483933e-09	-1.662819e+01	-1.636987e+02
1.330000e-06	-3.174343e-09	-1.459206e-09	-1.633239e+01	-1.607472e+02
1.340000e-06	-3.116474e-09	-1.434373e-09	-1.603465e+01	-1.577841e+02
1.350000e-06	-3.058184e-09	-1.410217e-09	-1.573474e+01	-1.548095e+02
1.360000e-06	-2.999508e-09	-1.386156e-09	-1.543285e+01	-1.518238e+02
1.370000e-06	-2.940486e-09	-1.360855e-09	-1.512917e+01	-1.488271e+02
1.380000e-06	-2.881167e-09	-1.335170e-09	-1.482397e+01	-1.458197e+02
1.390000e-06	-2.821610e-09	-1.309964e-09	-1.451754e+01	-1.428017e+02
1.400000e-06	-2.761836e-09	-1.286437e-09	-1.421000e+01	-1.397734e+02
1.410000e-06	-2.701896e-09	-1.264630e-09	-1.390160e+01	-1.367350e+02
1.420000e-06	-2.641817e-09	-1.242903e-09	-1.359249e+01	-1.336867e+02
1.430000e-06	-2.581612e-09	-1.218134e-09	-1.328273e+01	-1.306287e+02
1.440000e-06	-2.521308e-09	-1.191550e-09	-1.297245e+01	-1.275613e+02
1.450000e-06	-2.460922e-09	-1.164171e-09	-1.266176e+01	-1.244847e+02
1.460000e-06	-2.400415e-09	-1.137803e-09	-1.235045e+01	-1.213990e+02
1.470000e-06	-2.339774e-09	-1.112441e-09	-1.203844e+01	-1.183046e+02
1.480000e-06	-2.278976e-09	-1.087870e-09	-1.172563e+01	-1.152016e+02
1.490000e-06	-2.217996e-09	-1.063600e-09	-1.141188e+01	-1.120903e+02
1.500000e-06	-2.156871e-09	-1.040372e-09	-1.109739e+01	-1.089709e+02
1.510000e-06	-2.095600e-09	-1.016330e-09	-1.078215e+01	-1.058436e+02
1.520000e-06	-2.034193e-09	-9.902776e-10	-1.046620e+01	-1.027086e+02
1.530000e-06	-1.972646e-09	-9.621488e-10	-1.014953e+01	-9.956624e+01
1.540000e-06	-1.910966e-09	-9.329491e-10	-9.832180e+00	-9.641665e+01
1.550000e-06	-1.849172e-09	-9.022275e-10	-9.514248e+00	-9.326008e+01
1.560000e-06	-1.787270e-09	-8.721653e-10	-9.195754e+00	-9.009677e+01
1.570000e-06	-1.725252e-09	-8.450631e-10	-8.876663e+00	-8.692693e+01
1.580000e-06	-1.663111e-09	-8.195122e-10	-8.556941e+00	-8.375081e+01
1.590000e-06	-1.600875e-09	-7.941756e-10	-8.236728e+00	-8.056862e+01
1.600000e-06	-1.538542e-09	-7.680566e-10	-7.916022e+00	-7.738060e+01
1.610000e-06	-1.476112e-09	-7.412201e-10	-7.594812e+00	-7.418697e+01
1.620000e-06	-1.413565e-09	-7.145269e-10	-7.273002e+00	-7.098798e+01
1.630000e-06	-1.350888e-09	-6.881504e-10	-6.950521e+00	-6.778384e+01
1.640000e-06	-1.288095e-09	-6.600239e-10	-6.627445e+00	-6.457480e+01
1.650000e-06	-1.225207e-09	-6.302068e-10	-6.303881e+00	-6.136107e+01
1.660000e-06	-1.162239e-09	-6.009650e-10	-5.979903e+00	-5.814291e+01
1.670000e-06	-1.099190e-09	-5.741546e-10	-5.655508e+00	-5.492052e+01
1.680000e-06	-1.036085e-09	-5.486887e-10	-5.330828e+00	-5.169416e+01
1.690000e-06	-9.729203e-10	-5.231038e-10	-5.005838e+00	-4.846405e+01
1.700000e-06	-9.096953e-10	-4.960074e-10	-4.680539e+00	-4.523042e+01
1.710000e-06	-8.464224e-10	-4.677107e-10	-4.354993e+00	-4.199351e+01
1.720000e-06	-7.830793e-10	-4.385696e-10	-4.029086e+00	-3.875355e+01
1.730000e-06	-7.196520e-10	-4.091040e-10	-3.702746e+00	-3.551078e+01
1.740000e-06	-6.561810e-10	-3.801378e-10	-3.376181e+00	-3.226543e+01
1.750000e-06	-5.926656e-10	-3.519321e-10	-3.049387e+00	-2.901774e+01
1.760000e-06	-5.290788e-10	-3.251041e-10	-2.722227e+00	-2.576793e+01
1.770000e-06	-4.654640e-10	-2.996335e-10	-2.394921e+00	-2.251624e+01
1.780000e-06	-4.018403e-10	-2.727628e-10	-2.067570e+00	-1.926292e+01
1.790000e-06	-3.382035e-10	-2.440438e-10	-1.740152e+00	-1.600818e+01
1.800000e-06	-2.745384e-10	-2.147736e-10	-1.412588e+00	-1.275228e+01
1.810000e-06	-2.108626e-10	-1.864747e-10	-1.084969e+00	-9.495431e+00
1.820000e-06	-1.471986e-10	-1.590212e-10	-7.574102e-01	-6.237885e+00
1.830000e-06	-8.353889e-11	-1.308408e-10	-4.298737e-01	-2.979872e+00
1.840000e-06	-1.989370e-11	-1.002563e-10	-1.024121e-01	2.783732e-01
1.850000e-06	4.373999e-11	-6.801117e-11	2.249903e-01	3.536615e+00
1.860000e-06	1.073822e-10	-3.637107e-11	5.524366e-01	6.794619e+00
1.870000e-06	1.710284e-10	-8.213690e-12	8.799031e-01	1.005215e+01
1.880000e-06	2.346729e-10	1.600824e-11	1.207361e+00	1.330897e+01
1.890000e-06	2.983134e-10	4.126433e-11	1.534799e+00	1.656485e+01
1.900000e-06	3.619410e-10	7.219562e-11	1.862170e+00	1.981955e+01
1.910000e-06	4.255474e-10	1.065354e-10	2.189432e+00	2.307283e+01
1.920000e-06	4.891167e-10	1.377516e-10	2.516503e+00	2.632447e+01
1.930000e-06	5.526422e-10	1.638393e-10	2.843349e+00	2.957422e+01
1.940000e-06	6.161179e-10	1.898213e-10	3.169938e+00	3.282186e+01
1.950000e-06	6.795427e-10	2.196113e-10	3.496266e+00	3.606714e+01
1.960000e-06	7.429115e-10	2.525401e-10	3.822305e+00	3.930984e+01
1.970000e-06	8.062083e-10	2.847688e-10	4.147974e+00	4.254971e+01
1.980000e-06	8.694479e-10	3.134745e-10	4.473349e+00	4.578653e+01
1.990000e-06	9.326241e-10	3.397019e-10	4.798397e+00	4.902007e+01
2.000000e-06	9.957192e-10	3.647316e-10	5.123028e+00	5.225008e+01
2.010000e-06	1.058727e-09	3.910456e-10	5.447210e+00	5.547634e+01
2.020000e-06	1.121664e-09	4.191534e-10	5.771026e+00	5.869861e+01
2.030000e-06	1.184545e-09	4.499314e-10	6.094558e+00	6.191666e+01
2.040000e-06	1.247360e-09	4.846105e-10	6.417749e+00	6.513026e+01
2.050000e-06	1.310087e-09	5.200725e-10	6.740485e+00	6.833917e+01
2.060000e-06	1.372719e-09	5.506271e-10	7.062734e+00	7.154317e+01
2.070000e-06	1.435268e-09	5.738729e-10	7.384553e+00	7.474202e+01
2.080000e-06	1.497711e-09	5.949369e-10	7.705828e+00	7.793549e+01
2.090000e-06	1.560033e-09	6.213100e-10	8.026486e+00	8.112336e+01
2.100000e-06	1.622230e-09	6.548428e-10	8.346492e+00	8.430538e+01
2.110000e-06	1.684288e-09	6.914242e-10	8.665789e+00	8.748134e+01
2.120000e-06	1.746208e-09	7.256146e-10	8.984372e+00	9.065100e+01
2.130000e-06	1.807991e-09	7.553015e-10	9.302255e+00	9.381413e+01
2.140000e-06	1.869650e-09	7.823073e-10	9.619496e+00	9.697051e+01
2.150000e-06	1.931171e-09	8.094841e-10	9.936028e+00	1.001199e+02
2.160000e-06	1.992538e-09	8.373635e-10	1.025177e+01	1.032621e+02
2.170000e-06	2.053764e-09	8.652368e-10	1.056678e+01	1.063968e+02
2.180000e-06	2.114854e-09	8.948535e-10	1.088110e+01	1.095239e+02
2.190000e-06	2.175817e-09	9.283040e-10	1.119476e+01	1.126431e+02
2.200000e-06	2.236645e-09	9.624837e-10	1.150773e+01	1.157542e+02
2.210000e-06	2.297325e-09	9.920747e-10	1.181993e+01	1.188570e+02
2.220000e-06	2.357869e-09	1.016508e-09	1.213144e+01	1.219511e+02
2.230000e-06	2.418296e-09	1.040054e-09	1.244234e+01	1.250365e+02
2.240000e-06	2.478613e-09	1.066633e-09	1.275268e+01	1.281129e+02
2.250000e-06	2.538821e-09	1.097170e-09	1.306246e+01	1.311801e+02
2.260000e-06	2.598917e-09	1.128615e-09	1.337166e+01	1.342378e+02
2.270000e-06	2.658887e-09	1.156828e-09	1.368021e+01	1.372858e+02
2.280000e-06	2.718702e-09	1.182618e-09	1.398796e+01	1.403240e+02
2.290000e-06	2.778343e-09	1.209519e-09	1.429482e+01	1.433520e+02
2.300000e-06	2.837773e-09	1.238216e-09	1.460060e+01	1.463697e+02
2.310000e-06	2.896949e-09	1.264868e-09	1.490506e+01	1.493769e+02
2.320000e-06	2.955827e-09	1.289122e-09	1.520800e+01	1.523732e+02
2.330000e-06	3.014358e-09	1.315018e-09	1.550915e+01	1.553586e+02
2.340000e-06	3.072524e-09	1.343804e-09	1.580842e+01	1.583329e+02
2.350000e-06	3.130326e-09	1.373896e-09	1.610581e+01	1.612956e+02
2.360000e-06	3.187772e-09	1.402038e-09	1.640138e+01	1.642468e+02
2.370000e-06	3.244890e-09	1.427195e-09	1.669526e+01	1.671862e+02
2.380000e-06	3.301726e-09	1.451563e-09	1.698768e+01	1.701134e+02
2.390000e-06	3.358339e-09	1.478238e-09	1.727897e+01	1.730285e+02
2.400000e-06	3.414754e-09	1.506652e-09	1.756923e+01	1.759310e+02
2.410000e-06	3.470990e-09	1.534562e-09	1.785857e+01	1.788209e+02
2.420000e-06	3.527077e-09	1.559855e-09	1.814714e+01	1.816978e+02
2.430000e-06	3.582981e-09	1.583926e-09	1.843477e+01	1.845617e+02
2.440000e-06	3.638678e-09	1.609852e-09	1.872134e+01	1.874123e+02
2.450000e-06	3.694157e-09	1.635691e-09	1.900679e+01	1.902494e+02
2.460000e-06	3.749394e-09	1.659859e-09	1.929099e+01	1.930727e+02
2.470000e-06	3.804381e-09	1.683634e-09	1.957390e+01	1.958821e+02
2.480000e-06	3.859094e-09	1.710070e-09	1.985541e+01	1.986774e+02
2.490000e-06	3.913540e-09	1.740520e-09	2.013554e+01	2.014584e+02
2.500000e-06	3.967721e-09	1.771069e-09	2.041430e+01	2.042249e+02
2.510000e-06	4.021631e-09	1.797035e-09	2.069168e+01	2.069766e+02
2.520000e-06	4.075249e-09	1.818153e-09	2.096755e+01	2.097134e+02
2.530000e-06	4.128548e-09	1.839364e-09	2.124178e+01	2.124351e+02
2.540000e-06	4.181550e-09	1.862332e-09	2.151448e+01	2.151415e+02
2.550000e-06	4.234247e-09	1.886769e-09	2.178561e+01	2.178323e+02
2.560000e-06	4.286632e-09	1.912726e-09	2.205514e+01	2.205075e+02
2.570000e-06	4.338694e-09	1.939267e-09	2.232300e+01	2.231667e+02
2.580000e-06	4.390423e-09	1.966176e-09	2.258915e+01	2.258099e+02
2.590000e-06	4.441761e-09	1.992408e-09	2.285329e+01	2.284368e+02
2.600000e-06	4.492602e-09	2.015997e-09	2.311487e+01	2.310472e+02
2.610000e-06	4.542923e-09	2.035492e-09	2.337378e+01	2.336409e+02
2.620000e-06	4.592709e-09	2.054743e-09	2.362994e+01	2.362178e+02
2.630000e-06	4.641997e-09	2.077937e-09	2.388353e+01	2.387777e+02
2.640000e-06	4.690876e-09	2.104730e-09	2.413502e+01	2.413204e+02
2.650000e-06	4.739427e-09	2.131538e-09	2.438482e+01	2.438456e+02
2.660000e-06	4.787704e-09	2.156197e-09	2.463321e+01	2.463533e+02
2.670000e-06	4.835712e-09	2.178701e-09	2.488022e+01	2.488432e+02
2.680000e-06	4.883437e-09	2.201273e-09	2.512576e+01	2.513151e+02
2.690000e-06	4.930822e-09	2.224738e-09	2.536957e+01	2.537689e+02
2.700000e-06	4.977845e-09	2.246982e-09	2.561150e+01	2.562045e+02
2.710000e-06	5.024506e-09	2.266789e-09	2.585158e+01	2.586215e+02
2.720000e-06	5.070812e-09	2.285981e-09	2.608983e+01	2.610199e+02
2.730000e-06	5.116785e-09	2.307803e-09	2.632637e+01	2.633995e+02
2.740000e-06	5.162412e-09	2.331471e-09	2.656112e+01	2.657601e+02
2.750000e-06	5.207668e-09	2.354323e-09	2.679397e+01	2.681015e+02
2.760000e-06	5.252577e-09	2.375211e-09	2.702503e+01	2.704236e+02
2.770000e-06	5.297190e-09	2.395945e-09	2.725457e+01	2.727262e+02
2.780000e-06	5.341556e-09	2.418375e-09	2.748284e+01	2.750091e+02
2.790000e-06	5.385686e-09	2.440409e-09	2.770989e+01	2.772722e+02
2.800000e-06	5.429539e-09	2.460784e-09	2.793552e+01	2.795153e+02
2.810000e-06	5.473005e-09	2.479880e-09	2.815916e+01	2.817382e+02
2.820000e-06	5.515925e-09	2.498870e-09	2.837999e+01	2.839408e+02
2.830000e-06	5.558217e-09	2.519151e-09	2.859759e+01	2.861229e+02
2.840000e-06	5.599878e-09	2.539093e-09	2.881194e+01	2.882844e+02
2.850000e-06	5.640983e-09	2.558273e-09	2.902343e+01	2.904251e+02
2.860000e-06	5.681671e-09	2.578278e-09	2.923277e+01	2.925448e+02
2.870000e-06	5.722049e-09	2.599411e-09	2.944052e+01	2.946435e+02
2.880000e-06	5.762161e-09	2.619886e-09	2.964690e+01	2.967209e+02
2.890000e-06	5.801970e-09	2.639124e-09	2.985172e+01	2.987769e+02
2.900000e-06	5.841398e-09	2.656869e-09	3.005458e+01	3.008114e+02
2.910000e-06	5.880389e-09	2.672692e-09	3.025520e+01	3.028241e+02
2.920000e-06	5.918960e-09	2.689315e-09	3.045365e+01	3.048150e+02
2.930000e-06	5.957114e-09	2.707502e-09	3.064996e+01	3.067840e+02
2.940000e-06	5.994833e-09	2.726147e-09	3.084402e+01	3.087308e+02
2.950000e-06	6.032143e-09	2.743353e-09	3.103599e+01	3.106553e+02
2.960000e-06	6.069070e-09	2.759760e-09	3.122598e+01	3.125574e+02
2.970000e-06	6.105662e-09	2.778982e-09	3.141425e+01	3.144370e+02
2.980000e-06	6.141962e-09	2.799671e-09	3.160102e+01	3.162939e+02
2.990000e-06	6.177980e-09	2.817586e-09	3.178634e+01	3.181280e+02
3.000000e-06	6.213629e-09	2.830271e-09	3.196976e+01	3.199392e+02
3.010000e-06	6.248763e-09	2.840530e-09	3.215052e+01	3.217272e+02
3.020000e-06	6.283269e-09	2.851127e-09	3.232806e+01	3.234921e+02
3.030000e-06	6.317069e-09	2.863998e-09	3.250197e+01	3.252336e+02
3.040000e-06	6.350190e-09	2.880713e-09	3.267238e+01	3.269517e+02
3.050000e-06	6.382811e-09	2.900280e-09	3.284021e+01	3.286462e+02
3.060000e-06	6.415094e-09	2.920125e-09	3.300632e+01	3.303170e+02
3.070000e-06	6.447076e-09	2.935952e-09	3.317087e+01	3.319640e+02
3.080000e-06	6.478684e-09	2.947749e-09	3.333349e+01	3.335870e+02
3.090000e-06	6.509821e-09	2.957830e-09	3.349370e+01	3.351859e+02
3.100000e-06	6.540489e-09	2.968258e-09	3.365149e+01	3.367607e+02
3.110000e-06	6.570724e-09	2.979941e-09	3.380705e+01	3.383112e+02
3.120000e-06	6.600506e-09	2.992892e-09	3.396028e+01	3.398373e+02
3.130000e-06	6.629843e-09	3.007793e-09	3.411122e+01	3.413389e+02
3.140000e-06	6.658771e-09	3.024665e-09	3.426007e+01	3.428158e+02
3.150000e-06	6.687342e-09	3.041217e-09	3.440707e+01	3.442680e+02
3.160000e-06	6.715615e-09	3.053050e-09	3.455254e+01	3.456954e+02
3.170000e-06	6.743558e-09	3.060203e-09	3.469631e+01	3.470979e+02
3.180000e-06	6.771055e-09	3.066742e-09	3.483778e+01	3.484753e+02
3.190000e-06	6.797912e-09	3.075724e-09	3.497596e+01	3.498276e+02
3.200000e-06	6.823981e-09	3.087570e-09	3.511009e+01	3.511546e+02
3.210000e-06	6.849307e-09	3.098646e-09	3.524040e+01	3.524563e+02
3.220000e-06	6.874045e-09	3.106963e-09	3.536768e+01	3.537326e+02
3.230000e-06	6.898363e-09	3.115464e-09	3.549279e+01	3.549834e+02
3.240000e-06	6.922313e-09	3.125105e-09	3.561602e+01	3.562086e+02
3.250000e-06	6.945812e-09	3.134506e-09	3.573693e+01	3.574081e+02
3.260000e-06	6.968808e-09	3.142498e-09	3.585524e+01	3.585818e+02
3.270000e-06	6.991321e-09	3.150131e-09	3.597108e+01	3.597296e+02
3.280000e-06	7.013371e-09	3.158937e-09	3.608453e+01	3.608515e+02
3.290000e-06	7.034953e-09	3.168375e-09	3.619557e+01	3.619473e+02
3.300000e-06	7.056042e-09	3.178066e-09	3.630408e+01	3.630171e+02
3.310000e-06	7.076695e-09	3.186703e-09	3.641034e+01	3.640606e+02
3.320000e-06	7.097016e-09	3.193552e-09	3.651489e+01	3.650779e+02
3.330000e-06	7.117002e-09	3.199641e-09	3.661772e+01	3.660689e+02
3.340000e-06	7.136559e-09	3.206592e-09	3.671835e+01	3.670334e+02
3.350000e-06	7.155578e-09	3.214517e-09	3.681620e+01	3.679715e+02
3.360000e-06	7.174013e-09	3.223435e-09	3.691105e+01	3.688831e+02
3.370000e-06	7.191937e-09	3.233201e-09	3.700327e+01	3.697680e+02
3.380000e-06	7.209434e-09	3.242959e-09	3.709330e+01	3.706262e+02
3.390000e-06	7.226525e-09	3.251321e-09	3.718123e+01	3.714578e+02
3.400000e-06	7.243141e-09	3.256831e-09	3.726672e+01	3.722625e+02
3.410000e-06	7.259099e-09	3.259118e-09	3.734883e+01	3.730404e+02
3.420000e-06	7.274351e-09	3.260267e-09	3.742730e+01	3.737913e+02
3.430000e-06	7.288981e-09	3.263930e-09	3.750258e+01	3.745153e+02
3.440000e-06	7.303051e-09	3.270491e-09	3.757497e+01	3.752123e+02
3.450000e-06	7.316597e-09	3.278024e-09	3.764467e+01	3.758822e+02
3.460000e-06	7.329605e-09	3.285156e-09	3.771159e+01	3.765250e+02
3.470000e-06	7.342100e-09	3.291497e-09	3.777588e+01	3.771407e+02
3.480000e-06	7.354100e-09	3.296851e-09	3.783762e+01	3.777291e+02
3.490000e-06	7.365512e-09	3.299825e-09	3.789634e+01	3.782903e+02
3.500000e-06	7.376184e-09	3.300502e-09	3.795125e+01	3.788242e+02
3.510000e-06	7.386031e-09	3.301244e-09	3.800191e+01	3.793307e+02
3.520000e-06	7.395138e-09	3.304128e-09	3.804877e+01	3.798100e+02
3.530000e-06	7.403723e-09	3.309101e-09	3.809294e+01	3.802618e+02
3.540000e-06	7.411931e-09	3.314214e-09	3.813517e+01	3.806861e+02
3.550000e-06	7.419751e-09	3.318355e-09	3.817541e+01	3.810831e+02
3.560000e-06	7.427097e-09	3.320887e-09	3.821320e+01	3.814525e+02
3.570000e-06	7.433889e-09	3.321999e-09	3.824815e+01	3.817944e+02
3.580000e-06	7.440130e-09	3.322998e-09	3.828026e+01	3.821088e+02
3.590000e-06	7.445849e-09	3.323384e-09	3.830969e+01	3.823956e+02
3.600000e-06	7.451045e-09	3.323272e-09	3.833642e+01	3.826548e+02
3.610000e-06	7.455776e-09	3.323627e-09	3.836076e+01	3.828864e+02
3.620000e-06	7.460150e-09	3.324788e-09	3.838327e+01	3.830904e+02
3.630000e-06	7.464165e-09	3.327558e-09	3.840393e+01	3.832668e+02
3.640000e-06	7.467689e-09	3.330557e-09	3.842206e+01	3.834155e+02
3.650000e-06	7.470552e-09	3.331444e-09	3.843679e+01	3.835366e+02
3.660000e-06	7.472636e-09	3.328723e-09	3.844751e+01	3.836299e+02
3.670000e-06	7.473969e-09	3.324101e-09	3.845437e+01	3.836957e+02
3.680000e-06	7.474715e-09	3.320261e-09	3.845821e+01	3.837337e+02
3.690000e-06	7.475046e-09	3.318573e-09	3.845991e+01	3.837441e+02
3.700000e-06	7.475001e-09	3.320546e-09	3.845968e+01	3.837267e+02
3.710000e-06	7.474497e-09	3.323776e-09	3.845709e+01	3.836817e+02
3.720000e-06	7.473466e-09	3.325204e-09	3.845179e+01	3.836090e+02
3.730000e-06	7.471947e-09	3.323912e-09	3.844397e+01	3.835087e+02
3.740000e-06	7.469970e-09	3.319104e-09	3.843380e+01	3.833807e+02
3.750000e-06	7.467479e-09	3.311443e-09	3.842098e+01	3.832250e+02
3.760000e-06	7.464506e-09	3.297981e-09	3.840568e+01	3.830417e+02
3.770000e-06	7.461135e-09	3.297711e-09	3.838834e+01	3.828307e+02
3.780000e-06	7.457330e-09	3.327712e-09	3.836877e+01	3.825921e+02
3.790000e-06	7.452750e-09	3.324824e-09	3.834520e+01	3.823260e+02
3.800000e-06	7.447049e-09	3.278990e-09	3.831587e+01	3.820322e+02
3.810000e-06	7.440478e-09	3.272396e-09	3.828206e+01	3.817109e+02
3.820000e-06	7.433624e-09	3.281738e-09	3.824680e+01	3.813621e+02
3.830000e-06	7.426644e-09	3.286259e-09	3.821089e+01	3.809857e+02
3.840000e-06	7.419195e-09	3.247749e-09	3.817256e+01	3.805819e+02
3.850000e-06	7.411142e-09	3.252425e-09	3.813113e+01	3.801506e+02
3.860000e-06	7.402768e-09	3.301887e-09	3.808804e+01	3.796919e+02
3.870000e-06	7.394127e-09	3.274393e-09	3.804358e+01	3.792058e+02
3.880000e-06	7.384886e-09	3.213284e-09	3.799604e+01	3.786923e+02
3.890000e-06	7.374942e-09	3.221748e-09	3.794488e+01	3.781516e+02
3.900000e-06	7.364539e-09	3.292068e-09	3.789135e+01	3.775835e+02
3.910000e-06	7.353789e-09	3.253998e-09	3.783604e+01	3.769882e+02
3.920000e-06	7.342447e-09	3.187376e-09	3.777769e+01	3.763657e+02
3.930000e-06	7.330409e-09	3.211710e-09	3.771575e+01	3.757161e+02
3.940000e-06	7.317797e-09	3.263770e-09	3.765086e+01	3.750394e+02
3.950000e-06	7.304467e-09	3.223800e-09	3.758228e+01	3.743356e+02
3.960000e-06	7.290207e-09	3.190450e-09	3.750891e+01	3.736048e+02
3.970000e-06	7.275178e-09	3.218174e-09	3.743159e+01	3.728471e+02
3.980000e-06	7.259708e-09	3.222011e-09	3.735199e+01	3.720624e+02
3.990000e-06	7.243838e-09	3.183442e-09	3.727034e+01	3.712509e+02
4.000000e-06	7.227472e-09	3.192591e-09	3.718613e+01	3.704127e+02
4.010000e-06	7.210652e-09	3.212007e-09	3.709960e+01	3.695477e+02
4.020000e-06	7.193383e-09	3.163868e-09	3.701075e+01	3.686561e+02
4.030000e-06	7.175595e-09	3.139794e-09	3.691922e+01	3.677379e+02
4.040000e-06	7.157299e-09	3.180475e-09	3.682509e+01	3.667931e+02
4.050000e-06	7.138551e-09	3.181201e-09	3.672863e+01	3.658219e+02
4.060000e-06	7.119392e-09	3.125010e-09	3.663005e+01	3.648243e+02
4.070000e-06	7.099874e-09	3.130650e-09	3.652963e+01	3.638004e+02
4.080000e-06	7.080016e-09	3.149207e-09	3.642746e+01	3.627502e+02
4.090000e-06	7.059653e-09	3.129237e-09	3.632269e+01	3.616739e+02
4.100000e-06	7.038508e-09	3.118641e-09	3.621390e+01	3.605715e+02
4.110000e-06	7.016523e-09	3.125959e-09	3.610078e+01	3.594431e+02
4.120000e-06	6.993886e-09	3.085525e-09	3.598432e+01	3.582887e+02
4.130000e-06	6.970751e-09	3.059536e-09	3.586528e+01	3.571085e+02
4.140000e-06	6.947210e-09	3.075659e-09	3.574416e+01	3.559025e+02
4.150000e-06	6.923289e-09	3.072284e-09	3.562109e+01	3.546709e+02
4.160000e-06	6.898924e-09	3.043378e-09	3.549573e+01	3.534137e+02
4.170000e-06	6.874085e-09	3.044238e-09	3.536793e+01	3.521310e+02
4.180000e-06	6.848774e-09	3.037870e-09	3.523770e+01	3.508229e+02
4.190000e-06	6.822966e-09	3.017661e-09	3.510491e+01	3.494895e+02
4.200000e-06	6.796653e-09	3.011334e-09	3.496953e+01	3.481309e+02
4.210000e-06	6.769860e-09	2.997928e-09	3.483168e+01	3.467471e+02
4.220000e-06	6.742663e-09	2.966410e-09	3.469175e+01	3.453384e+02
4.230000e-06	6.715114e-09	2.957872e-09	3.455001e+01	3.439047e+02
4.240000e-06	6.687226e-09	2.962152e-09	3.440652e+01	3.424463e+02
4.250000e-06	6.658875e-09	2.948952e-09	3.426065e+01	3.409631e+02
4.260000e-06	6.629909e-09	2.930409e-09	3.411162e+01	3.394554e+02
4.270000e-06	6.600257e-09	2.912777e-09	3.395906e+01	3.379231e+02
4.280000e-06	6.569925e-09	2.895984e-09	3.380300e+01	3.363665e+02
4.290000e-06	6.539016e-09	2.883445e-09	3.364397e+01	3.347856e+02
4.300000e-06	6.507651e-09	2.867910e-09	3.348259e+01	3.331806e+02
4.310000e-06	6.475919e-09	2.843529e-09	3.331933e+01	3.315515e+02
4.320000e-06	6.443826e-09	2.828439e-09	3.315420e+01	3.298986e+02
4.330000e-06	6.411323e-09	2.818078e-09	3.298698e+01	3.282218e+02
4.340000e-06	6.378353e-09	2.809022e-09	3.281734e+01	3.265214e+02
4.350000e-06	6.344934e-09	2.798072e-09	3.264540e+01	3.247974e+02
4.360000e-06	6.311120e-09	2.778491e-09	3.247142e+01	3.230499e+02
4.370000e-06	6.276877e-09	2.753349e-09	3.229523e+01	3.212792e+02
4.380000e-06	6.242165e-09	2.740129e-09	3.211664e+01	3.194853e+02
4.390000e-06	6.207032e-09	2.726575e-09	3.193588e+01	3.176684e+02
4.400000e-06	6.171578e-09	2.710467e-09	3.175346e+01	3.158285e+02
4.410000e-06	6.135855e-09	2.694683e-09	3.156966e+01	3.139659e+02
4.420000e-06	6.099866e-09	2.678501e-09	3.138450e+01	3.120806e+02
4.430000e-06	6.063474e-09	2.660534e-09	3.119726e+01	3.101728e+02
4.440000e-06	6.026477e-09	2.647939e-09	3.100690e+01	3.082427e+02
4.450000e-06	5.988766e-09	2.629454e-09	3.081288e+01	3.062903e+02
4.460000e-06	5.950340e-09	2.605437e-09	3.061518e+01	3.043158e+02
4.470000e-06	5.911359e-09	2.581952e-09	3.041461e+01	3.023194e+02
4.480000e-06	5.871977e-09	2.562719e-09	3.021199e+01	3.003011e+02
4.490000e-06	5.832279e-09	2.546323e-09	3.000773e+01	2.982612e+02
4.500000e-06	5.792272e-09	2.532983e-09	2.980190e+01	2.961998e+02
4.510000e-06	5.751889e-09	2.516884e-09	2.959412e+01	2.941170e+02
4.520000e-06	5.711108e-09	2.497797e-09	2.938430e+01	2.920131e+02
4.530000e-06	5.669948e-09	2.476388e-09	2.917253e+01	2.898880e+02
4.540000e-06	5.628405e-09	2.451749e-09	2.895878e+01	2.877421e+02
4.550000e-06	5.586499e-09	2.427049e-09	2.874317e+01	2.855753e+02
4.560000e-06	5.544202e-09	2.404954e-09	2.852555e+01	2.833880e+02
4.570000e-06	5.501509e-09	2.386414e-09	2.830589e+01	2.811803e+02
4.580000e-06	5.458487e-09	2.371063e-09	2.808454e+01	2.789523e+02
4.590000e-06	5.415175e-09	2.355603e-09	2.786170e+01	2.767041e+02
4.600000e-06	5.371590e-09	2.337563e-09	2.763745e+01	2.744361e+02
4.610000e-06	5.327741e-09	2.317609e-09	2.741184e+01	2.721482e+02
4.620000e-06	5.283607e-09	2.292851e-09	2.718477e+01	2.698407e+02
4.630000e-06	5.239103e-09	2.266935e-09	2.695579e+01	2.675137e+02
4.640000e-06	5.194162e-09	2.242288e-09	2.672456e+01	2.651674e+02
4.650000e-06	5.148779e-09	2.220543e-09	2.649106e+01	2.628020e+02
4.660000e-06	5.102995e-09	2.199814e-09	2.625550e+01	2.604177e+02
4.670000e-06	5.056890e-09	2.179208e-09	2.601828e+01	2.580146e+02
4.680000e-06	5.010500e-09	2.156575e-09	2.577960e+01	2.555928e+02
4.690000e-06	4.963851e-09	2.134497e-09	2.553959e+01	2.531527e+02
4.700000e-06	4.916902e-09	2.113992e-09	2.529803e+01	2.506943e+02
4.710000e-06	4.869585e-09	2.094741e-09	2.505458e+01	2.482178e+02
4.720000e-06	4.821894e-09	2.071445e-09	2.480921e+01	2.457234e+02
4.730000e-06	4.773759e-09	2.045420e-09	2.456155e+01	2.432113e+02
4.740000e-06	4.725148e-09	2.019563e-09	2.431144e+01	2.406816e+02
4.750000e-06	4.676096e-09	1.997040e-09	2.405906e+01	2.381346e+02
4.760000e-06	4.626656e-09	1.975694e-09	2.380469e+01	2.355704e+02
4.770000e-06	4.576870e-09	1.954234e-09	2.354854e+01	2.329892e+02
4.780000e-06	4.526745e-09	1.932358e-09	2.329064e+01	2.303913e+02
4.790000e-06	4.476275e-09	1.911400e-09	2.303096e+01	2.277767e+02
4.800000e-06	4.425442e-09	1.892106e-09	2.276942e+01	2.251457e+02
4.810000e-06	4.374277e-09	1.873154e-09	2.250617e+01	2.224984e+02
4.820000e-06	4.322833e-09	1.849507e-09	2.224149e+01	2.198352e+02
4.830000e-06	4.271093e-09	1.821559e-09	2.197528e+01	2.171560e+02
4.840000e-06	4.219046e-09	1.794466e-09	2.170750e+01	2.144612e+02
4.850000e-06	4.166649e-09	1.772533e-09	2.143791e+01	2.117510e+02
4.860000e-06	4.113835e-09	1.754245e-09	2.116617e+01	2.090255e+02
4.870000e-06	4.060554e-09	1.734472e-09	2.089204e+01	2.062849e+02
4.880000e-06	4.006789e-09	1.711669e-09	2.061541e+01	2.035294e+02
4.890000e-06	3.952577e-09	1.687603e-09	2.033649e+01	2.007592e+02
4.900000e-06	3.897940e-09	1.664545e-09	2.005537e+01	1.979746e+02
4.910000e-06	3.842929e-09	1.641188e-09	1.977233e+01	1.951757e+02
4.920000e-06	3.787631e-09	1.615736e-09	1.948782e+01	1.923628e+02
4.930000e-06	3.732139e-09	1.586857e-09	1.920231e+01	1.895360e+02
4.940000e-06	3.676492e-09	1.557749e-09	1.891600e+01	1.866955e+02
4.950000e-06	3.620645e-09	1.531458e-09	1.862866e+01	1.838415e+02
4.960000e-06	3.564589e-09	1.508010e-09	1.834025e+01	1.809743e+02
4.970000e-06	3.508331e-09	1.484100e-09	1.805079e+01	1.780941e+02
4.980000e-06	3.451862e-09	1.459084e-09	1.776025e+01	1.752010e+02
4.990000e-06	3.395167e-09	1.433124e-09	1.746856e+01	1.722952e+02
5.000000e-06	3.338229e-09	1.408064e-09	1.717560e+01	1.693771e+02
5.010000e-06	3.281048e-09	1.383423e-09	1.688140e+01	1.664468e+02
5.020000e-06	3.223612e-09	1.355296e-09	1.658589e+01	1.635044e+02
5.030000e-06	3.165941e-09	1.323720e-09	1.628916e+01	1.605503e+02
5.040000e-06	3.108027e-09	1.292511e-09	1.599119e+01	1.575846e+02
5.050000e-06	3.049871e-09	1.264304e-09	1.569197e+01	1.546075e+02
5.060000e-06	2.991509e-09	1.240125e-09	1.539169e+01	1.516193e+02
5.070000e-06	2.932929e-09	1.216068e-09	1.509029e+01	1.486202e+02
5.080000e-06	2.874120e-09	1.190389e-09	1.478771e+01	1.456103e+02
5.090000e-06	2.815124e-09	1.164640e-09	1.448417e+01	1.425900e+02
5.100000e-06	2.755975e-09	1.140695e-09	1.417984e+01	1.395594e+02
5.110000e-06	2.696679e-09	1.114630e-09	1.387476e+01	1.365187e+02
5.120000e-06	2.637250e-09	1.083110e-09	1.356899e+01	1.334682e+02
5.130000e-06	2.577704e-09	1.048835e-09	1.326262e+01	1.304081e+02
5.140000e-06	2.518047e-09	1.016446e-09	1.295568e+01	1.273386e+02
5.150000e-06	2.458277e-09	9.880474e-10	1.264816e+01	1.242599e+02
5.160000e-06	2.398393e-09	9.623711e-10	1.234004e+01	1.211723e+02
5.170000e-06	2.338370e-09	9.370307e-10	1.203122e+01	1.180759e+02
5.180000e-06	2.278182e-09	9.109183e-10	1.172155e+01	1.149710e+02
5.190000e-06	2.217793e-09	8.863386e-10	1.141084e+01	1.118578e+02
5.200000e-06	2.157194e-09	8.628271e-10	1.109905e+01	1.087366e+02
5.210000e-06	2.096413e-09	8.375617e-10	1.078632e+01	1.056076e+02
5.220000e-06	2.035444e-09	8.071044e-10	1.047264e+01	1.024709e+02
5.230000e-06	1.974293e-09	7.732932e-10	1.015801e+01	9.932686e+01
5.240000e-06	1.912943e-09	7.412572e-10	9.842354e+00	9.617567e+01
5.250000e-06	1.851361e-09	7.145266e-10	9.525512e+00	9.301756e+01
5.260000e-06	1.789589e-09	6.904418e-10	9.207686e+00	8.985274e+01
5.270000e-06	1.727629e-09	6.656682e-10	8.888896e+00	8.668146e+01
5.280000e-06	1.665474e-09	6.411149e-10	8.569103e+00	8.350394e+01
5.290000e-06	1.603133e-09	6.168456e-10	8.248354e+00	8.032040e+01
5.300000e-06	1.540625e-09	5.925791e-10	7.926745e+00	7.713109e+01
5.310000e-06	1.477953e-09	5.655588e-10	7.604291e+00	7.393622e+01
5.320000e-06	1.415127e-09	5.342098e-10	7.281044e+00	7.073604e+01
5.330000e-06	1.352189e-09	5.011011e-10	6.957221e+00	6.753076e+01
5.340000e-06	1.289149e-09	4.703382e-10	6.632872e+00	6.432063e+01
5.350000e-06	1.226023e-09	4.443876e-10	6.308085e+00	6.110587e+01
5.360000e-06	1.162815e-09	4.200946e-10	5.982873e+00	5.788672e+01
5.370000e-06	1.099537e-09	3.927680e-10	5.657298e+00	5.466340e+01
5.380000e-06	1.036211e-09	3.636016e-10	5.331479e+00	5.143616e+01
5.390000e-06	9.728422e-10	3.350203e-10	5.005441e+00	4.820522e+01
5.400000e-06	9.094310e-10	3.082988e-10	4.679183e+00	4.497082e+01
5.410000e-06	8.459679e-10	2.817695e-10	4.352658e+00	4.173319e+01
5.420000e-06	7.824512e-10	2.535236e-10	4.025857e+00	3.849256e+01
5.430000e-06	7.189027e-10	2.243566e-10	3.698893e+00	3.524917e+01
5.440000e-06	6.553236e-10	1.962530e-10	3.371771e+00	3.200325e+01
5.450000e-06	5.917081e-10	1.710103e-10	3.044462e+00	2.875504e+01
5.460000e-06	5.280477e-10	1.458716e-10	2.716922e+00	2.550477e+01
5.470000e-06	4.643454e-10	1.190869e-10	2.389167e+00	2.225268e+01
5.480000e-06	4.006404e-10	9.166614e-11	2.061397e+00	1.899900e+01
5.490000e-06	3.369342e-10	6.577139e-11	1.733622e+00	1.574396e+01
5.500000e-06	2.732108e-10	4.138286e-11	1.405757e+00	1.248780e+01
5.510000e-06	2.094846e-10	1.552460e-11	1.077879e+00	9.230758e+00
5.520000e-06	1.457634e-10	-1.312502e-11	7.500259e-01	5.973065e+00
5.530000e-06	8.203989e-11	-4.354941e-11	4.221615e-01	2.714958e+00
5.540000e-06	1.831438e-11	-7.205609e-11	9.428662e-02	-5.433281e-01
5.550000e-06	-4.538840e-11	-9.613839e-11	-2.334715e-01	-3.801559e+00
5.560000e-06	-1.090956e-10	-1.176853e-10	-5.612522e-01	-7.059498e+00
5.570000e-06	-1.728279e-10	-1.407832e-10	-8.891620e-01	-1.031691e+01
5.580000e-06	-2.365633e-10	-1.686512e-10	-1.217088e+00	-1.357356e+01
5.590000e-06	-3.002815e-10	-2.006744e-10	-1.544925e+00	-1.682922e+01
5.600000e-06	-3.639653e-10	-2.321858e-10	-1.872586e+00	-2.008364e+01
5.610000e-06	-4.276369e-10	-2.602038e-10	-2.200184e+00	-2.333660e+01
5.620000e-06	-4.913009e-10	-2.854142e-10	-2.527742e+00	-2.658786e+01
5.630000e-06	-5.549376e-10	-3.102629e-10	-2.855160e+00	-2.983718e+01
5.640000e-06	-6.185538e-10	-3.362943e-10	-3.182473e+00	-3.308433e+01
5.650000e-06	-6.821276e-10	-3.624478e-10	-3.509567e+00	-3.632908e+01
5.660000e-06	-7.456374e-10	-3.891360e-10	-3.836333e+00	-3.957119e+01
5.670000e-06	-8.091070e-10	-4.170831e-10	-4.162891e+00	-4.281042e+01
5.680000e-06	-8.725284e-10	-4.472312e-10	-4.489201e+00	-4.604655e+01
5.690000e-06	-9.358973e-10	-4.782192e-10	-4.815241e+00	-4.927934e+01
5.700000e-06	-9.992315e-10	-5.062959e-10	-5.141103e+00	-5.250855e+01
5.710000e-06	-1.062519e-09	-5.296333e-10	-5.466727e+00	-5.573396e+01
5.720000e-06	-1.125748e-09	-5.515779e-10	-5.792046e+00	-5.895533e+01
5.730000e-06	-1.188911e-09	-5.768838e-10	-6.117024e+00	-6.217243e+01
5.740000e-06	-1.251973e-09	-6.062135e-10	-6.441489e+00	-6.538502e+01
5.750000e-06	-1.314940e-09	-6.363435e-10	-6.765459e+00	-6.859287e+01
5.760000e-06	-1.377825e-09	-6.640453e-10	-7.089010e+00	-7.179576e+01
5.770000e-06	-1.440586e-09	-6.910177e-10	-7.411922e+00	-7.499345e+01
5.780000e-06	-1.503199e-09	-7.188193e-10	-7.734072e+00	-7.818571e+01
5.790000e-06	-1.565646e-09	-7.461905e-10	-8.055367e+00	-8.137231e+01
5.800000e-06	-1.627906e-09	-7.715010e-10	-8.375703e+00	-8.455302e+01
5.810000e-06	-1.690005e-09	-7.950671e-10	-8.695206e+00	-8.772761e+01
5.820000e-06	-1.751922e-09	-8.193545e-10	-9.013777e+00	-9.089586e+01
5.830000e-06	-1.813627e-09	-8.468363e-10	-9.331255e+00	-9.405752e+01
5.840000e-06	-1.875103e-09	-8.762489e-10	-9.647554e+00	-9.721238e+01
5.850000e-06	-1.936356e-09	-9.033108e-10	-9.962709e+00	-1.003602e+02
5.860000e-06	-1.997417e-09	-9.261727e-10	-1.027687e+01	-1.035008e+02
5.870000e-06	-2.058269e-09	-9.465920e-10	-1.058996e+01	-1.066338e+02
5.880000e-06	-2.118901e-09	-9.700100e-10	-1.090192e+01	-1.097592e+02
5.890000e-06	-2.179350e-09	-9.987154e-10	-1.121294e+01	-1.128766e+02
5.900000e-06	-2.239633e-09	-1.028430e-09	-1.152310e+01	-1.159859e+02
5.910000e-06	-2.299734e-09	-1.054961e-09	-1.183233e+01	-1.190868e+02
5.920000e-06	-2.359697e-09	-1.078083e-09	-1.214084e+01	-1.221790e+02
5.930000e-06	-2.419551e-09	-1.101722e-09	-1.244880e+01	-1.252625e+02
5.940000e-06	-2.479273e-09	-1.128064e-09	-1.275607e+01	-1.283368e+02
5.950000e-06	-2.538877e-09	-1.155652e-09	-1.306275e+01	-1.314019e+02
5.960000e-06	-2.598383e-09	-1.182493e-09	-1.336891e+01	-1.344575e+02
5.970000e-06	-2.657775e-09	-1.207597e-09	-1.367449e+01	-1.375034e+02
5.980000e-06	-2.717033e-09	-1.232216e-09	-1.397938e+01	-1.405393e+02
5.990000e-06	-2.776135e-09	-1.257516e-09	-1.428346e+01	-1.435650e+02
6.000000e-06	-2.835056e-09	-1.283030e-09	-1.458662e+01	-1.465804e+02
6.010000e-06	-2.893784e-09	-1.307341e-09	-1.488878e+01	-1.495852e+02
6.020000e-06	-2.952312e-09	-1.331625e-09	-1.518991e+01	-1.525792e+02
6.030000e-06	-3.010610e-09	-1.357391e-09	-1.548986e+01	-1.555621e+02
6.040000e-06	-3.068674e-09	-1.382721e-09	-1.578861e+01	-1.585338e+02
6.050000e-06	-3.126522e-09	-1.405676e-09	-1.608624e+01	-1.614941e+02
6.060000e-06	-3.184125e-09	-1.426361e-09	-1.638262e+01	-1.644426e+02
6.070000e-06	-3.241484e-09	-1.446760e-09	-1.667773e+01	-1.673793e+02
6.080000e-06	-3.298612e-09	-1.469014e-09	-1.697166e+01	-1.703039e+02
6.090000e-06	-3.355487e-09	-1.493777e-09	-1.726429e+01	-1.732162e+02
6.100000e-06	-3.412095e-09	-1.518524e-09	-1.755555e+01	-1.761159e+02
6.110000e-06	-3.468446e-09	-1.540822e-09	-1.784548e+01	-1.790029e+02
6.120000e-06	-3.524565e-09	-1.561526e-09	-1.813422e+01	-1.818770e+02
6.130000e-06	-3.580498e-09	-1.582849e-09	-1.842200e+01	-1.847380e+02
6.140000e-06	-3.636272e-09	-1.604848e-09	-1.870896e+01	-1.875855e+02
6.150000e-06	-3.691883e-09	-1.627455e-09	-1.899509e+01	-1.904196e+02
6.160000e-06	-3.747328e-09	-1.650800e-09	-1.928036e+01	-1.932399e+02
6.170000e-06	-3.802554e-09	-1.674752e-09	-1.956450e+01	-1.960462e+02
6.180000e-06	-3.857469e-09	-1.699495e-09	-1.984705e+01	-1.988383e+02
6.190000e-06	-3.912025e-09	-1.724016e-09	-2.012775e+01	-2.016161e+02
6.200000e-06	-3.966155e-09	-1.746616e-09	-2.040625e+01	-2.043793e+02
6.210000e-06	-4.019792e-09	-1.766926e-09	-2.068222e+01	-2.071277e+02
6.220000e-06	-4.072943e-09	-1.788118e-09	-2.095568e+01	-2.098612e+02
6.230000e-06	-4.125656e-09	-1.811355e-09	-2.122690e+01	-2.125795e+02
6.240000e-06	-4.177993e-09	-1.834876e-09	-2.149618e+01	-2.152824e+02
6.250000e-06	-4.230004e-09	-1.857591e-09	-2.176378e+01	-2.179698e+02
6.260000e-06	-4.281732e-09	-1.880502e-09	-2.202992e+01	-2.206414e+02
6.270000e-06	-4.333200e-09	-1.904328e-09	-2.229474e+01	-2.232971e+02
6.280000e-06	-4.384393e-09	-1.927803e-09	-2.255813e+01	-2.259367e+02
6.290000e-06	-4.435269e-09	-1.948916e-09	-2.281989e+01	-2.285599e+02
6.300000e-06	-4.485813e-09	-1.966366e-09	-2.307994e+01	-2.311667e+02
6.310000e-06	-4.535987e-09	-1.983230e-09	-2.333810e+01	-2.337567e+02
6.320000e-06	-4.585756e-09	-2.004080e-09	-2.359417e+01	-2.363298e+02
6.330000e-06	-4.635155e-09	-2.028175e-09	-2.384833e+01	-2.388859e+02
6.340000e-06	-4.684125e-09	-2.051247e-09	-2.410028e+01	-2.414247e+02
6.350000e-06	-4.732587e-09	-2.071501e-09	-2.434963e+01	-2.439460e+02
6.360000e-06	-4.780543e-09	-2.090135e-09	-2.459637e+01	-2.464497e+02
6.370000e-06	-4.827968e-09	-2.109853e-09	-2.484037e+01	-2.489357e+02
6.380000e-06	-4.874951e-09	-2.132271e-09	-2.508210e+01	-2.514036e+02
6.390000e-06	-4.921594e-09	-2.154557e-09	-2.532209e+01	-2.538534e+02
6.400000e-06	-4.967919e-09	-2.173703e-09	-2.556043e+01	-2.562848e+02
6.410000e-06	-5.013995e-09	-2.189889e-09	-2.579750e+01	-2.586977e+02
6.420000e-06	-5.059851e-09	-2.207352e-09	-2.603343e+01	-2.610920e+02
6.430000e-06	-5.105461e-09	-2.228118e-09	-2.626811e+01	-2.634673e+02
6.440000e-06	-5.150778e-09	-2.249647e-09	-2.650126e+01	-2.658237e+02
6.450000e-06	-5.195733e-09	-2.270729e-09	-2.673256e+01	-2.681608e+02
6.460000e-06	-5.240304e-09	-2.290968e-09	-2.696189e+01	-2.704786e+02
6.470000e-06	-5.284508e-09	-2.310742e-09	-2.718932e+01	-2.727768e+02
6.480000e-06	-5.328406e-09	-2.330317e-09	-2.741518e+01	-2.750553e+02
6.490000e-06	-5.372079e-09	-2.349668e-09	-2.763988e+01	-2.773139e+02
6.500000e-06	-5.415526e-09	-2.367342e-09	-2.786343e+01	-2.795526e+02
6.510000e-06	-5.458680e-09	-2.384373e-09	-2.808546e+01	-2.817710e+02
6.520000e-06	-5.501482e-09	-2.403562e-09	-2.830568e+01	-2.839690e+02
6.530000e-06	-5.543907e-09	-2.424543e-09	-2.852396e+01	-2.861466e+02
6.540000e-06	-5.585954e-09	-2.444500e-09	-2.874030e+01	-2.883035e+02
6.550000e-06	-5.627634e-09	-2.461279e-09	-2.895474e+01	-2.904395e+02
6.560000e-06	-5.668950e-09	-2.477333e-09	-2.916732e+01	-2.925546e+02
6.570000e-06	-5.709884e-09	-2.494736e-09	-2.937793e+01	-2.946485e+02
6.580000e-06	-5.750382e-09	-2.511729e-09	-2.958630e+01	-2.967212e+02
6.590000e-06	-5.790470e-09	-2.526383e-09	-2.979255e+01	-2.987724e+02
6.600000e-06	-5.830248e-09	-2.537778e-09	-2.999721e+01	-3.008020e+02
6.610000e-06	-5.869745e-09	-2.550652e-09	-3.020043e+01	-3.028099e+02
6.620000e-06	-5.908927e-09	-2.568957e-09	-3.040203e+01	-3.047960e+02
6.630000e-06	-5.947686e-09	-2.590184e-09	-3.060145e+01	-3.067600e+02
6.640000e-06	-5.985870e-09	-2.610298e-09	-3.079791e+01	-3.087018e+02
6.650000e-06	-6.023406e-09	-2.626773e-09	-3.099104e+01	-3.106214e+02
6.660000e-06	-6.060297e-09	-2.640313e-09	-3.118084e+01	-3.125185e+02
6.670000e-06	-6.096636e-09	-2.651932e-09	-3.136782e+01	-3.143931e+02
6.680000e-06	-6.132561e-09	-2.662274e-09	-3.155265e+01	-3.162449e+02
6.690000e-06	-6.168181e-09	-2.673595e-09	-3.173592e+01	-3.180739e+02
6.700000e-06	-6.203525e-09	-2.688512e-09	-3.191777e+01	-3.198799e+02
6.710000e-06	-6.238495e-09	-2.707125e-09	-3.209770e+01	-3.216629e+02
6.720000e-06	-6.273024e-09	-2.726786e-09	-3.227535e+01	-3.234225e+02
6.730000e-06	-6.307103e-09	-2.743630e-09	-3.245069e+01	-3.251589e+02
6.740000e-06	-6.340703e-09	-2.755000e-09	-3.262357e+01	-3.268717e+02
6.750000e-06	-6.373853e-09	-2.762396e-09	-3.279413e+01	-3.285609e+02
6.760000e-06	-6.406537e-09	-2.770873e-09	-3.296229e+01	-3.302264e+02
6.770000e-06	-6.438765e-09	-2.784176e-09	-3.312811e+01	-3.318680e+02
6.780000e-06	-6.470628e-09	-2.799947e-09	-3.329205e+01	-3.334857e+02
6.790000e-06	-6.502175e-09	-2.814211e-09	-3.345436e+01	-3.350793e+02
6.800000e-06	-6.533346e-09	-2.826970e-09	-3.361474e+01	-3.366487e+02
6.810000e-06	-6.563991e-09	-2.840041e-09	-3.377241e+01	-3.381937e+02
6.820000e-06	-6.593970e-09	-2.854306e-09	-3.392666e+01	-3.397144e+02
6.830000e-06	-6.623228e-09	-2.866304e-09	-3.407719e+01	-3.412105e+02
6.840000e-06	-6.651805e-09	-2.873709e-09	-3.422422e+01	-3.426819e+02
6.850000e-06	-6.679872e-09	-2.879924e-09	-3.436863e+01	-3.441286e+02
6.860000e-06	-6.707605e-09	-2.890423e-09	-3.451132e+01	-3.455505e+02
6.870000e-06	-6.735036e-09	-2.906995e-09	-3.465246e+01	-3.469474e+02
6.880000e-06	-6.762071e-09	-2.924451e-09	-3.479156e+01	-3.483192e+02
6.890000e-06	-6.788609e-09	-2.936834e-09	-3.492810e+01	-3.496658e+02
6.900000e-06	-6.814634e-09	-2.944848e-09	-3.506200e+01	-3.509873e+02
6.910000e-06	-6.840161e-09	-2.953642e-09	-3.519334e+01	-3.522833e+02
6.920000e-06	-6.865199e-09	-2.965414e-09	-3.532216e+01	-3.535539e+02
6.930000e-06	-6.889760e-09	-2.976103e-09	-3.544853e+01	-3.547990e+02
6.940000e-06	-6.913880e-09	-2.982389e-09	-3.557263e+01	-3.560185e+02
6.950000e-06	-6.937641e-09	-2.987217e-09	-3.569488e+01	-3.572122e+02
6.960000e-06	-6.961090e-09	-2.997350e-09	-3.581553e+01	-3.583802e+02
6.970000e-06	-6.984123e-09	-3.014237e-09	-3.593404e+01	-3.595222e+02
6.980000e-06	-7.006549e-09	-3.029341e-09	-3.604943e+01	-3.606383e+02
6.990000e-06	-7.028208e-09	-3.037073e-09	-3.616086e+01	-3.617284e+02
7.000000e-06	-7.049107e-09	-3.041482e-09	-3.626839e+01	-3.627923e+02
7.010000e-06	-7.069375e-09	-3.049619e-09	-3.637267e+01	-3.638300e+02
7.020000e-06	-7.089210e-09	-3.061728e-09	-3.647473e+01	-3.648414e+02
7.030000e-06	-7.108736e-09	-3.071681e-09	-3.657519e+01	-3.658265e+02
7.040000e-06	-7.127883e-09	-3.076152e-09	-3.667370e+01	-3.667852e+02
7.050000e-06	-7.146541e-09	-3.078823e-09	-3.676970e+01	-3.677174e+02
7.060000e-06	-7.164700e-09	-3.087032e-09	-3.686313e+01	-3.686230e+02
7.070000e-06	-7.182405e-09	-3.101033e-09	-3.695423e+01	-3.695020e+02
7.080000e-06	-7.199651e-09	-3.113772e-09	-3.704296e+01	-3.703543e+02
7.090000e-06	-7.216401e-09	-3.119588e-09	-3.712914e+01	-3.711798e+02
7.100000e-06	-7.232655e-09	-3.122901e-09	-3.721277e+01	-3.719786e+02
7.110000e-06	-7.248503e-09	-3.131226e-09	-3.729431e+01	-3.727504e+02
7.120000e-06	-7.264010e-09	-3.141414e-09	-3.737410e+01	-3.734954e+02
7.130000e-06	-7.279021e-09	-3.146562e-09	-3.745133e+01	-3.742134e+02
7.140000e-06	-7.293266e-09	-3.146127e-09	-3.752462e+01	-3.749043e+02
7.150000e-06	-7.306621e-09	-3.146866e-09	-3.759334e+01	-3.755682e+02
7.160000e-06	-7.319202e-09	-3.154852e-09	-3.765806e+01	-3.762050e+02
7.170000e-06	-7.331214e-09	-3.168785e-09	-3.771987e+01	-3.768146e+02
7.180000e-06	-7.342776e-09	-3.181449e-09	-3.777936e+01	-3.773969e+02
7.190000e-06	-7.353856e-09	-3.187424e-09	-3.783637e+01	-3.779520e+02
7.200000e-06	-7.364380e-09	-3.189838e-09	-3.789052e+01	-3.784799e+02
7.210000e-06	-7.374379e-09	-3.192814e-09	-3.794196e+01	-3.789803e+02
7.220000e-06	-7.383904e-09	-3.196002e-09	-3.799097e+01	-3.794534e+02
7.230000e-06	-7.392923e-09	-3.198033e-09	-3.803737e+01	-3.798991e+02
7.240000e-06	-7.401418e-09	-3.198972e-09	-3.808108e+01	-3.803174e+02
7.250000e-06	-7.409469e-09	-3.203095e-09	-3.812251e+01	-3.807082e+02
7.260000e-06	-7.417166e-09	-3.212309e-09	-3.816211e+01	-3.810715e+02
7.270000e-06	-7.424487e-09	-3.223424e-09	-3.819977e+01	-3.814073e+02
7.280000e-06	-7.431274e-09	-3.231175e-09	-3.823469e+01	-3.817155e+02
7.290000e-06	-7.437328e-09	-3.231920e-09	-3.826585e+01	-3.819962e+02
7.300000e-06	-7.442576e-09	-3.229414e-09	-3.829284e+01	-3.822492e+02
7.310000e-06	-7.447090e-09	-3.228725e-09	-3.831607e+01	-3.824747e+02
7.320000e-06	-7.451084e-09	-3.230933e-09	-3.833662e+01	-3.826725e+02
7.330000e-06	-7.454728e-09	-3.233843e-09	-3.835537e+01	-3.828427e+02
7.340000e-06	-7.458005e-09	-3.236372e-09	-3.837223e+01	-3.829853e+02
7.350000e-06	-7.460806e-09	-3.239564e-09	-3.838664e+01	-3.831002e+02
7.360000e-06	-7.463083e-09	-3.243652e-09	-3.839836e+01	-3.831874e+02
7.370000e-06	-7.464896e-09	-3.246410e-09	-3.840769e+01	-3.832470e+02
7.380000e-06	-7.466267e-09	-3.247124e-09	-3.841474e+01	-3.832788e+02
7.390000e-06	-7.467023e-09	-3.246718e-09	-3.841863e+01	-3.832830e+02
