# Temperatura_=_20.0
# Concentracion g/m^3_=_10000.0
# C_Vs_to_Am_M_A/Vsm_=_116720831517.84952
# pendiente_HvsI_1/m_=_3716.3
# ordenada_HvsI_A/m_=_1297.0
# frecuencia_Hz_=_135069.98804813414
# Promedio de 22 ciclos

Tiempo_(s)	Campo_(V.s)	Magnetizacion_(V.s)	Campo_(kA/m)	Magnetizacion_(A/m)
0.000000e+00	-4.546820e-09	-2.012783e-09	-2.355872e+01	-2.343571e+02
1.000000e-08	-4.546770e-09	-2.010902e-09	-2.355846e+01	-2.343255e+02
2.000000e-08	-4.546465e-09	-2.011737e-09	-2.355688e+01	-2.342770e+02
3.000000e-08	-4.545959e-09	-2.015434e-09	-2.355426e+01	-2.342116e+02
4.000000e-08	-4.545272e-09	-2.016810e-09	-2.355070e+01	-2.341293e+02
5.000000e-08	-4.544280e-09	-1.997439e-09	-2.354556e+01	-2.340302e+02
6.000000e-08	-4.542795e-09	-1.954359e-09	-2.353786e+01	-2.339141e+02
7.000000e-08	-4.540705e-09	-1.934983e-09	-2.352704e+01	-2.337812e+02
8.000000e-08	-4.538015e-09	-1.979959e-09	-2.351310e+01	-2.336314e+02
9.000000e-08	-4.534903e-09	-2.067772e-09	-2.349698e+01	-2.334648e+02
1.000000e-07	-4.531520e-09	-2.100878e-09	-2.347945e+01	-2.332814e+02
1.100000e-07	-4.527911e-09	-2.022134e-09	-2.346074e+01	-2.330811e+02
1.200000e-07	-4.524109e-09	-1.967687e-09	-2.344105e+01	-2.328640e+02
1.300000e-07	-4.520031e-09	-2.003076e-09	-2.341992e+01	-2.326301e+02
1.400000e-07	-4.515645e-09	-1.935622e-09	-2.339719e+01	-2.323795e+02
1.500000e-07	-4.511021e-09	-1.826094e-09	-2.337323e+01	-2.321121e+02
1.600000e-07	-4.506180e-09	-1.897129e-09	-2.334815e+01	-2.318280e+02
1.700000e-07	-4.501063e-09	-2.036648e-09	-2.332164e+01	-2.315271e+02
1.800000e-07	-4.495590e-09	-2.080884e-09	-2.329328e+01	-2.312095e+02
1.900000e-07	-4.489759e-09	-2.036018e-09	-2.326307e+01	-2.308753e+02
2.000000e-07	-4.483610e-09	-1.962885e-09	-2.323120e+01	-2.305244e+02
2.100000e-07	-4.477149e-09	-1.908660e-09	-2.319773e+01	-2.301569e+02
2.200000e-07	-4.470340e-09	-1.915703e-09	-2.316245e+01	-2.297729e+02
2.300000e-07	-4.463167e-09	-1.946405e-09	-2.312528e+01	-2.293722e+02
2.400000e-07	-4.455661e-09	-1.946185e-09	-2.308639e+01	-2.289550e+02
2.500000e-07	-4.447845e-09	-1.956616e-09	-2.304589e+01	-2.285213e+02
2.600000e-07	-4.439743e-09	-2.004924e-09	-2.300392e+01	-2.280711e+02
2.700000e-07	-4.431389e-09	-2.015216e-09	-2.296063e+01	-2.276044e+02
2.800000e-07	-4.422833e-09	-1.925745e-09	-2.291630e+01	-2.271214e+02
2.900000e-07	-4.414086e-09	-1.835688e-09	-2.287098e+01	-2.266220e+02
3.000000e-07	-4.405083e-09	-1.868228e-09	-2.282433e+01	-2.261062e+02
3.100000e-07	-4.395748e-09	-1.963403e-09	-2.277596e+01	-2.255741e+02
3.200000e-07	-4.386005e-09	-1.985013e-09	-2.272548e+01	-2.250258e+02
3.300000e-07	-4.375802e-09	-1.935433e-09	-2.267261e+01	-2.244612e+02
3.400000e-07	-4.365098e-09	-1.899619e-09	-2.261715e+01	-2.238805e+02
3.500000e-07	-4.353848e-09	-1.892887e-09	-2.255886e+01	-2.232836e+02
3.600000e-07	-4.342098e-09	-1.885420e-09	-2.249798e+01	-2.226706e+02
3.700000e-07	-4.329952e-09	-1.872179e-09	-2.243505e+01	-2.220415e+02
3.800000e-07	-4.317498e-09	-1.875142e-09	-2.237052e+01	-2.213964e+02
3.900000e-07	-4.304777e-09	-1.892124e-09	-2.230460e+01	-2.207354e+02
4.000000e-07	-4.291805e-09	-1.904723e-09	-2.223739e+01	-2.200585e+02
4.100000e-07	-4.278537e-09	-1.897209e-09	-2.216864e+01	-2.193656e+02
4.200000e-07	-4.264917e-09	-1.866766e-09	-2.209808e+01	-2.186570e+02
4.300000e-07	-4.250944e-09	-1.827958e-09	-2.202568e+01	-2.179326e+02
4.400000e-07	-4.236638e-09	-1.818288e-09	-2.195155e+01	-2.171925e+02
4.500000e-07	-4.222032e-09	-1.845209e-09	-2.187587e+01	-2.164367e+02
4.600000e-07	-4.207125e-09	-1.865912e-09	-2.179863e+01	-2.156653e+02
4.700000e-07	-4.191829e-09	-1.856431e-09	-2.171938e+01	-2.148783e+02
4.800000e-07	-4.176073e-09	-1.837233e-09	-2.163774e+01	-2.140759e+02
4.900000e-07	-4.159822e-09	-1.820045e-09	-2.155354e+01	-2.132580e+02
5.000000e-07	-4.143099e-09	-1.796810e-09	-2.146689e+01	-2.124247e+02
5.100000e-07	-4.125989e-09	-1.786506e-09	-2.137824e+01	-2.115762e+02
5.200000e-07	-4.108551e-09	-1.799931e-09	-2.128789e+01	-2.107123e+02
5.300000e-07	-4.090832e-09	-1.809558e-09	-2.119608e+01	-2.098333e+02
5.400000e-07	-4.072875e-09	-1.795154e-09	-2.110304e+01	-2.089391e+02
5.500000e-07	-4.054722e-09	-1.780229e-09	-2.100898e+01	-2.080299e+02
5.600000e-07	-4.036371e-09	-1.774367e-09	-2.091389e+01	-2.071057e+02
5.700000e-07	-4.017797e-09	-1.762966e-09	-2.081766e+01	-2.061665e+02
5.800000e-07	-3.998986e-09	-1.746710e-09	-2.072019e+01	-2.052124e+02
5.900000e-07	-3.979876e-09	-1.740477e-09	-2.062117e+01	-2.042436e+02
6.000000e-07	-3.960438e-09	-1.740945e-09	-2.052046e+01	-2.032600e+02
6.100000e-07	-3.940670e-09	-1.741838e-09	-2.041804e+01	-2.022618e+02
6.200000e-07	-3.920607e-09	-1.738265e-09	-2.031408e+01	-2.012490e+02
6.300000e-07	-3.900321e-09	-1.723147e-09	-2.020897e+01	-2.002216e+02
6.400000e-07	-3.879856e-09	-1.697899e-09	-2.010293e+01	-1.991799e+02
6.500000e-07	-3.859256e-09	-1.685120e-09	-1.999620e+01	-1.981237e+02
6.600000e-07	-3.838520e-09	-1.687916e-09	-1.988876e+01	-1.970533e+02
6.700000e-07	-3.817613e-09	-1.685816e-09	-1.978043e+01	-1.959687e+02
6.800000e-07	-3.796473e-09	-1.673536e-09	-1.967089e+01	-1.948699e+02
6.900000e-07	-3.775049e-09	-1.662895e-09	-1.955989e+01	-1.937571e+02
7.000000e-07	-3.753317e-09	-1.655439e-09	-1.944729e+01	-1.926303e+02
7.100000e-07	-3.731305e-09	-1.646744e-09	-1.933323e+01	-1.914896e+02
7.200000e-07	-3.709059e-09	-1.637791e-09	-1.921797e+01	-1.903351e+02
7.300000e-07	-3.686580e-09	-1.627557e-09	-1.910150e+01	-1.891669e+02
7.400000e-07	-3.663855e-09	-1.616135e-09	-1.898375e+01	-1.879850e+02
7.500000e-07	-3.640887e-09	-1.608289e-09	-1.886475e+01	-1.867895e+02
7.600000e-07	-3.617654e-09	-1.600641e-09	-1.874437e+01	-1.855806e+02
7.700000e-07	-3.594111e-09	-1.584959e-09	-1.862238e+01	-1.843583e+02
7.800000e-07	-3.570264e-09	-1.567310e-09	-1.849882e+01	-1.831228e+02
7.900000e-07	-3.546161e-09	-1.557539e-09	-1.837394e+01	-1.818740e+02
8.000000e-07	-3.521866e-09	-1.554610e-09	-1.824805e+01	-1.806120e+02
8.100000e-07	-3.497418e-09	-1.550242e-09	-1.812138e+01	-1.793371e+02
8.200000e-07	-3.472823e-09	-1.539648e-09	-1.799394e+01	-1.780492e+02
8.300000e-07	-3.448058e-09	-1.521817e-09	-1.786563e+01	-1.767485e+02
8.400000e-07	-3.423095e-09	-1.503359e-09	-1.773629e+01	-1.754350e+02
8.500000e-07	-3.397888e-09	-1.491528e-09	-1.760568e+01	-1.741089e+02
8.600000e-07	-3.372403e-09	-1.484922e-09	-1.747363e+01	-1.727702e+02
8.700000e-07	-3.346634e-09	-1.476324e-09	-1.734011e+01	-1.714191e+02
8.800000e-07	-3.320533e-09	-1.465786e-09	-1.720487e+01	-1.700556e+02
8.900000e-07	-3.294016e-09	-1.454883e-09	-1.706748e+01	-1.686798e+02
9.000000e-07	-3.267058e-09	-1.442390e-09	-1.692780e+01	-1.672918e+02
9.100000e-07	-3.239682e-09	-1.426406e-09	-1.678596e+01	-1.658918e+02
9.200000e-07	-3.211915e-09	-1.409769e-09	-1.664209e+01	-1.644798e+02
9.300000e-07	-3.183850e-09	-1.395305e-09	-1.649667e+01	-1.630560e+02
9.400000e-07	-3.155584e-09	-1.385248e-09	-1.635021e+01	-1.616204e+02
9.500000e-07	-3.127169e-09	-1.378757e-09	-1.620299e+01	-1.601731e+02
9.600000e-07	-3.098644e-09	-1.371253e-09	-1.605519e+01	-1.587143e+02
9.700000e-07	-3.070034e-09	-1.359430e-09	-1.590695e+01	-1.572440e+02
9.800000e-07	-3.041319e-09	-1.345628e-09	-1.575817e+01	-1.557624e+02
9.900000e-07	-3.012436e-09	-1.330926e-09	-1.560851e+01	-1.542696e+02
1.000000e-06	-2.983359e-09	-1.315206e-09	-1.545785e+01	-1.527656e+02
1.010000e-06	-2.954087e-09	-1.300070e-09	-1.530618e+01	-1.512506e+02
1.020000e-06	-2.924613e-09	-1.286867e-09	-1.515347e+01	-1.497246e+02
1.030000e-06	-2.894928e-09	-1.275063e-09	-1.499966e+01	-1.481879e+02
1.040000e-06	-2.865001e-09	-1.263972e-09	-1.484460e+01	-1.466405e+02
1.050000e-06	-2.834848e-09	-1.252362e-09	-1.468836e+01	-1.450825e+02
1.060000e-06	-2.804504e-09	-1.238725e-09	-1.453114e+01	-1.435141e+02
1.070000e-06	-2.773984e-09	-1.224357e-09	-1.437300e+01	-1.419352e+02
1.080000e-06	-2.743304e-09	-1.211163e-09	-1.421404e+01	-1.403462e+02
1.090000e-06	-2.712470e-09	-1.198828e-09	-1.405428e+01	-1.387470e+02
1.100000e-06	-2.681467e-09	-1.185106e-09	-1.389364e+01	-1.371378e+02
1.110000e-06	-2.650293e-09	-1.170384e-09	-1.373211e+01	-1.355187e+02
1.120000e-06	-2.618949e-09	-1.155369e-09	-1.356971e+01	-1.338899e+02
1.130000e-06	-2.587407e-09	-1.142438e-09	-1.340628e+01	-1.322513e+02
1.140000e-06	-2.555654e-09	-1.131603e-09	-1.324176e+01	-1.306033e+02
1.150000e-06	-2.523707e-09	-1.119628e-09	-1.307623e+01	-1.289458e+02
1.160000e-06	-2.491603e-09	-1.105524e-09	-1.290989e+01	-1.272789e+02
1.170000e-06	-2.459369e-09	-1.090529e-09	-1.274287e+01	-1.256030e+02
1.180000e-06	-2.427020e-09	-1.075660e-09	-1.257526e+01	-1.239179e+02
1.190000e-06	-2.394547e-09	-1.062198e-09	-1.240700e+01	-1.222239e+02
1.200000e-06	-2.361960e-09	-1.048575e-09	-1.223816e+01	-1.205211e+02
1.210000e-06	-2.329282e-09	-1.034520e-09	-1.206884e+01	-1.188096e+02
1.220000e-06	-2.296518e-09	-1.021199e-09	-1.189908e+01	-1.170895e+02
1.230000e-06	-2.263644e-09	-1.007638e-09	-1.172875e+01	-1.153609e+02
1.240000e-06	-2.230621e-09	-9.917046e-10	-1.155764e+01	-1.136241e+02
1.250000e-06	-2.197432e-09	-9.746069e-10	-1.138568e+01	-1.118790e+02
1.260000e-06	-2.164051e-09	-9.591192e-10	-1.121272e+01	-1.101258e+02
1.270000e-06	-2.130481e-09	-9.457426e-10	-1.103878e+01	-1.083647e+02
1.280000e-06	-2.096688e-09	-9.348177e-10	-1.086369e+01	-1.065958e+02
1.290000e-06	-2.062656e-09	-9.242982e-10	-1.068736e+01	-1.048192e+02
1.300000e-06	-2.028380e-09	-9.103964e-10	-1.050976e+01	-1.030350e+02
1.310000e-06	-1.993825e-09	-8.915848e-10	-1.033072e+01	-1.012434e+02
1.320000e-06	-1.959033e-09	-8.707347e-10	-1.015044e+01	-9.944445e+01
1.330000e-06	-1.923995e-09	-8.533367e-10	-9.968900e+00	-9.763834e+01
1.340000e-06	-1.888704e-09	-8.409427e-10	-9.786048e+00	-9.582518e+01
1.350000e-06	-1.853180e-09	-8.305589e-10	-9.601986e+00	-9.400509e+01
1.360000e-06	-1.817425e-09	-8.184886e-10	-9.416726e+00	-9.217822e+01
1.370000e-06	-1.781494e-09	-8.035652e-10	-9.230551e+00	-9.034469e+01
1.380000e-06	-1.745431e-09	-7.877220e-10	-9.043696e+00	-8.850464e+01
1.390000e-06	-1.709233e-09	-7.728040e-10	-8.856140e+00	-8.665819e+01
1.400000e-06	-1.672923e-09	-7.577472e-10	-8.668005e+00	-8.480549e+01
1.410000e-06	-1.636546e-09	-7.407432e-10	-8.479522e+00	-8.294666e+01
1.420000e-06	-1.600102e-09	-7.235558e-10	-8.290694e+00	-8.108184e+01
1.430000e-06	-1.563595e-09	-7.085746e-10	-8.101538e+00	-7.921116e+01
1.440000e-06	-1.527049e-09	-6.949675e-10	-7.912180e+00	-7.733475e+01
1.450000e-06	-1.490471e-09	-6.794800e-10	-7.722654e+00	-7.545276e+01
1.460000e-06	-1.453855e-09	-6.611450e-10	-7.532936e+00	-7.356532e+01
1.470000e-06	-1.417196e-09	-6.434999e-10	-7.342989e+00	-7.167256e+01
1.480000e-06	-1.380503e-09	-6.298760e-10	-7.152872e+00	-6.977463e+01
1.490000e-06	-1.343761e-09	-6.182386e-10	-6.962497e+00	-6.787164e+01
1.500000e-06	-1.306949e-09	-6.044851e-10	-6.771759e+00	-6.596376e+01
1.510000e-06	-1.270085e-09	-5.860282e-10	-6.580753e+00	-6.405110e+01
1.520000e-06	-1.233158e-09	-5.649045e-10	-6.389424e+00	-6.213382e+01
1.530000e-06	-1.196155e-09	-5.468278e-10	-6.197695e+00	-6.021204e+01
1.540000e-06	-1.159054e-09	-5.328904e-10	-6.005464e+00	-5.828591e+01
1.550000e-06	-1.121878e-09	-5.195189e-10	-5.812839e+00	-5.635556e+01
1.560000e-06	-1.084637e-09	-5.039408e-10	-5.619879e+00	-5.442114e+01
1.570000e-06	-1.047279e-09	-4.854867e-10	-5.426315e+00	-5.248278e+01
1.580000e-06	-1.009837e-09	-4.669972e-10	-5.232317e+00	-5.054062e+01
1.590000e-06	-9.723245e-10	-4.505943e-10	-5.037949e+00	-4.859480e+01
1.600000e-06	-9.347157e-10	-4.348114e-10	-4.843085e+00	-4.664547e+01
1.610000e-06	-8.970165e-10	-4.180127e-10	-4.647751e+00	-4.469276e+01
1.620000e-06	-8.592268e-10	-4.008093e-10	-4.451949e+00	-4.273682e+01
1.630000e-06	-8.213750e-10	-3.844228e-10	-4.255826e+00	-4.077778e+01
1.640000e-06	-7.834554e-10	-3.680417e-10	-4.059351e+00	-3.881578e+01
1.650000e-06	-7.454686e-10	-3.495201e-10	-3.862527e+00	-3.685098e+01
1.660000e-06	-7.074335e-10	-3.280850e-10	-3.665454e+00	-3.488350e+01
1.670000e-06	-6.693562e-10	-3.080612e-10	-3.468162e+00	-3.291349e+01
1.680000e-06	-6.312397e-10	-2.942310e-10	-3.270667e+00	-3.094110e+01
1.690000e-06	-5.930685e-10	-2.849115e-10	-3.072888e+00	-2.896646e+01
1.700000e-06	-5.548521e-10	-2.728919e-10	-2.874875e+00	-2.698971e+01
1.710000e-06	-5.166015e-10	-2.538441e-10	-2.676684e+00	-2.501101e+01
1.720000e-06	-4.783045e-10	-2.306285e-10	-2.478254e+00	-2.303049e+01
1.730000e-06	-4.399446e-10	-2.092045e-10	-2.279497e+00	-2.104829e+01
1.740000e-06	-4.015584e-10	-1.924249e-10	-2.080604e+00	-1.906456e+01
1.750000e-06	-3.631752e-10	-1.777018e-10	-1.881727e+00	-1.707944e+01
1.760000e-06	-3.247631e-10	-1.628802e-10	-1.682700e+00	-1.509307e+01
1.770000e-06	-2.863292e-10	-1.475633e-10	-1.483559e+00	-1.310560e+01
1.780000e-06	-2.478923e-10	-1.316190e-10	-1.284404e+00	-1.111716e+01
1.790000e-06	-2.094451e-10	-1.145126e-10	-1.085195e+00	-9.127915e+00
1.800000e-06	-1.709878e-10	-9.542192e-11	-8.859341e-01	-7.137992e+00
1.810000e-06	-1.325368e-10	-7.513953e-11	-6.867055e-01	-5.147537e+00
1.820000e-06	-9.407266e-11	-5.656512e-11	-4.874088e-01	-3.156696e+00
1.830000e-06	-5.558623e-11	-4.151874e-11	-2.879967e-01	-1.165610e+00
1.840000e-06	-1.711438e-11	-2.733525e-11	-8.866014e-02	8.255756e-01
1.850000e-06	2.134248e-11	-1.120190e-11	1.105988e-01	2.816719e+00
1.860000e-06	5.979710e-11	7.713676e-12	3.098462e-01	4.807675e+00
1.870000e-06	9.826954e-11	2.686391e-11	5.091858e-01	6.798302e+00
1.880000e-06	1.367563e-10	4.240360e-11	7.085997e-01	8.788455e+00
1.890000e-06	1.752365e-10	5.555965e-11	9.079798e-01	1.077799e+01
1.900000e-06	2.137103e-10	6.922731e-11	1.107326e+00	1.276677e+01
1.910000e-06	2.521683e-10	8.576311e-11	1.306592e+00	1.475464e+01
1.920000e-06	2.905894e-10	1.034302e-10	1.505665e+00	1.674147e+01
1.930000e-06	3.289840e-10	1.212838e-10	1.704601e+00	1.872711e+01
1.940000e-06	3.673599e-10	1.411215e-10	1.903441e+00	2.071141e+01
1.950000e-06	4.057004e-10	1.622923e-10	2.102097e+00	2.269424e+01
1.960000e-06	4.440109e-10	1.815653e-10	2.300598e+00	2.467546e+01
1.970000e-06	4.822939e-10	1.953496e-10	2.498956e+00	2.665491e+01
1.980000e-06	5.205473e-10	2.051750e-10	2.697161e+00	2.863245e+01
1.990000e-06	5.587588e-10	2.161767e-10	2.895148e+00	3.060795e+01
2.000000e-06	5.969293e-10	2.328675e-10	3.092924e+00	3.258127e+01
2.010000e-06	6.350706e-10	2.561861e-10	3.290548e+00	3.455225e+01
2.020000e-06	6.731715e-10	2.825155e-10	3.487962e+00	3.652076e+01
2.030000e-06	7.112296e-10	3.061518e-10	3.685155e+00	3.848665e+01
2.040000e-06	7.492202e-10	3.238434e-10	3.881997e+00	4.044979e+01
2.050000e-06	7.871262e-10	3.368422e-10	4.078402e+00	4.241003e+01
2.060000e-06	8.249623e-10	3.479366e-10	4.274445e+00	4.436723e+01
2.070000e-06	8.627244e-10	3.588172e-10	4.470104e+00	4.632126e+01
2.080000e-06	9.004159e-10	3.728484e-10	4.665396e+00	4.827196e+01
2.090000e-06	9.380006e-10	3.913437e-10	4.860136e+00	5.021920e+01
2.100000e-06	9.754780e-10	4.142593e-10	5.054320e+00	5.216284e+01
2.110000e-06	1.012884e-09	4.390830e-10	5.248134e+00	5.410274e+01
2.120000e-06	1.050221e-09	4.613684e-10	5.441592e+00	5.603876e+01
2.130000e-06	1.087474e-09	4.788233e-10	5.634612e+00	5.797076e+01
2.140000e-06	1.124644e-09	4.920610e-10	5.827204e+00	5.989860e+01
2.150000e-06	1.161737e-09	5.044856e-10	6.019394e+00	6.182214e+01
2.160000e-06	1.198735e-09	5.192901e-10	6.211098e+00	6.374124e+01
2.170000e-06	1.235664e-09	5.361758e-10	6.402438e+00	6.565577e+01
2.180000e-06	1.272528e-09	5.539570e-10	6.593443e+00	6.756558e+01
2.190000e-06	1.309326e-09	5.726622e-10	6.784110e+00	6.947055e+01
2.200000e-06	1.346064e-09	5.929145e-10	6.974459e+00	7.137052e+01
2.210000e-06	1.382750e-09	6.129957e-10	7.164544e+00	7.326538e+01
2.220000e-06	1.419401e-09	6.304290e-10	7.354447e+00	7.515497e+01
2.230000e-06	1.456018e-09	6.461463e-10	7.544174e+00	7.703916e+01
2.240000e-06	1.492606e-09	6.604536e-10	7.733750e+00	7.891782e+01
2.250000e-06	1.529160e-09	6.735528e-10	7.923147e+00	8.079081e+01
2.260000e-06	1.565668e-09	6.867243e-10	8.112307e+00	8.265799e+01
2.270000e-06	1.602131e-09	7.011022e-10	8.301240e+00	8.451924e+01
2.280000e-06	1.638536e-09	7.179326e-10	8.489864e+00	8.637442e+01
2.290000e-06	1.674864e-09	7.372704e-10	8.678093e+00	8.822339e+01
2.300000e-06	1.711089e-09	7.581509e-10	8.865790e+00	9.006602e+01
2.310000e-06	1.747178e-09	7.783054e-10	9.052780e+00	9.190218e+01
2.320000e-06	1.783131e-09	7.957963e-10	9.239064e+00	9.373174e+01
2.330000e-06	1.818925e-09	8.106575e-10	9.424527e+00	9.555456e+01
2.340000e-06	1.854499e-09	8.238847e-10	9.608849e+00	9.737052e+01
2.350000e-06	1.889837e-09	8.382655e-10	9.791945e+00	9.917947e+01
2.360000e-06	1.924967e-09	8.539997e-10	9.973965e+00	1.009813e+02
2.370000e-06	1.959845e-09	8.695404e-10	1.015468e+01	1.027759e+02
2.380000e-06	1.994440e-09	8.851756e-10	1.033393e+01	1.045631e+02
2.390000e-06	2.028778e-09	9.020899e-10	1.051185e+01	1.063427e+02
2.400000e-06	2.062887e-09	9.199014e-10	1.068858e+01	1.081147e+02
2.410000e-06	2.096766e-09	9.373612e-10	1.086412e+01	1.098790e+02
2.420000e-06	2.130409e-09	9.529491e-10	1.103844e+01	1.116353e+02
2.430000e-06	2.163833e-09	9.668247e-10	1.121161e+01	1.133837e+02
2.440000e-06	2.197058e-09	9.803205e-10	1.138377e+01	1.151238e+02
2.450000e-06	2.230125e-09	9.928288e-10	1.155510e+01	1.168557e+02
2.460000e-06	2.263046e-09	1.004039e-09	1.172567e+01	1.185792e+02
2.470000e-06	2.295842e-09	1.017547e-09	1.189560e+01	1.202942e+02
2.480000e-06	2.328552e-09	1.036067e-09	1.206508e+01	1.220005e+02
2.490000e-06	2.361190e-09	1.056835e-09	1.223420e+01	1.236981e+02
2.500000e-06	2.393758e-09	1.074387e-09	1.240294e+01	1.253867e+02
2.510000e-06	2.426246e-09	1.086304e-09	1.257127e+01	1.270664e+02
2.520000e-06	2.458625e-09	1.097073e-09	1.273904e+01	1.287369e+02
2.530000e-06	2.490861e-09	1.111918e-09	1.290607e+01	1.303981e+02
2.540000e-06	2.522935e-09	1.130021e-09	1.307225e+01	1.320500e+02
2.550000e-06	2.554822e-09	1.145965e-09	1.323747e+01	1.336924e+02
2.560000e-06	2.586503e-09	1.157967e-09	1.340162e+01	1.353251e+02
2.570000e-06	2.617953e-09	1.169819e-09	1.356458e+01	1.369481e+02
2.580000e-06	2.649165e-09	1.184716e-09	1.372630e+01	1.385613e+02
2.590000e-06	2.680167e-09	1.202251e-09	1.388693e+01	1.401645e+02
2.600000e-06	2.710981e-09	1.219529e-09	1.404659e+01	1.417577e+02
2.610000e-06	2.741650e-09	1.234863e-09	1.420550e+01	1.433406e+02
2.620000e-06	2.772189e-09	1.249269e-09	1.436373e+01	1.449132e+02
2.630000e-06	2.802575e-09	1.264600e-09	1.452117e+01	1.464754e+02
2.640000e-06	2.832799e-09	1.280225e-09	1.467777e+01	1.480271e+02
2.650000e-06	2.862851e-09	1.293507e-09	1.483348e+01	1.495681e+02
2.660000e-06	2.892708e-09	1.304767e-09	1.498818e+01	1.510984e+02
2.670000e-06	2.922329e-09	1.317990e-09	1.514166e+01	1.526178e+02
2.680000e-06	2.951690e-09	1.334315e-09	1.529379e+01	1.541262e+02
2.690000e-06	2.980834e-09	1.351018e-09	1.544479e+01	1.556235e+02
2.700000e-06	3.009806e-09	1.364473e-09	1.559491e+01	1.571096e+02
2.710000e-06	3.038621e-09	1.374109e-09	1.574421e+01	1.585845e+02
2.720000e-06	3.067323e-09	1.384509e-09	1.589292e+01	1.600479e+02
2.730000e-06	3.095940e-09	1.397779e-09	1.604120e+01	1.614998e+02
2.740000e-06	3.124474e-09	1.412138e-09	1.618904e+01	1.629401e+02
2.750000e-06	3.152897e-09	1.425421e-09	1.633631e+01	1.643687e+02
2.760000e-06	3.181160e-09	1.437158e-09	1.648276e+01	1.657854e+02
2.770000e-06	3.209180e-09	1.448310e-09	1.662794e+01	1.671903e+02
2.780000e-06	3.236893e-09	1.460794e-09	1.677153e+01	1.685831e+02
2.790000e-06	3.264253e-09	1.474106e-09	1.691329e+01	1.699637e+02
2.800000e-06	3.291187e-09	1.485308e-09	1.705285e+01	1.713322e+02
2.810000e-06	3.317680e-09	1.495298e-09	1.719011e+01	1.726883e+02
2.820000e-06	3.343755e-09	1.507424e-09	1.732522e+01	1.740320e+02
2.830000e-06	3.369438e-09	1.523009e-09	1.745829e+01	1.753632e+02
2.840000e-06	3.394784e-09	1.538170e-09	1.758962e+01	1.766817e+02
2.850000e-06	3.419876e-09	1.548632e-09	1.771963e+01	1.779876e+02
2.860000e-06	3.444775e-09	1.556540e-09	1.784864e+01	1.792806e+02
2.870000e-06	3.469501e-09	1.565713e-09	1.797675e+01	1.805607e+02
2.880000e-06	3.494080e-09	1.576806e-09	1.810410e+01	1.818279e+02
2.890000e-06	3.518506e-09	1.588525e-09	1.823066e+01	1.830820e+02
2.900000e-06	3.542710e-09	1.598650e-09	1.835607e+01	1.843228e+02
2.910000e-06	3.566653e-09	1.607961e-09	1.848013e+01	1.855505e+02
2.920000e-06	3.590324e-09	1.619380e-09	1.860278e+01	1.867648e+02
2.930000e-06	3.613688e-09	1.631663e-09	1.872384e+01	1.879656e+02
2.940000e-06	3.636768e-09	1.643036e-09	1.884343e+01	1.891529e+02
2.950000e-06	3.659623e-09	1.652884e-09	1.896184e+01	1.903266e+02
2.960000e-06	3.682285e-09	1.661623e-09	1.907926e+01	1.914867e+02
2.970000e-06	3.704755e-09	1.671002e-09	1.919569e+01	1.926329e+02
2.980000e-06	3.727005e-09	1.681068e-09	1.931097e+01	1.937653e+02
2.990000e-06	3.748973e-09	1.690185e-09	1.942480e+01	1.948837e+02
3.000000e-06	3.770642e-09	1.698624e-09	1.953707e+01	1.959881e+02
3.010000e-06	3.792023e-09	1.708768e-09	1.964785e+01	1.970784e+02
3.020000e-06	3.813128e-09	1.720664e-09	1.975721e+01	1.981546e+02
3.030000e-06	3.834022e-09	1.732078e-09	1.986547e+01	1.992165e+02
3.040000e-06	3.854746e-09	1.740836e-09	1.997284e+01	2.002640e+02
3.050000e-06	3.875343e-09	1.747562e-09	2.007956e+01	2.012971e+02
3.060000e-06	3.895812e-09	1.754812e-09	2.018563e+01	2.023158e+02
3.070000e-06	3.916116e-09	1.763267e-09	2.029083e+01	2.033199e+02
3.080000e-06	3.936185e-09	1.772061e-09	2.039481e+01	2.043093e+02
3.090000e-06	3.955955e-09	1.781198e-09	2.049725e+01	2.052841e+02
3.100000e-06	3.975377e-09	1.791214e-09	2.059788e+01	2.062441e+02
3.110000e-06	3.994437e-09	1.802148e-09	2.069663e+01	2.071892e+02
3.120000e-06	4.013151e-09	1.812652e-09	2.079360e+01	2.081194e+02
3.130000e-06	4.031577e-09	1.820577e-09	2.088907e+01	2.090347e+02
3.140000e-06	4.049774e-09	1.826598e-09	2.098335e+01	2.099349e+02
3.150000e-06	4.067760e-09	1.832001e-09	2.107655e+01	2.108200e+02
3.160000e-06	4.085562e-09	1.838590e-09	2.116878e+01	2.116899e+02
3.170000e-06	4.103156e-09	1.846773e-09	2.125995e+01	2.125447e+02
3.180000e-06	4.120493e-09	1.854750e-09	2.134978e+01	2.133841e+02
3.190000e-06	4.137507e-09	1.862309e-09	2.143793e+01	2.142081e+02
3.200000e-06	4.154125e-09	1.870233e-09	2.152403e+01	2.150168e+02
3.210000e-06	4.170300e-09	1.878488e-09	2.160784e+01	2.158099e+02
3.220000e-06	4.186054e-09	1.886325e-09	2.168947e+01	2.165876e+02
3.230000e-06	4.201401e-09	1.892693e-09	2.176899e+01	2.173496e+02
3.240000e-06	4.216368e-09	1.896588e-09	2.184654e+01	2.180960e+02
3.250000e-06	4.231056e-09	1.901063e-09	2.192264e+01	2.188267e+02
3.260000e-06	4.245483e-09	1.908073e-09	2.199739e+01	2.195417e+02
3.270000e-06	4.259586e-09	1.916182e-09	2.207047e+01	2.202409e+02
3.280000e-06	4.273349e-09	1.924554e-09	2.214177e+01	2.209242e+02
3.290000e-06	4.286781e-09	1.933003e-09	2.221137e+01	2.215916e+02
3.300000e-06	4.299890e-09	1.941123e-09	2.227929e+01	2.222431e+02
3.310000e-06	4.312723e-09	1.947372e-09	2.234579e+01	2.228786e+02
3.320000e-06	4.325319e-09	1.950445e-09	2.241105e+01	2.234980e+02
3.330000e-06	4.337651e-09	1.952049e-09	2.247495e+01	2.241014e+02
3.340000e-06	4.349654e-09	1.954184e-09	2.253714e+01	2.246886e+02
3.350000e-06	4.361261e-09	1.958166e-09	2.259728e+01	2.252597e+02
3.360000e-06	4.372385e-09	1.964908e-09	2.265491e+01	2.258145e+02
3.370000e-06	4.382972e-09	1.972860e-09	2.270977e+01	2.263531e+02
3.380000e-06	4.393041e-09	1.979616e-09	2.276194e+01	2.268755e+02
3.390000e-06	4.402627e-09	1.985120e-09	2.281161e+01	2.273814e+02
3.400000e-06	4.411816e-09	1.990262e-09	2.285922e+01	2.278711e+02
3.410000e-06	4.420725e-09	1.994125e-09	2.290538e+01	2.283443e+02
3.420000e-06	4.429441e-09	1.996504e-09	2.295054e+01	2.288011e+02
3.430000e-06	4.437977e-09	1.998313e-09	2.299477e+01	2.292414e+02
3.440000e-06	4.446297e-09	2.000099e-09	2.303788e+01	2.296652e+02
3.450000e-06	4.454349e-09	2.001478e-09	2.307960e+01	2.300725e+02
3.460000e-06	4.462100e-09	2.003008e-09	2.311976e+01	2.304633e+02
3.470000e-06	4.469513e-09	2.005467e-09	2.315817e+01	2.308374e+02
3.480000e-06	4.476568e-09	2.010026e-09	2.319472e+01	2.311949e+02
3.490000e-06	4.483312e-09	2.016076e-09	2.322967e+01	2.315359e+02
3.500000e-06	4.489789e-09	2.019957e-09	2.326323e+01	2.318601e+02
3.510000e-06	4.495984e-09	2.020049e-09	2.329533e+01	2.321676e+02
3.520000e-06	4.501840e-09	2.018231e-09	2.332567e+01	2.324585e+02
3.530000e-06	4.507340e-09	2.016978e-09	2.335416e+01	2.327326e+02
3.540000e-06	4.512532e-09	2.017320e-09	2.338107e+01	2.329900e+02
3.550000e-06	4.517473e-09	2.020075e-09	2.340666e+01	2.332306e+02
3.560000e-06	4.522218e-09	2.024156e-09	2.343125e+01	2.334544e+02
3.570000e-06	4.526804e-09	2.028172e-09	2.345501e+01	2.336614e+02
3.580000e-06	4.531198e-09	2.031481e-09	2.347778e+01	2.338516e+02
3.590000e-06	4.535327e-09	2.032737e-09	2.349917e+01	2.340250e+02
3.600000e-06	4.539114e-09	2.031502e-09	2.351880e+01	2.341815e+02
3.610000e-06	4.542445e-09	2.029358e-09	2.353606e+01	2.343212e+02
3.620000e-06	4.545241e-09	2.028531e-09	2.355054e+01	2.344440e+02
3.630000e-06	4.547517e-09	2.030286e-09	2.356233e+01	2.345499e+02
3.640000e-06	4.549314e-09	2.033994e-09	2.357164e+01	2.346390e+02
3.650000e-06	4.550700e-09	2.037105e-09	2.357883e+01	2.347111e+02
3.660000e-06	4.551758e-09	2.037852e-09	2.358431e+01	2.347664e+02
3.670000e-06	4.552568e-09	2.036218e-09	2.358851e+01	2.348048e+02
3.680000e-06	4.553189e-09	2.033489e-09	2.359172e+01	2.348263e+02
3.690000e-06	4.553608e-09	2.031489e-09	2.359389e+01	2.348309e+02
3.700000e-06	4.553777e-09	2.031610e-09	2.359477e+01	2.348186e+02
3.710000e-06	4.553647e-09	2.033456e-09	2.359409e+01	2.347893e+02
3.720000e-06	4.553169e-09	2.034716e-09	2.359162e+01	2.347432e+02
3.730000e-06	4.552346e-09	2.035332e-09	2.358735e+01	2.346802e+02
3.740000e-06	4.551228e-09	2.047401e-09	2.358156e+01	2.346003e+02
3.750000e-06	4.549836e-09	2.076123e-09	2.357435e+01	2.345035e+02
3.760000e-06	4.548148e-09	2.102565e-09	2.356560e+01	2.343899e+02
3.770000e-06	4.546167e-09	2.102180e-09	2.355534e+01	2.342594e+02
3.780000e-06	4.543870e-09	2.005584e-09	2.354344e+01	2.341120e+02
3.790000e-06	4.541251e-09	1.896908e-09	2.352987e+01	2.339477e+02
3.800000e-06	4.538286e-09	1.945006e-09	2.351450e+01	2.337667e+02
3.810000e-06	4.535030e-09	2.042404e-09	2.349763e+01	2.335688e+02
3.820000e-06	4.531603e-09	2.041849e-09	2.347987e+01	2.333541e+02
3.830000e-06	4.527994e-09	2.046318e-09	2.346118e+01	2.331226e+02
3.840000e-06	4.524147e-09	2.122792e-09	2.344124e+01	2.328743e+02
3.850000e-06	4.520012e-09	2.150404e-09	2.341982e+01	2.326093e+02
3.860000e-06	4.515560e-09	2.019900e-09	2.339675e+01	2.323275e+02
3.870000e-06	4.510691e-09	1.876277e-09	2.337152e+01	2.320290e+02
3.880000e-06	4.505225e-09	1.887866e-09	2.334320e+01	2.317138e+02
3.890000e-06	4.499147e-09	2.018073e-09	2.331171e+01	2.313820e+02
3.900000e-06	4.492603e-09	2.088201e-09	2.327780e+01	2.310334e+02
3.910000e-06	4.485749e-09	2.058654e-09	2.324229e+01	2.306683e+02
3.920000e-06	4.478671e-09	2.010098e-09	2.320561e+01	2.302865e+02
3.930000e-06	4.471357e-09	2.003292e-09	2.316772e+01	2.298882e+02
3.940000e-06	4.463796e-09	1.992234e-09	2.312854e+01	2.294734e+02
3.950000e-06	4.455986e-09	1.934415e-09	2.308808e+01	2.290420e+02
3.960000e-06	4.447875e-09	1.900120e-09	2.304605e+01	2.285941e+02
3.970000e-06	4.439417e-09	1.972625e-09	2.300222e+01	2.281298e+02
3.980000e-06	4.430653e-09	2.081364e-09	2.295681e+01	2.276491e+02
3.990000e-06	4.421602e-09	2.064969e-09	2.290992e+01	2.271520e+02
4.000000e-06	4.412274e-09	1.948173e-09	2.286159e+01	2.266385e+02
4.010000e-06	4.402653e-09	1.877172e-09	2.281174e+01	2.261087e+02
4.020000e-06	4.392719e-09	1.907924e-09	2.276027e+01	2.255627e+02
4.030000e-06	4.382476e-09	1.946045e-09	2.270719e+01	2.250004e+02
4.040000e-06	4.371901e-09	1.960864e-09	2.265240e+01	2.244220e+02
4.050000e-06	4.361007e-09	1.975607e-09	2.259595e+01	2.238273e+02
4.060000e-06	4.349809e-09	1.982127e-09	2.253793e+01	2.232166e+02
4.070000e-06	4.338305e-09	1.937864e-09	2.247833e+01	2.225898e+02
4.080000e-06	4.326444e-09	1.895081e-09	2.241687e+01	2.219470e+02
4.090000e-06	4.314170e-09	1.898067e-09	2.235327e+01	2.212882e+02
4.100000e-06	4.301462e-09	1.910623e-09	2.228743e+01	2.206135e+02
4.110000e-06	4.288272e-09	1.893168e-09	2.221908e+01	2.199230e+02
4.120000e-06	4.274570e-09	1.903125e-09	2.214809e+01	2.192165e+02
4.130000e-06	4.260365e-09	1.941910e-09	2.207449e+01	2.184944e+02
4.140000e-06	4.245730e-09	1.932914e-09	2.199866e+01	2.177565e+02
4.150000e-06	4.230786e-09	1.867647e-09	2.192123e+01	2.170029e+02
4.160000e-06	4.215613e-09	1.838017e-09	2.184261e+01	2.162337e+02
4.170000e-06	4.200251e-09	1.856722e-09	2.176302e+01	2.154489e+02
4.180000e-06	4.184690e-09	1.867149e-09	2.168239e+01	2.146487e+02
4.190000e-06	4.168897e-09	1.866025e-09	2.160056e+01	2.138330e+02
4.200000e-06	4.152812e-09	1.870655e-09	2.151722e+01	2.130019e+02
4.210000e-06	4.136402e-09	1.849614e-09	2.143219e+01	2.121555e+02
4.220000e-06	4.119687e-09	1.807562e-09	2.134559e+01	2.112938e+02
4.230000e-06	4.102676e-09	1.804631e-09	2.125744e+01	2.104169e+02
4.240000e-06	4.085396e-09	1.827520e-09	2.116791e+01	2.095249e+02
4.250000e-06	4.067888e-09	1.816411e-09	2.107719e+01	2.086177e+02
4.260000e-06	4.050126e-09	1.787931e-09	2.098516e+01	2.076956e+02
4.270000e-06	4.032070e-09	1.792009e-09	2.089161e+01	2.067586e+02
4.280000e-06	4.013716e-09	1.798521e-09	2.079651e+01	2.058066e+02
4.290000e-06	3.995080e-09	1.775103e-09	2.069995e+01	2.048399e+02
4.300000e-06	3.976181e-09	1.748351e-09	2.060203e+01	2.038584e+02
4.310000e-06	3.957074e-09	1.741364e-09	2.050303e+01	2.028622e+02
4.320000e-06	3.937814e-09	1.739512e-09	2.040323e+01	2.018514e+02
4.330000e-06	3.918420e-09	1.746873e-09	2.030274e+01	2.008261e+02
4.340000e-06	3.898874e-09	1.753992e-09	2.020147e+01	1.997864e+02
4.350000e-06	3.879123e-09	1.736005e-09	2.009914e+01	1.987323e+02
4.360000e-06	3.859057e-09	1.702289e-09	1.999516e+01	1.976639e+02
4.370000e-06	3.838583e-09	1.692037e-09	1.988908e+01	1.965812e+02
4.380000e-06	3.817664e-09	1.695422e-09	1.978069e+01	1.954845e+02
4.390000e-06	3.796245e-09	1.690364e-09	1.966971e+01	1.943736e+02
4.400000e-06	3.774340e-09	1.681219e-09	1.955621e+01	1.932488e+02
4.410000e-06	3.752037e-09	1.672602e-09	1.944065e+01	1.921100e+02
4.420000e-06	3.729392e-09	1.656667e-09	1.932332e+01	1.909575e+02
4.430000e-06	3.706492e-09	1.646694e-09	1.920467e+01	1.897912e+02
4.440000e-06	3.683386e-09	1.644086e-09	1.908495e+01	1.886112e+02
4.450000e-06	3.660105e-09	1.632365e-09	1.896432e+01	1.874177e+02
4.460000e-06	3.636681e-09	1.614229e-09	1.884295e+01	1.862107e+02
4.470000e-06	3.613113e-09	1.609007e-09	1.872084e+01	1.849903e+02
4.480000e-06	3.589350e-09	1.608324e-09	1.859771e+01	1.837566e+02
4.490000e-06	3.565332e-09	1.595711e-09	1.847327e+01	1.825096e+02
4.500000e-06	3.541032e-09	1.576766e-09	1.834736e+01	1.812495e+02
4.510000e-06	3.516431e-09	1.560634e-09	1.821989e+01	1.799764e+02
4.520000e-06	3.491552e-09	1.549872e-09	1.809099e+01	1.786904e+02
4.530000e-06	3.466464e-09	1.546820e-09	1.796100e+01	1.773915e+02
4.540000e-06	3.441185e-09	1.543694e-09	1.783001e+01	1.760798e+02
4.550000e-06	3.415694e-09	1.528679e-09	1.769794e+01	1.747554e+02
4.560000e-06	3.389998e-09	1.508196e-09	1.756480e+01	1.734185e+02
4.570000e-06	3.364040e-09	1.495169e-09	1.743030e+01	1.720691e+02
4.580000e-06	3.337789e-09	1.487207e-09	1.729428e+01	1.707073e+02
4.590000e-06	3.311268e-09	1.475739e-09	1.715687e+01	1.693333e+02
4.600000e-06	3.284507e-09	1.461965e-09	1.701821e+01	1.679470e+02
4.610000e-06	3.257528e-09	1.447877e-09	1.687842e+01	1.665487e+02
4.620000e-06	3.230381e-09	1.439248e-09	1.673776e+01	1.651384e+02
4.630000e-06	3.203132e-09	1.434700e-09	1.659657e+01	1.637162e+02
4.640000e-06	3.175791e-09	1.427090e-09	1.645491e+01	1.622823e+02
4.650000e-06	3.148333e-09	1.411863e-09	1.631264e+01	1.608366e+02
4.660000e-06	3.120724e-09	1.395040e-09	1.616959e+01	1.593794e+02
4.670000e-06	3.092954e-09	1.380835e-09	1.602570e+01	1.579107e+02
4.680000e-06	3.064982e-09	1.368320e-09	1.588077e+01	1.564307e+02
4.690000e-06	3.036722e-09	1.353671e-09	1.573434e+01	1.549394e+02
4.700000e-06	3.008110e-09	1.337467e-09	1.558609e+01	1.534370e+02
4.710000e-06	2.979129e-09	1.322658e-09	1.543594e+01	1.519235e+02
4.720000e-06	2.949772e-09	1.314216e-09	1.528383e+01	1.503991e+02
4.730000e-06	2.920029e-09	1.308617e-09	1.512971e+01	1.488639e+02
4.740000e-06	2.889917e-09	1.296252e-09	1.497369e+01	1.473180e+02
4.750000e-06	2.859505e-09	1.274847e-09	1.481612e+01	1.457615e+02
4.760000e-06	2.828856e-09	1.252879e-09	1.465732e+01	1.441945e+02
4.770000e-06	2.797981e-09	1.237008e-09	1.449734e+01	1.426171e+02
4.780000e-06	2.766913e-09	1.225305e-09	1.433637e+01	1.410295e+02
4.790000e-06	2.735722e-09	1.212927e-09	1.417475e+01	1.394317e+02
4.800000e-06	2.704431e-09	1.200624e-09	1.401262e+01	1.378239e+02
4.810000e-06	2.673033e-09	1.190469e-09	1.384994e+01	1.362062e+02
4.820000e-06	2.641529e-09	1.180743e-09	1.368671e+01	1.345787e+02
4.830000e-06	2.609910e-09	1.165677e-09	1.352288e+01	1.329415e+02
4.840000e-06	2.578143e-09	1.145215e-09	1.335828e+01	1.312948e+02
4.850000e-06	2.546197e-09	1.124566e-09	1.319276e+01	1.296386e+02
4.860000e-06	2.514065e-09	1.107113e-09	1.302627e+01	1.279731e+02
4.870000e-06	2.481756e-09	1.094571e-09	1.285886e+01	1.262983e+02
4.880000e-06	2.449249e-09	1.084519e-09	1.269043e+01	1.246145e+02
4.890000e-06	2.416551e-09	1.073866e-09	1.252101e+01	1.229218e+02
4.900000e-06	2.383679e-09	1.062417e-09	1.235069e+01	1.212202e+02
4.910000e-06	2.350645e-09	1.050009e-09	1.217953e+01	1.195099e+02
4.920000e-06	2.317479e-09	1.035293e-09	1.200768e+01	1.177910e+02
4.930000e-06	2.284177e-09	1.017306e-09	1.183513e+01	1.160636e+02
4.940000e-06	2.250735e-09	9.970986e-10	1.166186e+01	1.143279e+02
4.950000e-06	2.217157e-09	9.789259e-10	1.148788e+01	1.125839e+02
4.960000e-06	2.183431e-09	9.638198e-10	1.131313e+01	1.108319e+02
4.970000e-06	2.149533e-09	9.501323e-10	1.113749e+01	1.090719e+02
4.980000e-06	2.115454e-09	9.357192e-10	1.096091e+01	1.073041e+02
4.990000e-06	2.081192e-09	9.204280e-10	1.078339e+01	1.055285e+02
5.000000e-06	2.046756e-09	9.046086e-10	1.060497e+01	1.037454e+02
5.010000e-06	2.012149e-09	8.884923e-10	1.042566e+01	1.019548e+02
5.020000e-06	1.977389e-09	8.708446e-10	1.024555e+01	1.001568e+02
5.030000e-06	1.942505e-09	8.519137e-10	1.006481e+01	9.835170e+01
5.040000e-06	1.907494e-09	8.333537e-10	9.883403e+00	9.653951e+01
5.050000e-06	1.872380e-09	8.173786e-10	9.701465e+00	9.472037e+01
5.060000e-06	1.837196e-09	8.025396e-10	9.519162e+00	9.289443e+01
5.070000e-06	1.801952e-09	7.872710e-10	9.336548e+00	9.106181e+01
5.080000e-06	1.766661e-09	7.704212e-10	9.153691e+00	8.922265e+01
5.090000e-06	1.731323e-09	7.532317e-10	8.970594e+00	8.737708e+01
5.100000e-06	1.695930e-09	7.378783e-10	8.787210e+00	8.552522e+01
5.110000e-06	1.660485e-09	7.220371e-10	8.603554e+00	8.366723e+01
5.120000e-06	1.624994e-09	7.036923e-10	8.419662e+00	8.180322e+01
5.130000e-06	1.589446e-09	6.841288e-10	8.235477e+00	7.993334e+01
5.140000e-06	1.553822e-09	6.662418e-10	8.050896e+00	7.805771e+01
5.150000e-06	1.518083e-09	6.517914e-10	7.865720e+00	7.617648e+01
5.160000e-06	1.482222e-09	6.391049e-10	7.679911e+00	7.428977e+01
5.170000e-06	1.446243e-09	6.233973e-10	7.493487e+00	7.239773e+01
5.180000e-06	1.410120e-09	6.043922e-10	7.306325e+00	7.050049e+01
5.190000e-06	1.373866e-09	5.846680e-10	7.118479e+00	6.859819e+01
5.200000e-06	1.337476e-09	5.664515e-10	6.929929e+00	6.669096e+01
5.210000e-06	1.300914e-09	5.508972e-10	6.740487e+00	6.477894e+01
5.220000e-06	1.264202e-09	5.335672e-10	6.550269e+00	6.286228e+01
5.230000e-06	1.227365e-09	5.138417e-10	6.359404e+00	6.094110e+01
5.240000e-06	1.190351e-09	4.960593e-10	6.167621e+00	5.901554e+01
5.250000e-06	1.153124e-09	4.822000e-10	5.974733e+00	5.708576e+01
5.260000e-06	1.115707e-09	4.687082e-10	5.780864e+00	5.515187e+01
5.270000e-06	1.078113e-09	4.528849e-10	5.586075e+00	5.321403e+01
5.280000e-06	1.040364e-09	4.355243e-10	5.390487e+00	5.127237e+01
5.290000e-06	1.002480e-09	4.175093e-10	5.194196e+00	4.932703e+01
5.300000e-06	9.644555e-10	3.998777e-10	4.997177e+00	4.737816e+01
5.310000e-06	9.263114e-10	3.816948e-10	4.799539e+00	4.542589e+01
5.320000e-06	8.880609e-10	3.623398e-10	4.601349e+00	4.347036e+01
5.330000e-06	8.497176e-10	3.426084e-10	4.402679e+00	4.151172e+01
5.340000e-06	8.113163e-10	3.241251e-10	4.203708e+00	3.955010e+01
5.350000e-06	7.728398e-10	3.088424e-10	4.004347e+00	3.758565e+01
5.360000e-06	7.342725e-10	2.952868e-10	3.804517e+00	3.561851e+01
5.370000e-06	6.956430e-10	2.796186e-10	3.604363e+00	3.364882e+01
5.380000e-06	6.569424e-10	2.620005e-10	3.403842e+00	3.167672e+01
5.390000e-06	6.181774e-10	2.444109e-10	3.202986e+00	2.970235e+01
5.400000e-06	5.793500e-10	2.273647e-10	3.001807e+00	2.772587e+01
5.410000e-06	5.404751e-10	2.089101e-10	2.800382e+00	2.574740e+01
5.420000e-06	5.015843e-10	1.880848e-10	2.598875e+00	2.376709e+01
5.430000e-06	4.626675e-10	1.680844e-10	2.397233e+00	2.178508e+01
5.440000e-06	4.237299e-10	1.522726e-10	2.195483e+00	1.980152e+01
5.450000e-06	3.847691e-10	1.385305e-10	1.993613e+00	1.781655e+01
5.460000e-06	3.457702e-10	1.235374e-10	1.791545e+00	1.583032e+01
5.470000e-06	3.067357e-10	1.068823e-10	1.589293e+00	1.384296e+01
5.480000e-06	2.676878e-10	8.908544e-11	1.386972e+00	1.185461e+01
5.490000e-06	2.286376e-10	6.913971e-11	1.184638e+00	9.865434e+00
5.500000e-06	1.895792e-10	4.758828e-11	9.822631e-01	7.875560e+00
5.510000e-06	1.505105e-10	2.720366e-11	7.798338e-01	5.885133e+00
5.520000e-06	1.114323e-10	9.983584e-12	5.773555e-01	3.894299e+00
5.530000e-06	7.236161e-11	-4.780975e-12	3.749159e-01	1.903201e+00
5.540000e-06	3.328444e-11	-1.850582e-11	1.724427e-01	-8.801877e-02
5.550000e-06	-5.804318e-12	-3.410778e-11	-3.009053e-02	-2.079216e+00
5.560000e-06	-4.488829e-11	-5.243592e-11	-2.325989e-01	-4.070248e+00
5.570000e-06	-8.396128e-11	-7.086704e-11	-4.350503e-01	-6.060970e+00
5.580000e-06	-1.230279e-10	-8.852935e-11	-6.374688e-01	-8.051240e+00
5.590000e-06	-1.620943e-10	-1.057259e-10	-8.398863e-01	-1.004091e+01
5.600000e-06	-2.011623e-10	-1.230824e-10	-1.042312e+00	-1.202985e+01
5.610000e-06	-2.402240e-10	-1.420952e-10	-1.244705e+00	-1.401790e+01
5.620000e-06	-2.792654e-10	-1.614479e-10	-1.446993e+00	-1.600493e+01
5.630000e-06	-3.182794e-10	-1.782142e-10	-1.649138e+00	-1.799078e+01
5.640000e-06	-3.572482e-10	-1.930926e-10	-1.851050e+00	-1.997533e+01
5.650000e-06	-3.961886e-10	-2.091011e-10	-2.052814e+00	-2.195842e+01
5.660000e-06	-4.351011e-10	-2.275182e-10	-2.254434e+00	-2.393991e+01
5.670000e-06	-4.739860e-10	-2.460451e-10	-2.455911e+00	-2.591966e+01
5.680000e-06	-5.128634e-10	-2.623144e-10	-2.657348e+00	-2.789753e+01
5.690000e-06	-5.517093e-10	-2.778945e-10	-2.858623e+00	-2.987338e+01
5.700000e-06	-5.905002e-10	-2.964733e-10	-3.059613e+00	-3.184705e+01
5.710000e-06	-6.292517e-10	-3.182062e-10	-3.260398e+00	-3.381842e+01
5.720000e-06	-6.679609e-10	-3.393512e-10	-3.460965e+00	-3.578733e+01
5.730000e-06	-7.066090e-10	-3.551296e-10	-3.661214e+00	-3.775365e+01
5.740000e-06	-7.451744e-10	-3.661716e-10	-3.861035e+00	-3.971723e+01
5.750000e-06	-7.836494e-10	-3.784738e-10	-4.060388e+00	-4.167794e+01
5.760000e-06	-8.220457e-10	-3.966907e-10	-4.259333e+00	-4.363563e+01
5.770000e-06	-8.603427e-10	-4.183618e-10	-4.457763e+00	-4.559016e+01
5.780000e-06	-8.985319e-10	-4.371364e-10	-4.655635e+00	-4.754139e+01
5.790000e-06	-9.366076e-10	-4.511451e-10	-4.852918e+00	-4.948917e+01
5.800000e-06	-9.745623e-10	-4.645349e-10	-5.049575e+00	-5.143338e+01
5.810000e-06	-1.012407e-09	-4.808441e-10	-5.245660e+00	-5.337387e+01
5.820000e-06	-1.050127e-09	-4.988121e-10	-5.441102e+00	-5.531049e+01
5.830000e-06	-1.087705e-09	-5.153957e-10	-5.635805e+00	-5.724312e+01
5.840000e-06	-1.125158e-09	-5.300485e-10	-5.829864e+00	-5.917160e+01
5.850000e-06	-1.162463e-09	-5.465665e-10	-6.023157e+00	-6.109581e+01
5.860000e-06	-1.199575e-09	-5.665784e-10	-6.215444e+00	-6.301560e+01
5.870000e-06	-1.236525e-09	-5.858978e-10	-6.406895e+00	-6.493083e+01
5.880000e-06	-1.273322e-09	-5.997701e-10	-6.597553e+00	-6.684138e+01
5.890000e-06	-1.309937e-09	-6.104184e-10	-6.787268e+00	-6.874709e+01
5.900000e-06	-1.346364e-09	-6.243177e-10	-6.976009e+00	-7.064783e+01
5.910000e-06	-1.382616e-09	-6.434471e-10	-7.163842e+00	-7.254346e+01
5.920000e-06	-1.418717e-09	-6.642847e-10	-7.350897e+00	-7.443386e+01
5.930000e-06	-1.454679e-09	-6.818202e-10	-7.537227e+00	-7.631888e+01
5.940000e-06	-1.490517e-09	-6.959953e-10	-7.722916e+00	-7.819838e+01
5.950000e-06	-1.526231e-09	-7.096019e-10	-7.907967e+00	-8.007223e+01
5.960000e-06	-1.561848e-09	-7.246791e-10	-8.092511e+00	-8.194030e+01
5.970000e-06	-1.597406e-09	-7.401938e-10	-8.276750e+00	-8.380245e+01
5.980000e-06	-1.632907e-09	-7.540870e-10	-8.460691e+00	-8.565855e+01
5.990000e-06	-1.668344e-09	-7.684482e-10	-8.644306e+00	-8.750846e+01
6.000000e-06	-1.703728e-09	-7.858024e-10	-8.827642e+00	-8.935206e+01
6.010000e-06	-1.739076e-09	-8.051008e-10	-9.010792e+00	-9.118920e+01
6.020000e-06	-1.774393e-09	-8.223774e-10	-9.193782e+00	-9.301975e+01
6.030000e-06	-1.809664e-09	-8.357749e-10	-9.376537e+00	-9.484359e+01
6.040000e-06	-1.844869e-09	-8.469837e-10	-9.558944e+00	-9.666058e+01
6.050000e-06	-1.880010e-09	-8.601605e-10	-9.741026e+00	-9.847059e+01
6.060000e-06	-1.915057e-09	-8.762554e-10	-9.922615e+00	-1.002735e+02
6.070000e-06	-1.949978e-09	-8.933128e-10	-1.010355e+01	-1.020692e+02
6.080000e-06	-1.984754e-09	-9.091352e-10	-1.028374e+01	-1.038574e+02
6.090000e-06	-2.019379e-09	-9.230681e-10	-1.046314e+01	-1.056382e+02
6.100000e-06	-2.053852e-09	-9.373084e-10	-1.064176e+01	-1.074114e+02
6.110000e-06	-2.088137e-09	-9.526605e-10	-1.081940e+01	-1.091768e+02
6.120000e-06	-2.122239e-09	-9.694151e-10	-1.099610e+01	-1.109344e+02
6.130000e-06	-2.156170e-09	-9.859256e-10	-1.117191e+01	-1.126839e+02
6.140000e-06	-2.189935e-09	-1.001969e-09	-1.134686e+01	-1.144253e+02
6.150000e-06	-2.223552e-09	-1.017019e-09	-1.152104e+01	-1.161584e+02
6.160000e-06	-2.257016e-09	-1.029283e-09	-1.169443e+01	-1.178832e+02
6.170000e-06	-2.290340e-09	-1.040334e-09	-1.186709e+01	-1.195994e+02
6.180000e-06	-2.323530e-09	-1.051921e-09	-1.203906e+01	-1.213070e+02
6.190000e-06	-2.356565e-09	-1.064764e-09	-1.221023e+01	-1.230059e+02
6.200000e-06	-2.389449e-09	-1.081108e-09	-1.238061e+01	-1.246959e+02
6.210000e-06	-2.422152e-09	-1.100713e-09	-1.255006e+01	-1.263769e+02
6.220000e-06	-2.454647e-09	-1.118980e-09	-1.271843e+01	-1.280487e+02
6.230000e-06	-2.486925e-09	-1.131603e-09	-1.288567e+01	-1.297114e+02
6.240000e-06	-2.518990e-09	-1.140128e-09	-1.305181e+01	-1.313646e+02
6.250000e-06	-2.550870e-09	-1.149577e-09	-1.321699e+01	-1.330084e+02
6.260000e-06	-2.582589e-09	-1.163629e-09	-1.338134e+01	-1.346426e+02
6.270000e-06	-2.614174e-09	-1.181267e-09	-1.354499e+01	-1.362671e+02
6.280000e-06	-2.645647e-09	-1.198330e-09	-1.370807e+01	-1.378817e+02
6.290000e-06	-2.677016e-09	-1.214550e-09	-1.387060e+01	-1.394864e+02
6.300000e-06	-2.708286e-09	-1.229637e-09	-1.403262e+01	-1.410810e+02
6.310000e-06	-2.739438e-09	-1.244019e-09	-1.419403e+01	-1.426655e+02
6.320000e-06	-2.770435e-09	-1.255832e-09	-1.435464e+01	-1.442396e+02
6.330000e-06	-2.801250e-09	-1.265033e-09	-1.451430e+01	-1.458034e+02
6.340000e-06	-2.831849e-09	-1.274015e-09	-1.467285e+01	-1.473566e+02
6.350000e-06	-2.862192e-09	-1.286659e-09	-1.483007e+01	-1.488992e+02
6.360000e-06	-2.892231e-09	-1.304657e-09	-1.498571e+01	-1.504311e+02
6.370000e-06	-2.921935e-09	-1.321844e-09	-1.513962e+01	-1.519521e+02
6.380000e-06	-2.951291e-09	-1.334602e-09	-1.529172e+01	-1.534621e+02
6.390000e-06	-2.980272e-09	-1.344879e-09	-1.544188e+01	-1.549611e+02
6.400000e-06	-3.008890e-09	-1.355479e-09	-1.559016e+01	-1.564489e+02
6.410000e-06	-3.037183e-09	-1.367080e-09	-1.573675e+01	-1.579254e+02
6.420000e-06	-3.065180e-09	-1.379476e-09	-1.588182e+01	-1.593905e+02
6.430000e-06	-3.092936e-09	-1.390874e-09	-1.602563e+01	-1.608441e+02
6.440000e-06	-3.120511e-09	-1.401847e-09	-1.616851e+01	-1.622861e+02
6.450000e-06	-3.147952e-09	-1.415105e-09	-1.631069e+01	-1.637164e+02
6.460000e-06	-3.175299e-09	-1.430712e-09	-1.645238e+01	-1.651349e+02
6.470000e-06	-3.202562e-09	-1.445410e-09	-1.659364e+01	-1.665415e+02
6.480000e-06	-3.229713e-09	-1.456895e-09	-1.673432e+01	-1.679361e+02
6.490000e-06	-3.256709e-09	-1.465743e-09	-1.687420e+01	-1.693186e+02
6.500000e-06	-3.283480e-09	-1.475097e-09	-1.701291e+01	-1.706888e+02
6.510000e-06	-3.309986e-09	-1.487485e-09	-1.715025e+01	-1.720467e+02
6.520000e-06	-3.336225e-09	-1.500466e-09	-1.728620e+01	-1.733923e+02
6.530000e-06	-3.362186e-09	-1.511437e-09	-1.742071e+01	-1.747253e+02
6.540000e-06	-3.387905e-09	-1.521639e-09	-1.755397e+01	-1.760457e+02
6.550000e-06	-3.413412e-09	-1.533662e-09	-1.768613e+01	-1.773534e+02
6.560000e-06	-3.438682e-09	-1.546887e-09	-1.781706e+01	-1.786484e+02
6.570000e-06	-3.463711e-09	-1.558247e-09	-1.794675e+01	-1.799304e+02
6.580000e-06	-3.488476e-09	-1.566908e-09	-1.807507e+01	-1.811995e+02
6.590000e-06	-3.512973e-09	-1.574962e-09	-1.820199e+01	-1.824555e+02
6.600000e-06	-3.537203e-09	-1.584699e-09	-1.832754e+01	-1.836983e+02
6.610000e-06	-3.561156e-09	-1.595921e-09	-1.845165e+01	-1.849279e+02
6.620000e-06	-3.584879e-09	-1.607142e-09	-1.857456e+01	-1.861441e+02
6.630000e-06	-3.608422e-09	-1.616652e-09	-1.869655e+01	-1.873470e+02
6.640000e-06	-3.631831e-09	-1.624243e-09	-1.881784e+01	-1.885363e+02
6.650000e-06	-3.655124e-09	-1.632501e-09	-1.893853e+01	-1.897120e+02
6.660000e-06	-3.678269e-09	-1.643093e-09	-1.905846e+01	-1.908740e+02
6.670000e-06	-3.701214e-09	-1.654176e-09	-1.917734e+01	-1.920223e+02
6.680000e-06	-3.723902e-09	-1.663141e-09	-1.929489e+01	-1.931567e+02
6.690000e-06	-3.746268e-09	-1.670191e-09	-1.941078e+01	-1.942772e+02
6.700000e-06	-3.768244e-09	-1.677623e-09	-1.952465e+01	-1.953837e+02
6.710000e-06	-3.789789e-09	-1.688062e-09	-1.963628e+01	-1.964761e+02
6.720000e-06	-3.810872e-09	-1.700107e-09	-1.974551e+01	-1.975543e+02
6.730000e-06	-3.831490e-09	-1.710055e-09	-1.985235e+01	-1.986183e+02
6.740000e-06	-3.851704e-09	-1.716883e-09	-1.995708e+01	-1.996679e+02
6.750000e-06	-3.871578e-09	-1.723190e-09	-2.006005e+01	-2.007032e+02
6.760000e-06	-3.891193e-09	-1.730827e-09	-2.016169e+01	-2.017239e+02
6.770000e-06	-3.910637e-09	-1.738948e-09	-2.026243e+01	-2.027302e+02
6.780000e-06	-3.929965e-09	-1.746963e-09	-2.036258e+01	-2.037218e+02
6.790000e-06	-3.949169e-09	-1.755187e-09	-2.046208e+01	-2.046987e+02
6.800000e-06	-3.968187e-09	-1.765165e-09	-2.056062e+01	-2.056608e+02
6.810000e-06	-3.986958e-09	-1.775181e-09	-2.065788e+01	-2.066082e+02
6.820000e-06	-4.005425e-09	-1.783366e-09	-2.075356e+01	-2.075406e+02
6.830000e-06	-4.023560e-09	-1.789935e-09	-2.084753e+01	-2.084580e+02
6.840000e-06	-4.041401e-09	-1.795365e-09	-2.093997e+01	-2.093605e+02
6.850000e-06	-4.059003e-09	-1.800627e-09	-2.103117e+01	-2.102478e+02
6.860000e-06	-4.076371e-09	-1.806541e-09	-2.112116e+01	-2.111200e+02
6.870000e-06	-4.093497e-09	-1.813066e-09	-2.120990e+01	-2.119769e+02
6.880000e-06	-4.110335e-09	-1.820105e-09	-2.129714e+01	-2.128186e+02
6.890000e-06	-4.126849e-09	-1.828584e-09	-2.138271e+01	-2.136449e+02
6.900000e-06	-4.143061e-09	-1.838248e-09	-2.146671e+01	-2.144558e+02
6.910000e-06	-4.158980e-09	-1.846846e-09	-2.154919e+01	-2.152512e+02
6.920000e-06	-4.174651e-09	-1.852335e-09	-2.163038e+01	-2.160311e+02
6.930000e-06	-4.190148e-09	-1.853980e-09	-2.171068e+01	-2.167955e+02
6.940000e-06	-4.205485e-09	-1.854200e-09	-2.179015e+01	-2.175442e+02
6.950000e-06	-4.220614e-09	-1.858123e-09	-2.186854e+01	-2.182772e+02
6.960000e-06	-4.235436e-09	-1.867086e-09	-2.194533e+01	-2.189945e+02
6.970000e-06	-4.249844e-09	-1.879770e-09	-2.201999e+01	-2.196960e+02
6.980000e-06	-4.263735e-09	-1.890493e-09	-2.209196e+01	-2.203816e+02
6.990000e-06	-4.277077e-09	-1.895440e-09	-2.216109e+01	-2.210514e+02
7.000000e-06	-4.289909e-09	-1.896074e-09	-2.222758e+01	-2.217052e+02
7.010000e-06	-4.302265e-09	-1.895840e-09	-2.229160e+01	-2.223430e+02
7.020000e-06	-4.314230e-09	-1.897553e-09	-2.235359e+01	-2.229648e+02
7.030000e-06	-4.325905e-09	-1.900321e-09	-2.241408e+01	-2.235705e+02
7.040000e-06	-4.337335e-09	-1.905877e-09	-2.247331e+01	-2.241601e+02
7.050000e-06	-4.348529e-09	-1.913714e-09	-2.253131e+01	-2.247335e+02
7.060000e-06	-4.359457e-09	-1.922914e-09	-2.258793e+01	-2.252908e+02
7.070000e-06	-4.370060e-09	-1.931806e-09	-2.264287e+01	-2.258318e+02
7.080000e-06	-4.380326e-09	-1.936527e-09	-2.269606e+01	-2.263565e+02
7.090000e-06	-4.390266e-09	-1.938531e-09	-2.274756e+01	-2.268648e+02
7.100000e-06	-4.399923e-09	-1.939987e-09	-2.279760e+01	-2.273568e+02
7.110000e-06	-4.409299e-09	-1.942366e-09	-2.284618e+01	-2.278325e+02
7.120000e-06	-4.418398e-09	-1.944562e-09	-2.289333e+01	-2.282917e+02
7.130000e-06	-4.427220e-09	-1.946298e-09	-2.293904e+01	-2.287344e+02
7.140000e-06	-4.435691e-09	-1.949075e-09	-2.298293e+01	-2.291606e+02
7.150000e-06	-4.443817e-09	-1.954160e-09	-2.302503e+01	-2.295704e+02
7.160000e-06	-4.451654e-09	-1.961109e-09	-2.306564e+01	-2.299635e+02
7.170000e-06	-4.459257e-09	-1.968643e-09	-2.310503e+01	-2.303401e+02
7.180000e-06	-4.466681e-09	-1.974230e-09	-2.314350e+01	-2.307001e+02
7.190000e-06	-4.473931e-09	-1.976179e-09	-2.318106e+01	-2.310434e+02
7.200000e-06	-4.480955e-09	-1.975769e-09	-2.321745e+01	-2.313701e+02
7.210000e-06	-4.487684e-09	-1.975786e-09	-2.325232e+01	-2.316801e+02
7.220000e-06	-4.494051e-09	-1.977629e-09	-2.328531e+01	-2.319734e+02
7.230000e-06	-4.499957e-09	-1.980249e-09	-2.331591e+01	-2.322500e+02
7.240000e-06	-4.505338e-09	-1.984295e-09	-2.334379e+01	-2.325098e+02
7.250000e-06	-4.510209e-09	-1.989633e-09	-2.336903e+01	-2.327528e+02
7.260000e-06	-4.514599e-09	-1.995843e-09	-2.339177e+01	-2.329791e+02
7.270000e-06	-4.518582e-09	-2.000536e-09	-2.341241e+01	-2.331886e+02
7.280000e-06	-4.522272e-09	-2.000706e-09	-2.343153e+01	-2.333813e+02
7.290000e-06	-4.525752e-09	-1.997424e-09	-2.344956e+01	-2.335571e+02
7.300000e-06	-4.529061e-09	-1.996349e-09	-2.346671e+01	-2.337161e+02
7.310000e-06	-4.532179e-09	-2.001423e-09	-2.348287e+01	-2.338582e+02
7.320000e-06	-4.535057e-09	-2.010221e-09	-2.349778e+01	-2.339835e+02
7.330000e-06	-4.537613e-09	-2.016772e-09	-2.351102e+01	-2.340919e+02
7.340000e-06	-4.539803e-09	-2.017264e-09	-2.352236e+01	-2.341834e+02
7.350000e-06	-4.541657e-09	-2.013766e-09	-2.353197e+01	-2.342581e+02
7.360000e-06	-4.543241e-09	-2.011246e-09	-2.354018e+01	-2.343158e+02
7.370000e-06	-4.544591e-09	-2.011561e-09	-2.354717e+01	-2.343567e+02
7.380000e-06	-4.545686e-09	-2.012917e-09	-2.355285e+01	-2.343806e+02
7.390000e-06	-4.546402e-09	-2.013619e-09	-2.355656e+01	-2.343877e+02
7.400000e-06	-4.546710e-09	-2.014051e-09	-2.355815e+01	-2.343778e+02
