# Temperatura_=_20.0
# Concentracion g/m^3_=_10000.0
# C_Vs_to_Am_M_A/Vsm_=_116720831517.84952
# pendiente_HvsI_1/m_=_3716.3
# ordenada_HvsI_A/m_=_1297.0
# frecuencia_Hz_=_81164.52545902852
# Promedio de 23 ciclos

Tiempo_(s)	Campo_(V.s)	Magnetizacion_(V.s)	Campo_(kA/m)	Magnetizacion_(A/m)
0.000000e+00	-7.211478e-09	-3.037466e-09	-3.841999e+01	-3.553080e+02
1.000000e-08	-7.211632e-09	-3.050424e-09	-3.842081e+01	-3.552273e+02
2.000000e-08	-7.211609e-09	-3.072839e-09	-3.842069e+01	-3.551372e+02
3.000000e-08	-7.211430e-09	-3.069986e-09	-3.841973e+01	-3.550380e+02
4.000000e-08	-7.211080e-09	-3.003845e-09	-3.841786e+01	-3.549295e+02
5.000000e-08	-7.210541e-09	-2.890284e-09	-3.841500e+01	-3.548117e+02
6.000000e-08	-7.209875e-09	-2.833886e-09	-3.841144e+01	-3.546848e+02
7.000000e-08	-7.209091e-09	-2.987883e-09	-3.840727e+01	-3.545486e+02
8.000000e-08	-7.208215e-09	-3.202689e-09	-3.840260e+01	-3.544031e+02
9.000000e-08	-7.207279e-09	-3.124717e-09	-3.839761e+01	-3.542485e+02
1.000000e-07	-7.206296e-09	-3.145104e-09	-3.839238e+01	-3.540846e+02
1.100000e-07	-7.205182e-09	-3.241671e-09	-3.838644e+01	-3.539115e+02
1.200000e-07	-7.203870e-09	-2.997852e-09	-3.837945e+01	-3.537292e+02
1.300000e-07	-7.202359e-09	-2.836602e-09	-3.837140e+01	-3.535377e+02
1.400000e-07	-7.200562e-09	-2.811659e-09	-3.836183e+01	-3.533370e+02
1.500000e-07	-7.198415e-09	-2.918565e-09	-3.835039e+01	-3.531271e+02
1.600000e-07	-7.195859e-09	-3.045108e-09	-3.833677e+01	-3.529080e+02
1.700000e-07	-7.192887e-09	-3.069025e-09	-3.832094e+01	-3.526797e+02
1.800000e-07	-7.189593e-09	-3.166751e-09	-3.830339e+01	-3.524423e+02
1.900000e-07	-7.186069e-09	-3.089042e-09	-3.828461e+01	-3.521956e+02
2.000000e-07	-7.182315e-09	-2.928725e-09	-3.826461e+01	-3.519399e+02
2.100000e-07	-7.178344e-09	-2.890695e-09	-3.824346e+01	-3.516749e+02
2.200000e-07	-7.174189e-09	-2.999627e-09	-3.822132e+01	-3.514008e+02
2.300000e-07	-7.169866e-09	-3.009149e-09	-3.819829e+01	-3.511176e+02
2.400000e-07	-7.165425e-09	-2.918128e-09	-3.817463e+01	-3.508252e+02
2.500000e-07	-7.160883e-09	-3.077955e-09	-3.815043e+01	-3.505237e+02
2.600000e-07	-7.156263e-09	-3.165242e-09	-3.812582e+01	-3.502130e+02
2.700000e-07	-7.151516e-09	-2.967100e-09	-3.810053e+01	-3.498933e+02
2.800000e-07	-7.146625e-09	-2.771386e-09	-3.807447e+01	-3.495644e+02
2.900000e-07	-7.141606e-09	-2.907710e-09	-3.804773e+01	-3.492264e+02
3.000000e-07	-7.136408e-09	-3.097465e-09	-3.802004e+01	-3.488794e+02
3.100000e-07	-7.131051e-09	-3.021498e-09	-3.799149e+01	-3.485233e+02
3.200000e-07	-7.125515e-09	-2.941691e-09	-3.796200e+01	-3.481581e+02
3.300000e-07	-7.119788e-09	-3.005667e-09	-3.793149e+01	-3.477838e+02
3.400000e-07	-7.113855e-09	-3.019908e-09	-3.789988e+01	-3.474005e+02
3.500000e-07	-7.107729e-09	-2.899596e-09	-3.786724e+01	-3.470082e+02
3.600000e-07	-7.101415e-09	-2.903427e-09	-3.783361e+01	-3.466068e+02
3.700000e-07	-7.094920e-09	-2.977372e-09	-3.779901e+01	-3.461964e+02
3.800000e-07	-7.088276e-09	-2.953565e-09	-3.776361e+01	-3.457770e+02
3.900000e-07	-7.081442e-09	-2.956165e-09	-3.772720e+01	-3.453486e+02
4.000000e-07	-7.074436e-09	-3.030170e-09	-3.768987e+01	-3.449112e+02
4.100000e-07	-7.067229e-09	-2.985926e-09	-3.765148e+01	-3.444648e+02
4.200000e-07	-7.059795e-09	-2.842255e-09	-3.761187e+01	-3.440095e+02
4.300000e-07	-7.052154e-09	-2.871618e-09	-3.757116e+01	-3.435452e+02
4.400000e-07	-7.044316e-09	-2.968783e-09	-3.752941e+01	-3.430720e+02
4.500000e-07	-7.036322e-09	-2.952488e-09	-3.748682e+01	-3.425898e+02
4.600000e-07	-7.028147e-09	-2.923461e-09	-3.744326e+01	-3.420987e+02
4.700000e-07	-7.019807e-09	-2.964279e-09	-3.739883e+01	-3.415988e+02
4.800000e-07	-7.011340e-09	-2.938119e-09	-3.735372e+01	-3.410899e+02
4.900000e-07	-7.002783e-09	-2.858109e-09	-3.730813e+01	-3.405721e+02
5.000000e-07	-6.994142e-09	-2.884936e-09	-3.726210e+01	-3.400455e+02
5.100000e-07	-6.985392e-09	-2.921977e-09	-3.721548e+01	-3.395101e+02
5.200000e-07	-6.976515e-09	-2.899880e-09	-3.716819e+01	-3.389658e+02
5.300000e-07	-6.967464e-09	-2.899679e-09	-3.711996e+01	-3.384127e+02
5.400000e-07	-6.958237e-09	-2.931392e-09	-3.707081e+01	-3.378508e+02
5.500000e-07	-6.948819e-09	-2.902156e-09	-3.702063e+01	-3.372800e+02
5.600000e-07	-6.939168e-09	-2.862788e-09	-3.696921e+01	-3.367005e+02
5.700000e-07	-6.929218e-09	-2.876133e-09	-3.691621e+01	-3.361123e+02
5.800000e-07	-6.918969e-09	-2.865340e-09	-3.686160e+01	-3.355153e+02
5.900000e-07	-6.908419e-09	-2.852350e-09	-3.680539e+01	-3.349096e+02
6.000000e-07	-6.897511e-09	-2.880103e-09	-3.674728e+01	-3.342951e+02
6.100000e-07	-6.886286e-09	-2.896987e-09	-3.668748e+01	-3.336720e+02
6.200000e-07	-6.874772e-09	-2.857477e-09	-3.662613e+01	-3.330401e+02
6.300000e-07	-6.863000e-09	-2.836786e-09	-3.656342e+01	-3.323996e+02
6.400000e-07	-6.850979e-09	-2.850652e-09	-3.649938e+01	-3.317505e+02
6.500000e-07	-6.838766e-09	-2.850407e-09	-3.643431e+01	-3.310927e+02
6.600000e-07	-6.826428e-09	-2.850768e-09	-3.636858e+01	-3.304263e+02
6.700000e-07	-6.813949e-09	-2.844710e-09	-3.630209e+01	-3.297513e+02
6.800000e-07	-6.801312e-09	-2.831356e-09	-3.623477e+01	-3.290677e+02
6.900000e-07	-6.788518e-09	-2.821792e-09	-3.616660e+01	-3.283755e+02
7.000000e-07	-6.775567e-09	-2.822630e-09	-3.609761e+01	-3.276748e+02
7.100000e-07	-6.762421e-09	-2.812207e-09	-3.602757e+01	-3.269656e+02
7.200000e-07	-6.749092e-09	-2.801278e-09	-3.595656e+01	-3.262479e+02
7.300000e-07	-6.735564e-09	-2.804529e-09	-3.588449e+01	-3.255217e+02
7.400000e-07	-6.721821e-09	-2.804523e-09	-3.581127e+01	-3.247870e+02
7.500000e-07	-6.707887e-09	-2.805001e-09	-3.573704e+01	-3.240438e+02
7.600000e-07	-6.693746e-09	-2.793201e-09	-3.566170e+01	-3.232922e+02
7.700000e-07	-6.679396e-09	-2.778517e-09	-3.558525e+01	-3.225322e+02
7.800000e-07	-6.664873e-09	-2.774138e-09	-3.550787e+01	-3.217638e+02
7.900000e-07	-6.650176e-09	-2.779280e-09	-3.542957e+01	-3.209871e+02
8.000000e-07	-6.635316e-09	-2.778803e-09	-3.535040e+01	-3.202020e+02
8.100000e-07	-6.620282e-09	-2.771166e-09	-3.527030e+01	-3.194085e+02
8.200000e-07	-6.605014e-09	-2.765455e-09	-3.518896e+01	-3.186067e+02
8.300000e-07	-6.589515e-09	-2.753749e-09	-3.510639e+01	-3.177967e+02
8.400000e-07	-6.573791e-09	-2.747132e-09	-3.502262e+01	-3.169783e+02
8.500000e-07	-6.557786e-09	-2.743816e-09	-3.493735e+01	-3.161518e+02
8.600000e-07	-6.541469e-09	-2.739315e-09	-3.485042e+01	-3.153170e+02
8.700000e-07	-6.524929e-09	-2.731881e-09	-3.476230e+01	-3.144739e+02
8.800000e-07	-6.508161e-09	-2.726013e-09	-3.467297e+01	-3.136227e+02
8.900000e-07	-6.491128e-09	-2.720145e-09	-3.458222e+01	-3.127634e+02
9.000000e-07	-6.473867e-09	-2.709551e-09	-3.449026e+01	-3.118959e+02
9.100000e-07	-6.456400e-09	-2.700146e-09	-3.439720e+01	-3.110203e+02
9.200000e-07	-6.438777e-09	-2.690213e-09	-3.430332e+01	-3.101365e+02
9.300000e-07	-6.421027e-09	-2.688394e-09	-3.420875e+01	-3.092448e+02
9.400000e-07	-6.403142e-09	-2.691047e-09	-3.411347e+01	-3.083449e+02
9.500000e-07	-6.385118e-09	-2.688479e-09	-3.401744e+01	-3.074371e+02
9.600000e-07	-6.367010e-09	-2.676915e-09	-3.392097e+01	-3.065212e+02
9.700000e-07	-6.348800e-09	-2.659541e-09	-3.382395e+01	-3.055974e+02
9.800000e-07	-6.330473e-09	-2.643357e-09	-3.372631e+01	-3.046656e+02
9.900000e-07	-6.312051e-09	-2.633468e-09	-3.362817e+01	-3.037258e+02
1.000000e-06	-6.293503e-09	-2.632989e-09	-3.352935e+01	-3.027782e+02
1.010000e-06	-6.274831e-09	-2.632610e-09	-3.342987e+01	-3.018227e+02
1.020000e-06	-6.255993e-09	-2.629708e-09	-3.332951e+01	-3.008593e+02
1.030000e-06	-6.237001e-09	-2.621653e-09	-3.322833e+01	-2.998881e+02
1.040000e-06	-6.217830e-09	-2.610288e-09	-3.312619e+01	-2.989091e+02
1.050000e-06	-6.198454e-09	-2.599233e-09	-3.302297e+01	-2.979224e+02
1.060000e-06	-6.178888e-09	-2.588079e-09	-3.291872e+01	-2.969278e+02
1.070000e-06	-6.159107e-09	-2.580523e-09	-3.281334e+01	-2.959256e+02
1.080000e-06	-6.139166e-09	-2.577166e-09	-3.270710e+01	-2.949156e+02
1.090000e-06	-6.119085e-09	-2.577222e-09	-3.260012e+01	-2.938980e+02
1.100000e-06	-6.098878e-09	-2.571999e-09	-3.249246e+01	-2.928727e+02
1.110000e-06	-6.078553e-09	-2.559760e-09	-3.238418e+01	-2.918398e+02
1.120000e-06	-6.058130e-09	-2.543709e-09	-3.227537e+01	-2.907993e+02
1.130000e-06	-6.037635e-09	-2.528835e-09	-3.216618e+01	-2.897512e+02
1.140000e-06	-6.017054e-09	-2.522734e-09	-3.205653e+01	-2.886956e+02
1.150000e-06	-5.996398e-09	-2.521666e-09	-3.194649e+01	-2.876324e+02
1.160000e-06	-5.975665e-09	-2.519138e-09	-3.183603e+01	-2.865618e+02
1.170000e-06	-5.954848e-09	-2.511117e-09	-3.172512e+01	-2.854837e+02
1.180000e-06	-5.933956e-09	-2.500066e-09	-3.161382e+01	-2.843982e+02
1.190000e-06	-5.912940e-09	-2.487208e-09	-3.150185e+01	-2.833053e+02
1.200000e-06	-5.891757e-09	-2.474291e-09	-3.138900e+01	-2.822050e+02
1.210000e-06	-5.870420e-09	-2.463643e-09	-3.127532e+01	-2.810974e+02
1.220000e-06	-5.848924e-09	-2.455847e-09	-3.116080e+01	-2.799824e+02
1.230000e-06	-5.827252e-09	-2.452946e-09	-3.104534e+01	-2.788602e+02
1.240000e-06	-5.805402e-09	-2.449119e-09	-3.092893e+01	-2.777307e+02
1.250000e-06	-5.783386e-09	-2.441322e-09	-3.081164e+01	-2.765940e+02
1.260000e-06	-5.761201e-09	-2.430968e-09	-3.069344e+01	-2.754500e+02
1.270000e-06	-5.738856e-09	-2.419843e-09	-3.057440e+01	-2.742990e+02
1.280000e-06	-5.716394e-09	-2.409680e-09	-3.045473e+01	-2.731407e+02
1.290000e-06	-5.693822e-09	-2.401176e-09	-3.033448e+01	-2.719754e+02
1.300000e-06	-5.671117e-09	-2.392106e-09	-3.021351e+01	-2.708030e+02
1.310000e-06	-5.648273e-09	-2.378784e-09	-3.009181e+01	-2.696235e+02
1.320000e-06	-5.625292e-09	-2.364197e-09	-2.996937e+01	-2.684370e+02
1.330000e-06	-5.602175e-09	-2.353138e-09	-2.984621e+01	-2.672435e+02
1.340000e-06	-5.578906e-09	-2.347501e-09	-2.972225e+01	-2.660431e+02
1.350000e-06	-5.555490e-09	-2.343972e-09	-2.959750e+01	-2.648357e+02
1.360000e-06	-5.531945e-09	-2.338285e-09	-2.947205e+01	-2.636215e+02
1.370000e-06	-5.508228e-09	-2.328810e-09	-2.934570e+01	-2.624004e+02
1.380000e-06	-5.484361e-09	-2.316553e-09	-2.921855e+01	-2.611724e+02
1.390000e-06	-5.460342e-09	-2.302618e-09	-2.909058e+01	-2.599377e+02
1.400000e-06	-5.436179e-09	-2.286317e-09	-2.896185e+01	-2.586962e+02
1.410000e-06	-5.411898e-09	-2.270472e-09	-2.883249e+01	-2.574479e+02
1.420000e-06	-5.387491e-09	-2.260160e-09	-2.870246e+01	-2.561930e+02
1.430000e-06	-5.362986e-09	-2.258108e-09	-2.857191e+01	-2.549314e+02
1.440000e-06	-5.338422e-09	-2.260558e-09	-2.844104e+01	-2.536631e+02
1.450000e-06	-5.313795e-09	-2.255738e-09	-2.830983e+01	-2.523883e+02
1.460000e-06	-5.289081e-09	-2.241641e-09	-2.817817e+01	-2.511068e+02
1.470000e-06	-5.264244e-09	-2.224346e-09	-2.804585e+01	-2.498189e+02
1.480000e-06	-5.239312e-09	-2.207789e-09	-2.791302e+01	-2.485244e+02
1.490000e-06	-5.214282e-09	-2.194407e-09	-2.777967e+01	-2.472235e+02
1.500000e-06	-5.189123e-09	-2.181113e-09	-2.764563e+01	-2.459161e+02
1.510000e-06	-5.163831e-09	-2.168634e-09	-2.751088e+01	-2.446023e+02
1.520000e-06	-5.138387e-09	-2.160019e-09	-2.737533e+01	-2.432822e+02
1.530000e-06	-5.112757e-09	-2.156117e-09	-2.723878e+01	-2.419557e+02
1.540000e-06	-5.086919e-09	-2.152570e-09	-2.710113e+01	-2.406230e+02
1.550000e-06	-5.060896e-09	-2.144091e-09	-2.696249e+01	-2.392839e+02
1.560000e-06	-5.034645e-09	-2.129792e-09	-2.682263e+01	-2.379387e+02
1.570000e-06	-5.008160e-09	-2.111081e-09	-2.668153e+01	-2.365872e+02
1.580000e-06	-4.981436e-09	-2.094533e-09	-2.653916e+01	-2.352296e+02
1.590000e-06	-4.954462e-09	-2.081444e-09	-2.639544e+01	-2.338659e+02
1.600000e-06	-4.927295e-09	-2.071047e-09	-2.625071e+01	-2.324960e+02
1.610000e-06	-4.899963e-09	-2.061363e-09	-2.610509e+01	-2.311202e+02
1.620000e-06	-4.872424e-09	-2.052026e-09	-2.595838e+01	-2.297383e+02
1.630000e-06	-4.844701e-09	-2.047053e-09	-2.581068e+01	-2.283504e+02
1.640000e-06	-4.816831e-09	-2.040171e-09	-2.566220e+01	-2.269566e+02
1.650000e-06	-4.788793e-09	-2.026750e-09	-2.551283e+01	-2.255568e+02
1.660000e-06	-4.760610e-09	-2.006818e-09	-2.536268e+01	-2.241512e+02
1.670000e-06	-4.732327e-09	-1.989425e-09	-2.521200e+01	-2.227398e+02
1.680000e-06	-4.703955e-09	-1.980143e-09	-2.506084e+01	-2.213226e+02
1.690000e-06	-4.675502e-09	-1.973714e-09	-2.490925e+01	-2.198996e+02
1.700000e-06	-4.646989e-09	-1.965934e-09	-2.475735e+01	-2.184708e+02
1.710000e-06	-4.618429e-09	-1.951219e-09	-2.460519e+01	-2.170364e+02
1.720000e-06	-4.589808e-09	-1.935946e-09	-2.445271e+01	-2.155964e+02
1.730000e-06	-4.561118e-09	-1.925198e-09	-2.429986e+01	-2.141507e+02
1.740000e-06	-4.532376e-09	-1.918460e-09	-2.414673e+01	-2.126994e+02
1.750000e-06	-4.503588e-09	-1.910094e-09	-2.399336e+01	-2.112426e+02
1.760000e-06	-4.474718e-09	-1.894302e-09	-2.383955e+01	-2.097804e+02
1.770000e-06	-4.445749e-09	-1.877328e-09	-2.368522e+01	-2.083126e+02
1.780000e-06	-4.416685e-09	-1.862763e-09	-2.353037e+01	-2.068394e+02
1.790000e-06	-4.387512e-09	-1.850917e-09	-2.337495e+01	-2.053609e+02
1.800000e-06	-4.358215e-09	-1.838613e-09	-2.321886e+01	-2.038770e+02
1.810000e-06	-4.328775e-09	-1.825678e-09	-2.306202e+01	-2.023878e+02
1.820000e-06	-4.299218e-09	-1.815285e-09	-2.290455e+01	-2.008933e+02
1.830000e-06	-4.269537e-09	-1.807297e-09	-2.274642e+01	-1.993936e+02
1.840000e-06	-4.239728e-09	-1.798576e-09	-2.258761e+01	-1.978886e+02
1.850000e-06	-4.209812e-09	-1.783309e-09	-2.242823e+01	-1.963786e+02
1.860000e-06	-4.179785e-09	-1.763880e-09	-2.226826e+01	-1.948634e+02
1.870000e-06	-4.149627e-09	-1.744475e-09	-2.210759e+01	-1.933432e+02
1.880000e-06	-4.119363e-09	-1.727462e-09	-2.194635e+01	-1.918179e+02
1.890000e-06	-4.089023e-09	-1.714825e-09	-2.178471e+01	-1.902876e+02
1.900000e-06	-4.058592e-09	-1.701933e-09	-2.162259e+01	-1.887524e+02
1.910000e-06	-4.028069e-09	-1.686463e-09	-2.145998e+01	-1.872122e+02
1.920000e-06	-3.997477e-09	-1.669316e-09	-2.129699e+01	-1.856672e+02
1.930000e-06	-3.966819e-09	-1.653906e-09	-2.113366e+01	-1.841174e+02
1.940000e-06	-3.936083e-09	-1.641933e-09	-2.096991e+01	-1.825627e+02
1.950000e-06	-3.905268e-09	-1.630021e-09	-2.080574e+01	-1.810033e+02
1.960000e-06	-3.874362e-09	-1.615889e-09	-2.064108e+01	-1.794392e+02
1.970000e-06	-3.843358e-09	-1.598307e-09	-2.047590e+01	-1.778704e+02
1.980000e-06	-3.812273e-09	-1.582331e-09	-2.031030e+01	-1.762970e+02
1.990000e-06	-3.781105e-09	-1.569719e-09	-2.014424e+01	-1.747190e+02
2.000000e-06	-3.749852e-09	-1.556724e-09	-1.997774e+01	-1.731364e+02
2.010000e-06	-3.718498e-09	-1.542396e-09	-1.981070e+01	-1.715493e+02
2.020000e-06	-3.687039e-09	-1.527685e-09	-1.964310e+01	-1.699578e+02
2.030000e-06	-3.655511e-09	-1.513471e-09	-1.947513e+01	-1.683618e+02
2.040000e-06	-3.623898e-09	-1.499365e-09	-1.930671e+01	-1.667615e+02
2.050000e-06	-3.592176e-09	-1.486307e-09	-1.913770e+01	-1.651568e+02
2.060000e-06	-3.560339e-09	-1.471843e-09	-1.896809e+01	-1.635478e+02
2.070000e-06	-3.528420e-09	-1.455581e-09	-1.879804e+01	-1.619345e+02
2.080000e-06	-3.496414e-09	-1.440383e-09	-1.862752e+01	-1.603171e+02
2.090000e-06	-3.464291e-09	-1.427882e-09	-1.845638e+01	-1.586954e+02
2.100000e-06	-3.432094e-09	-1.416651e-09	-1.828485e+01	-1.570696e+02
2.110000e-06	-3.399838e-09	-1.402126e-09	-1.811300e+01	-1.554398e+02
2.120000e-06	-3.367510e-09	-1.384351e-09	-1.794077e+01	-1.538058e+02
2.130000e-06	-3.335126e-09	-1.365272e-09	-1.776824e+01	-1.521679e+02
2.140000e-06	-3.302696e-09	-1.347870e-09	-1.759547e+01	-1.505260e+02
2.150000e-06	-3.270183e-09	-1.333534e-09	-1.742225e+01	-1.488802e+02
2.160000e-06	-3.237601e-09	-1.321231e-09	-1.724866e+01	-1.472305e+02
2.170000e-06	-3.204986e-09	-1.308349e-09	-1.707490e+01	-1.455770e+02
2.180000e-06	-3.172336e-09	-1.292663e-09	-1.690095e+01	-1.439197e+02
2.190000e-06	-3.139665e-09	-1.274294e-09	-1.672690e+01	-1.422586e+02
2.200000e-06	-3.106947e-09	-1.254387e-09	-1.655259e+01	-1.405939e+02
2.210000e-06	-3.074167e-09	-1.236826e-09	-1.637795e+01	-1.389254e+02
2.220000e-06	-3.041332e-09	-1.220619e-09	-1.620302e+01	-1.372534e+02
2.230000e-06	-3.008447e-09	-1.204939e-09	-1.602781e+01	-1.355778e+02
2.240000e-06	-2.975499e-09	-1.190524e-09	-1.585228e+01	-1.338986e+02
2.250000e-06	-2.942470e-09	-1.175731e-09	-1.567632e+01	-1.322159e+02
2.260000e-06	-2.909384e-09	-1.159288e-09	-1.550005e+01	-1.305299e+02
2.270000e-06	-2.876226e-09	-1.141053e-09	-1.532339e+01	-1.288404e+02
2.280000e-06	-2.842990e-09	-1.123438e-09	-1.514633e+01	-1.271475e+02
2.290000e-06	-2.809694e-09	-1.106279e-09	-1.496894e+01	-1.254513e+02
2.300000e-06	-2.776315e-09	-1.090798e-09	-1.479110e+01	-1.237519e+02
2.310000e-06	-2.742833e-09	-1.076563e-09	-1.461273e+01	-1.220493e+02
2.320000e-06	-2.709251e-09	-1.061073e-09	-1.443381e+01	-1.203434e+02
2.330000e-06	-2.675561e-09	-1.044831e-09	-1.425433e+01	-1.186345e+02
2.340000e-06	-2.641745e-09	-1.028817e-09	-1.407417e+01	-1.169224e+02
2.350000e-06	-2.607808e-09	-1.015249e-09	-1.389337e+01	-1.152073e+02
2.360000e-06	-2.573784e-09	-1.002125e-09	-1.371210e+01	-1.134892e+02
2.370000e-06	-2.539691e-09	-9.874676e-10	-1.353046e+01	-1.117681e+02
2.380000e-06	-2.505508e-09	-9.714610e-10	-1.334835e+01	-1.100441e+02
2.390000e-06	-2.471217e-09	-9.543636e-10	-1.316566e+01	-1.083173e+02
2.400000e-06	-2.436804e-09	-9.368182e-10	-1.298232e+01	-1.065876e+02
2.410000e-06	-2.402243e-09	-9.186744e-10	-1.279820e+01	-1.048551e+02
2.420000e-06	-2.367529e-09	-9.025375e-10	-1.261326e+01	-1.031200e+02
2.430000e-06	-2.332726e-09	-8.892931e-10	-1.242784e+01	-1.013821e+02
2.440000e-06	-2.297866e-09	-8.770185e-10	-1.224212e+01	-9.964158e+01
2.450000e-06	-2.262920e-09	-8.624784e-10	-1.205594e+01	-9.789846e+01
2.460000e-06	-2.227881e-09	-8.429747e-10	-1.186926e+01	-9.615280e+01
2.470000e-06	-2.192735e-09	-8.212579e-10	-1.168202e+01	-9.440463e+01
2.480000e-06	-2.157497e-09	-8.023461e-10	-1.149429e+01	-9.265400e+01
2.490000e-06	-2.122173e-09	-7.869900e-10	-1.130610e+01	-9.090095e+01
2.500000e-06	-2.086764e-09	-7.708177e-10	-1.111745e+01	-8.914553e+01
2.510000e-06	-2.051248e-09	-7.542938e-10	-1.092824e+01	-8.738779e+01
2.520000e-06	-2.015632e-09	-7.399328e-10	-1.073849e+01	-8.562777e+01
2.530000e-06	-1.979973e-09	-7.271678e-10	-1.054851e+01	-8.386551e+01
2.540000e-06	-1.944228e-09	-7.143431e-10	-1.035808e+01	-8.210107e+01
2.550000e-06	-1.908398e-09	-6.978145e-10	-1.016719e+01	-8.033449e+01
2.560000e-06	-1.872524e-09	-6.794064e-10	-9.976066e+00	-7.856581e+01
2.570000e-06	-1.836582e-09	-6.646415e-10	-9.784581e+00	-7.679508e+01
2.580000e-06	-1.800578e-09	-6.528684e-10	-9.592766e+00	-7.502235e+01
2.590000e-06	-1.764525e-09	-6.382304e-10	-9.400685e+00	-7.324767e+01
2.600000e-06	-1.728404e-09	-6.187430e-10	-9.208250e+00	-7.147107e+01
2.610000e-06	-1.692232e-09	-5.984636e-10	-9.015539e+00	-6.969260e+01
2.620000e-06	-1.656041e-09	-5.815052e-10	-8.822724e+00	-6.791232e+01
2.630000e-06	-1.619811e-09	-5.686589e-10	-8.629706e+00	-6.613027e+01
2.640000e-06	-1.583531e-09	-5.570066e-10	-8.436417e+00	-6.434649e+01
2.650000e-06	-1.547223e-09	-5.430098e-10	-8.242982e+00	-6.256103e+01
2.660000e-06	-1.510897e-09	-5.266426e-10	-8.049451e+00	-6.077394e+01
2.670000e-06	-1.474536e-09	-5.104590e-10	-7.855734e+00	-5.898526e+01
2.680000e-06	-1.438136e-09	-4.961489e-10	-7.661809e+00	-5.719504e+01
2.690000e-06	-1.401734e-09	-4.820284e-10	-7.467871e+00	-5.540333e+01
2.700000e-06	-1.365330e-09	-4.654686e-10	-7.273923e+00	-5.361017e+01
2.710000e-06	-1.328898e-09	-4.474773e-10	-7.079830e+00	-5.181561e+01
2.720000e-06	-1.292447e-09	-4.295963e-10	-6.885632e+00	-5.001969e+01
2.730000e-06	-1.255980e-09	-4.141728e-10	-6.691348e+00	-4.822247e+01
2.740000e-06	-1.219485e-09	-4.003733e-10	-6.496918e+00	-4.642399e+01
2.750000e-06	-1.182968e-09	-3.856550e-10	-6.302369e+00	-4.462430e+01
2.760000e-06	-1.146435e-09	-3.705323e-10	-6.107735e+00	-4.282344e+01
2.770000e-06	-1.109889e-09	-3.567061e-10	-5.913034e+00	-4.102146e+01
2.780000e-06	-1.073334e-09	-3.442947e-10	-5.718281e+00	-3.921841e+01
2.790000e-06	-1.036767e-09	-3.298947e-10	-5.523467e+00	-3.741433e+01
2.800000e-06	-1.000197e-09	-3.109607e-10	-5.328635e+00	-3.560927e+01
2.810000e-06	-9.636055e-10	-2.887834e-10	-5.133688e+00	-3.380328e+01
2.820000e-06	-9.270041e-10	-2.684914e-10	-4.938690e+00	-3.199640e+01
2.830000e-06	-8.904075e-10	-2.533798e-10	-4.743717e+00	-3.018869e+01
2.840000e-06	-8.538000e-10	-2.418227e-10	-4.548685e+00	-2.838019e+01
2.850000e-06	-8.171794e-10	-2.296577e-10	-4.353585e+00	-2.657094e+01
2.860000e-06	-7.805472e-10	-2.149406e-10	-4.158422e+00	-2.476099e+01
2.870000e-06	-7.439061e-10	-1.987652e-10	-3.963212e+00	-2.295040e+01
2.880000e-06	-7.072595e-10	-1.818232e-10	-3.767973e+00	-2.113920e+01
2.890000e-06	-6.706102e-10	-1.636310e-10	-3.572719e+00	-1.932744e+01
2.900000e-06	-6.339476e-10	-1.436801e-10	-3.377394e+00	-1.751518e+01
2.910000e-06	-5.972721e-10	-1.246495e-10	-3.182001e+00	-1.570246e+01
2.920000e-06	-5.605941e-10	-1.096096e-10	-2.986594e+00	-1.388932e+01
2.930000e-06	-5.239210e-10	-9.741307e-11	-2.791213e+00	-1.207581e+01
2.940000e-06	-4.872292e-10	-8.531256e-11	-2.595733e+00	-1.026199e+01
2.950000e-06	-4.505361e-10	-7.058273e-11	-2.400247e+00	-8.447887e+00
2.960000e-06	-4.138426e-10	-5.146021e-11	-2.204757e+00	-6.633562e+00
2.970000e-06	-3.771377e-10	-3.067970e-11	-2.009207e+00	-4.819059e+00
2.980000e-06	-3.404303e-10	-1.396364e-11	-1.813644e+00	-3.004424e+00
2.990000e-06	-3.037233e-10	-1.248552e-12	-1.618083e+00	-1.189706e+00
3.000000e-06	-2.670227e-10	1.155777e-11	-1.422556e+00	6.250501e-01
3.010000e-06	-2.303184e-10	2.694546e-11	-1.227009e+00	2.439796e+00
3.020000e-06	-1.936179e-10	4.547007e-11	-1.031483e+00	4.254484e+00
3.030000e-06	-1.568929e-10	6.461639e-11	-8.358255e-01	6.069067e+00
3.040000e-06	-1.201567e-10	7.861510e-11	-6.401091e-01	7.883499e+00
3.050000e-06	-8.342754e-11	8.770787e-11	-4.444298e-01	9.697731e+00
3.060000e-06	-4.669522e-11	9.800318e-11	-2.487339e-01	1.151172e+01
3.070000e-06	-9.969537e-12	1.132378e-10	-5.307344e-02	1.332541e+01
3.080000e-06	2.676559e-11	1.336055e-10	1.426374e-01	1.513876e+01
3.090000e-06	6.349820e-11	1.532458e-10	3.383349e-01	1.695173e+01
3.100000e-06	1.002204e-10	1.689443e-10	5.339769e-01	1.876426e+01
3.110000e-06	1.369418e-10	1.819041e-10	7.296146e-01	2.057631e+01
3.120000e-06	1.736622e-10	1.961715e-10	9.252471e-01	2.238782e+01
3.130000e-06	2.103836e-10	2.117869e-10	1.120885e+00	2.419877e+01
3.140000e-06	2.470863e-10	2.241976e-10	1.316423e+00	2.600909e+01
3.150000e-06	2.837897e-10	2.348532e-10	1.511965e+00	2.781873e+01
3.160000e-06	3.205046e-10	2.485823e-10	1.707568e+00	2.962767e+01
3.170000e-06	3.571998e-10	2.683666e-10	1.903067e+00	3.143583e+01
3.180000e-06	3.938919e-10	2.884524e-10	2.098548e+00	3.324319e+01
3.190000e-06	4.305833e-10	3.027685e-10	2.294027e+00	3.504968e+01
3.200000e-06	4.672586e-10	3.131695e-10	2.489419e+00	3.685527e+01
3.210000e-06	5.039252e-10	3.266358e-10	2.684765e+00	3.865991e+01
3.220000e-06	5.405863e-10	3.472625e-10	2.880081e+00	4.046355e+01
3.230000e-06	5.772435e-10	3.697431e-10	3.075377e+00	4.226615e+01
3.240000e-06	6.139081e-10	3.858430e-10	3.270712e+00	4.406764e+01
3.250000e-06	6.505719e-10	3.947616e-10	3.466043e+00	4.586800e+01
3.260000e-06	6.872155e-10	4.065443e-10	3.661266e+00	4.766718e+01
3.270000e-06	7.238513e-10	4.244366e-10	3.856449e+00	4.946512e+01
3.280000e-06	7.604855e-10	4.445047e-10	4.051621e+00	5.126177e+01
3.290000e-06	7.971094e-10	4.603549e-10	4.246740e+00	5.305711e+01
3.300000e-06	8.337150e-10	4.708947e-10	4.441761e+00	5.485106e+01
3.310000e-06	8.703135e-10	4.823666e-10	4.636744e+00	5.664360e+01
3.320000e-06	9.069047e-10	4.960942e-10	4.831688e+00	5.843467e+01
3.330000e-06	9.434766e-10	5.130883e-10	5.026529e+00	6.022423e+01
3.340000e-06	9.800399e-10	5.293869e-10	5.221325e+00	6.201222e+01
3.350000e-06	1.016604e-09	5.452831e-10	5.416124e+00	6.379861e+01
3.360000e-06	1.053152e-09	5.622047e-10	5.610836e+00	6.558335e+01
3.370000e-06	1.089678e-09	5.792916e-10	5.805437e+00	6.736638e+01
3.380000e-06	1.126204e-09	5.956298e-10	6.000033e+00	6.914767e+01
3.390000e-06	1.162722e-09	6.068782e-10	6.194585e+00	7.092717e+01
3.400000e-06	1.199228e-09	6.169059e-10	6.389077e+00	7.270483e+01
3.410000e-06	1.235725e-09	6.303027e-10	6.583516e+00	7.448060e+01
3.420000e-06	1.272199e-09	6.492796e-10	6.777840e+00	7.625445e+01
3.430000e-06	1.308643e-09	6.703983e-10	6.971998e+00	7.802631e+01
3.440000e-06	1.345060e-09	6.888369e-10	7.166013e+00	7.979616e+01
3.450000e-06	1.381473e-09	7.028092e-10	7.360009e+00	8.156393e+01
3.460000e-06	1.417864e-09	7.116267e-10	7.553888e+00	8.332959e+01
3.470000e-06	1.454223e-09	7.205891e-10	7.747595e+00	8.509309e+01
3.480000e-06	1.490568e-09	7.323975e-10	7.941224e+00	8.685438e+01
3.490000e-06	1.526881e-09	7.491009e-10	8.134686e+00	8.861341e+01
3.500000e-06	1.563149e-09	7.695181e-10	8.327912e+00	9.037015e+01
3.510000e-06	1.599385e-09	7.895221e-10	8.520963e+00	9.212455e+01
3.520000e-06	1.635612e-09	8.079943e-10	8.713967e+00	9.387655e+01
3.530000e-06	1.671795e-09	8.231191e-10	8.906735e+00	9.562612e+01
3.540000e-06	1.707917e-09	8.362963e-10	9.099177e+00	9.737321e+01
3.550000e-06	1.744006e-09	8.489785e-10	9.291445e+00	9.911777e+01
3.560000e-06	1.780027e-09	8.624225e-10	9.483355e+00	1.008598e+02
3.570000e-06	1.815998e-09	8.787866e-10	9.674993e+00	1.025991e+02
3.580000e-06	1.851928e-09	8.962520e-10	9.866412e+00	1.043358e+02
3.590000e-06	1.887766e-09	9.132147e-10	1.005734e+01	1.060698e+02
3.600000e-06	1.923518e-09	9.293742e-10	1.024781e+01	1.078011e+02
3.610000e-06	1.959215e-09	9.446358e-10	1.043800e+01	1.095296e+02
3.620000e-06	1.994851e-09	9.585839e-10	1.062785e+01	1.112552e+02
3.630000e-06	2.030417e-09	9.718416e-10	1.081733e+01	1.129779e+02
3.640000e-06	2.065925e-09	9.854428e-10	1.100650e+01	1.146977e+02
3.650000e-06	2.101358e-09	9.995529e-10	1.119528e+01	1.164145e+02
3.660000e-06	2.136654e-09	1.015014e-09	1.138332e+01	1.181283e+02
3.670000e-06	2.171819e-09	1.031222e-09	1.157066e+01	1.198390e+02
3.680000e-06	2.206906e-09	1.046380e-09	1.175759e+01	1.215466e+02
3.690000e-06	2.241897e-09	1.060550e-09	1.194401e+01	1.232511e+02
3.700000e-06	2.276745e-09	1.075521e-09	1.212967e+01	1.249523e+02
3.710000e-06	2.311478e-09	1.092277e-09	1.231471e+01	1.266504e+02
3.720000e-06	2.346137e-09	1.109966e-09	1.249936e+01	1.283451e+02
3.730000e-06	2.380706e-09	1.126444e-09	1.268353e+01	1.300365e+02
3.740000e-06	2.415157e-09	1.140913e-09	1.286707e+01	1.317245e+02
3.750000e-06	2.449471e-09	1.152932e-09	1.304988e+01	1.334091e+02
3.760000e-06	2.483683e-09	1.164381e-09	1.323215e+01	1.350902e+02
3.770000e-06	2.517792e-09	1.178595e-09	1.341387e+01	1.367679e+02
3.780000e-06	2.551802e-09	1.195422e-09	1.359506e+01	1.384420e+02
3.790000e-06	2.585728e-09	1.214786e-09	1.377580e+01	1.401124e+02
3.800000e-06	2.619520e-09	1.233669e-09	1.395584e+01	1.417793e+02
3.810000e-06	2.653212e-09	1.249054e-09	1.413533e+01	1.434425e+02
3.820000e-06	2.686809e-09	1.260255e-09	1.431432e+01	1.451019e+02
3.830000e-06	2.720304e-09	1.270264e-09	1.449277e+01	1.467576e+02
3.840000e-06	2.753711e-09	1.283368e-09	1.467075e+01	1.484094e+02
3.850000e-06	2.787014e-09	1.299080e-09	1.484818e+01	1.500574e+02
3.860000e-06	2.820234e-09	1.315386e-09	1.502516e+01	1.517016e+02
3.870000e-06	2.853368e-09	1.329647e-09	1.520169e+01	1.533417e+02
3.880000e-06	2.886413e-09	1.343944e-09	1.537774e+01	1.549779e+02
3.890000e-06	2.919390e-09	1.359910e-09	1.555343e+01	1.566101e+02
3.900000e-06	2.952303e-09	1.376564e-09	1.572877e+01	1.582382e+02
3.910000e-06	2.985167e-09	1.392742e-09	1.590386e+01	1.598622e+02
3.920000e-06	3.018006e-09	1.407177e-09	1.607881e+01	1.614820e+02
3.930000e-06	3.050802e-09	1.422064e-09	1.625354e+01	1.630977e+02
3.940000e-06	3.083535e-09	1.438844e-09	1.642793e+01	1.647091e+02
3.950000e-06	3.116242e-09	1.454957e-09	1.660218e+01	1.663162e+02
3.960000e-06	3.148920e-09	1.466480e-09	1.677627e+01	1.679190e+02
3.970000e-06	3.181543e-09	1.474611e-09	1.695007e+01	1.695175e+02
3.980000e-06	3.214128e-09	1.486122e-09	1.712368e+01	1.711115e+02
3.990000e-06	3.246663e-09	1.503817e-09	1.729701e+01	1.727011e+02
4.000000e-06	3.279156e-09	1.522975e-09	1.747012e+01	1.742862e+02
4.010000e-06	3.311618e-09	1.538049e-09	1.764307e+01	1.758668e+02
4.020000e-06	3.344024e-09	1.546915e-09	1.781571e+01	1.774429e+02
4.030000e-06	3.376356e-09	1.554734e-09	1.798797e+01	1.790143e+02
4.040000e-06	3.408621e-09	1.567671e-09	1.815986e+01	1.805810e+02
4.050000e-06	3.440818e-09	1.583972e-09	1.833139e+01	1.821431e+02
4.060000e-06	3.472915e-09	1.598146e-09	1.850239e+01	1.837005e+02
4.070000e-06	3.504918e-09	1.608934e-09	1.867290e+01	1.852530e+02
4.080000e-06	3.536842e-09	1.620434e-09	1.884297e+01	1.868008e+02
4.090000e-06	3.568656e-09	1.633947e-09	1.901246e+01	1.883437e+02
4.100000e-06	3.600364e-09	1.649692e-09	1.918139e+01	1.898817e+02
4.110000e-06	3.631963e-09	1.665129e-09	1.934974e+01	1.914148e+02
4.120000e-06	3.663442e-09	1.677461e-09	1.951745e+01	1.929429e+02
4.130000e-06	3.694808e-09	1.689629e-09	1.968455e+01	1.944660e+02
4.140000e-06	3.726086e-09	1.704302e-09	1.985119e+01	1.959841e+02
4.150000e-06	3.757265e-09	1.720758e-09	2.001730e+01	1.974970e+02
4.160000e-06	3.788328e-09	1.734405e-09	2.018279e+01	1.990048e+02
4.170000e-06	3.819283e-09	1.743900e-09	2.034771e+01	2.005075e+02
4.180000e-06	3.850175e-09	1.753189e-09	2.051228e+01	2.020049e+02
4.190000e-06	3.881006e-09	1.766941e-09	2.067654e+01	2.034971e+02
4.200000e-06	3.911776e-09	1.784895e-09	2.084047e+01	2.049841e+02
4.210000e-06	3.942479e-09	1.801368e-09	2.100405e+01	2.064657e+02
4.220000e-06	3.973078e-09	1.814446e-09	2.116707e+01	2.079419e+02
4.230000e-06	4.003596e-09	1.824555e-09	2.132966e+01	2.094127e+02
4.240000e-06	4.034069e-09	1.835254e-09	2.149200e+01	2.108781e+02
4.250000e-06	4.064474e-09	1.849113e-09	2.165399e+01	2.123380e+02
4.260000e-06	4.094786e-09	1.861959e-09	2.181548e+01	2.137924e+02
4.270000e-06	4.125005e-09	1.871012e-09	2.197647e+01	2.152412e+02
4.280000e-06	4.155118e-09	1.879894e-09	2.213690e+01	2.166845e+02
4.290000e-06	4.185115e-09	1.895001e-09	2.229672e+01	2.181221e+02
4.300000e-06	4.214974e-09	1.913205e-09	2.245580e+01	2.195540e+02
4.310000e-06	4.244728e-09	1.928774e-09	2.261431e+01	2.209803e+02
4.320000e-06	4.274364e-09	1.937820e-09	2.277220e+01	2.224008e+02
4.330000e-06	4.303858e-09	1.942569e-09	2.292934e+01	2.238155e+02
4.340000e-06	4.333222e-09	1.952824e-09	2.308577e+01	2.252244e+02
4.350000e-06	4.362464e-09	1.968168e-09	2.324156e+01	2.266275e+02
4.360000e-06	4.391608e-09	1.981738e-09	2.339683e+01	2.280246e+02
4.370000e-06	4.420641e-09	1.990613e-09	2.355151e+01	2.294159e+02
4.380000e-06	4.449587e-09	2.000897e-09	2.370572e+01	2.308012e+02
4.390000e-06	4.478470e-09	2.017097e-09	2.385960e+01	2.321804e+02
4.400000e-06	4.507271e-09	2.036076e-09	2.401304e+01	2.335537e+02
4.410000e-06	4.536013e-09	2.052098e-09	2.416616e+01	2.349209e+02
4.420000e-06	4.564695e-09	2.059628e-09	2.431897e+01	2.362820e+02
4.430000e-06	4.593297e-09	2.062778e-09	2.447135e+01	2.376369e+02
4.440000e-06	4.621874e-09	2.067758e-09	2.462360e+01	2.389857e+02
4.450000e-06	4.650414e-09	2.079955e-09	2.477565e+01	2.403282e+02
4.460000e-06	4.678875e-09	2.096778e-09	2.492728e+01	2.416646e+02
4.470000e-06	4.707249e-09	2.111960e-09	2.507845e+01	2.429946e+02
4.480000e-06	4.735537e-09	2.125541e-09	2.522915e+01	2.443183e+02
4.490000e-06	4.763729e-09	2.138619e-09	2.537935e+01	2.456357e+02
4.500000e-06	4.791790e-09	2.151595e-09	2.552885e+01	2.469467e+02
4.510000e-06	4.819695e-09	2.159230e-09	2.567751e+01	2.482513e+02
4.520000e-06	4.847446e-09	2.162272e-09	2.582536e+01	2.495494e+02
4.530000e-06	4.875007e-09	2.166823e-09	2.597219e+01	2.508410e+02
4.540000e-06	4.902353e-09	2.177938e-09	2.611788e+01	2.521262e+02
4.550000e-06	4.929463e-09	2.195495e-09	2.626231e+01	2.534047e+02
4.560000e-06	4.956324e-09	2.211540e-09	2.640542e+01	2.546767e+02
4.570000e-06	4.982975e-09	2.222679e-09	2.654740e+01	2.559421e+02
4.580000e-06	5.009389e-09	2.230040e-09	2.668812e+01	2.572008e+02
4.590000e-06	5.035598e-09	2.237344e-09	2.682776e+01	2.584529e+02
4.600000e-06	5.061613e-09	2.245788e-09	2.696636e+01	2.596982e+02
4.610000e-06	5.087389e-09	2.253471e-09	2.710368e+01	2.609368e+02
4.620000e-06	5.112993e-09	2.261645e-09	2.724009e+01	2.621686e+02
4.630000e-06	5.138433e-09	2.272263e-09	2.737562e+01	2.633935e+02
4.640000e-06	5.163713e-09	2.285877e-09	2.751030e+01	2.646117e+02
4.650000e-06	5.188844e-09	2.298405e-09	2.764419e+01	2.658229e+02
4.660000e-06	5.213822e-09	2.305639e-09	2.777726e+01	2.670273e+02
4.670000e-06	5.238677e-09	2.308404e-09	2.790968e+01	2.682247e+02
4.680000e-06	5.263447e-09	2.311088e-09	2.804165e+01	2.694152e+02
4.690000e-06	5.288137e-09	2.318912e-09	2.817318e+01	2.705986e+02
4.700000e-06	5.312740e-09	2.331091e-09	2.830426e+01	2.717750e+02
4.710000e-06	5.337272e-09	2.342907e-09	2.843496e+01	2.729444e+02
4.720000e-06	5.361703e-09	2.352008e-09	2.856512e+01	2.741066e+02
4.730000e-06	5.386049e-09	2.359749e-09	2.869482e+01	2.752618e+02
4.740000e-06	5.410280e-09	2.370303e-09	2.882392e+01	2.764097e+02
4.750000e-06	5.434366e-09	2.383611e-09	2.895223e+01	2.775505e+02
4.760000e-06	5.458336e-09	2.394328e-09	2.907994e+01	2.786841e+02
4.770000e-06	5.482141e-09	2.399403e-09	2.920676e+01	2.798105e+02
4.780000e-06	5.505802e-09	2.402486e-09	2.933282e+01	2.809296e+02
4.790000e-06	5.529312e-09	2.408883e-09	2.945807e+01	2.820413e+02
4.800000e-06	5.552632e-09	2.419809e-09	2.958231e+01	2.831458e+02
4.810000e-06	5.575818e-09	2.432358e-09	2.970584e+01	2.842429e+02
4.820000e-06	5.598860e-09	2.443417e-09	2.982860e+01	2.853326e+02
4.830000e-06	5.621766e-09	2.453107e-09	2.995063e+01	2.864149e+02
4.840000e-06	5.644579e-09	2.463246e-09	3.007217e+01	2.874897e+02
4.850000e-06	5.667284e-09	2.473094e-09	3.019313e+01	2.885571e+02
4.860000e-06	5.689854e-09	2.480048e-09	3.031337e+01	2.896169e+02
4.870000e-06	5.712298e-09	2.485036e-09	3.043295e+01	2.906693e+02
4.880000e-06	5.734610e-09	2.489143e-09	3.055182e+01	2.917141e+02
4.890000e-06	5.756779e-09	2.495566e-09	3.066993e+01	2.927513e+02
4.900000e-06	5.778816e-09	2.506555e-09	3.078733e+01	2.937809e+02
4.910000e-06	5.800687e-09	2.518842e-09	3.090385e+01	2.948029e+02
4.920000e-06	5.822382e-09	2.530568e-09	3.101943e+01	2.958172e+02
4.930000e-06	5.843890e-09	2.539848e-09	3.113402e+01	2.968238e+02
4.940000e-06	5.865225e-09	2.546568e-09	3.124768e+01	2.978227e+02
4.950000e-06	5.886417e-09	2.552692e-09	3.136058e+01	2.988139e+02
4.960000e-06	5.907465e-09	2.558688e-09	3.147272e+01	2.997973e+02
4.970000e-06	5.928405e-09	2.565613e-09	3.158428e+01	3.007729e+02
4.980000e-06	5.949257e-09	2.572854e-09	3.169537e+01	3.017407e+02
4.990000e-06	5.970018e-09	2.580737e-09	3.180598e+01	3.027007e+02
5.000000e-06	5.990683e-09	2.590002e-09	3.191607e+01	3.036528e+02
5.010000e-06	6.011287e-09	2.598954e-09	3.202584e+01	3.045970e+02
5.020000e-06	6.031836e-09	2.606855e-09	3.213532e+01	3.055332e+02
5.030000e-06	6.052298e-09	2.613449e-09	3.224433e+01	3.064616e+02
5.040000e-06	6.072656e-09	2.620531e-09	3.235279e+01	3.073820e+02
5.050000e-06	6.092886e-09	2.627774e-09	3.246057e+01	3.082944e+02
5.060000e-06	6.112984e-09	2.634029e-09	3.256765e+01	3.091987e+02
5.070000e-06	6.132940e-09	2.638973e-09	3.267396e+01	3.100951e+02
5.080000e-06	6.152747e-09	2.642807e-09	3.277949e+01	3.109834e+02
5.090000e-06	6.172371e-09	2.649733e-09	3.288403e+01	3.118636e+02
5.100000e-06	6.191785e-09	2.659491e-09	3.298747e+01	3.127357e+02
5.110000e-06	6.210993e-09	2.669474e-09	3.308980e+01	3.135996e+02
5.120000e-06	6.230012e-09	2.677720e-09	3.319113e+01	3.144555e+02
5.130000e-06	6.248863e-09	2.681929e-09	3.329156e+01	3.153031e+02
5.140000e-06	6.267516e-09	2.683298e-09	3.339093e+01	3.161426e+02
5.150000e-06	6.286018e-09	2.685807e-09	3.348950e+01	3.169738e+02
5.160000e-06	6.304397e-09	2.692509e-09	3.358742e+01	3.177968e+02
5.170000e-06	6.322639e-09	2.699579e-09	3.368461e+01	3.186115e+02
5.180000e-06	6.340783e-09	2.704436e-09	3.378127e+01	3.194180e+02
5.190000e-06	6.358814e-09	2.708905e-09	3.387733e+01	3.202162e+02
5.200000e-06	6.376741e-09	2.715911e-09	3.397284e+01	3.210060e+02
5.210000e-06	6.394594e-09	2.725803e-09	3.406795e+01	3.217875e+02
5.220000e-06	6.412335e-09	2.734819e-09	3.416247e+01	3.225606e+02
5.230000e-06	6.429923e-09	2.742602e-09	3.425617e+01	3.233254e+02
5.240000e-06	6.447338e-09	2.749578e-09	3.434895e+01	3.240817e+02
5.250000e-06	6.464612e-09	2.755379e-09	3.444098e+01	3.248296e+02
5.260000e-06	6.481718e-09	2.759484e-09	3.453212e+01	3.255691e+02
5.270000e-06	6.498604e-09	2.761960e-09	3.462208e+01	3.263001e+02
5.280000e-06	6.515290e-09	2.765831e-09	3.471098e+01	3.270227e+02
5.290000e-06	6.531709e-09	2.772770e-09	3.479845e+01	3.277367e+02
5.300000e-06	6.547840e-09	2.780378e-09	3.488439e+01	3.284422e+02
5.310000e-06	6.563711e-09	2.785934e-09	3.496895e+01	3.291392e+02
5.320000e-06	6.579302e-09	2.790771e-09	3.505201e+01	3.298277e+02
5.330000e-06	6.594645e-09	2.796098e-09	3.513375e+01	3.305075e+02
5.340000e-06	6.609784e-09	2.801900e-09	3.521440e+01	3.311788e+02
5.350000e-06	6.624743e-09	2.807856e-09	3.529409e+01	3.318415e+02
5.360000e-06	6.639553e-09	2.812166e-09	3.537300e+01	3.324955e+02
5.370000e-06	6.654235e-09	2.814522e-09	3.545122e+01	3.331409e+02
5.380000e-06	6.668746e-09	2.818352e-09	3.552853e+01	3.337776e+02
5.390000e-06	6.683064e-09	2.824922e-09	3.560481e+01	3.344057e+02
5.400000e-06	6.697215e-09	2.832522e-09	3.568020e+01	3.350251e+02
5.410000e-06	6.711202e-09	2.841096e-09	3.575472e+01	3.356357e+02
5.420000e-06	6.724978e-09	2.849273e-09	3.582811e+01	3.362377e+02
5.430000e-06	6.738535e-09	2.857369e-09	3.590034e+01	3.368309e+02
5.440000e-06	6.751895e-09	2.865780e-09	3.597151e+01	3.374153e+02
5.450000e-06	6.765058e-09	2.873312e-09	3.604164e+01	3.379910e+02
5.460000e-06	6.778051e-09	2.877510e-09	3.611086e+01	3.385579e+02
5.470000e-06	6.790900e-09	2.877265e-09	3.617932e+01	3.391160e+02
5.480000e-06	6.803599e-09	2.877219e-09	3.624697e+01	3.396653e+02
5.490000e-06	6.816155e-09	2.881033e-09	3.631387e+01	3.402058e+02
5.500000e-06	6.828580e-09	2.889596e-09	3.638006e+01	3.407374e+02
5.510000e-06	6.840844e-09	2.899680e-09	3.644540e+01	3.412601e+02
5.520000e-06	6.852910e-09	2.907571e-09	3.650968e+01	3.417740e+02
5.530000e-06	6.864753e-09	2.914960e-09	3.657278e+01	3.422790e+02
5.540000e-06	6.876351e-09	2.922151e-09	3.663456e+01	3.427752e+02
5.550000e-06	6.887697e-09	2.927473e-09	3.669501e+01	3.432624e+02
5.560000e-06	6.898775e-09	2.930117e-09	3.675403e+01	3.437406e+02
5.570000e-06	6.909542e-09	2.931062e-09	3.681139e+01	3.442100e+02
5.580000e-06	6.919977e-09	2.933325e-09	3.686698e+01	3.446704e+02
5.590000e-06	6.930115e-09	2.938813e-09	3.692099e+01	3.451218e+02
5.600000e-06	6.939990e-09	2.945763e-09	3.697360e+01	3.455643e+02
5.610000e-06	6.949602e-09	2.951920e-09	3.702481e+01	3.459978e+02
5.620000e-06	6.958955e-09	2.957676e-09	3.707464e+01	3.464223e+02
5.630000e-06	6.968092e-09	2.962610e-09	3.712332e+01	3.468378e+02
5.640000e-06	6.977074e-09	2.965479e-09	3.717117e+01	3.472443e+02
5.650000e-06	6.985926e-09	2.966660e-09	3.721833e+01	3.476417e+02
5.660000e-06	6.994672e-09	2.967106e-09	3.726493e+01	3.480302e+02
5.670000e-06	7.003315e-09	2.969605e-09	3.731098e+01	3.484095e+02
5.680000e-06	7.011866e-09	2.975121e-09	3.735653e+01	3.487799e+02
5.690000e-06	7.020331e-09	2.979134e-09	3.740163e+01	3.491411e+02
5.700000e-06	7.028657e-09	2.980519e-09	3.744599e+01	3.494933e+02
5.710000e-06	7.036849e-09	2.983111e-09	3.748963e+01	3.498364e+02
5.720000e-06	7.044890e-09	2.987535e-09	3.753247e+01	3.501704e+02
5.730000e-06	7.052732e-09	2.993741e-09	3.757425e+01	3.504953e+02
5.740000e-06	7.060383e-09	3.000603e-09	3.761501e+01	3.508111e+02
5.750000e-06	7.067830e-09	3.003777e-09	3.765468e+01	3.511178e+02
5.760000e-06	7.075078e-09	3.003783e-09	3.769330e+01	3.514153e+02
5.770000e-06	7.082130e-09	3.003584e-09	3.773087e+01	3.517038e+02
5.780000e-06	7.089022e-09	3.003600e-09	3.776759e+01	3.519830e+02
5.790000e-06	7.095767e-09	3.004005e-09	3.780352e+01	3.522532e+02
5.800000e-06	7.102337e-09	3.006584e-09	3.783853e+01	3.525141e+02
5.810000e-06	7.108764e-09	3.012636e-09	3.787276e+01	3.527660e+02
5.820000e-06	7.115055e-09	3.020505e-09	3.790628e+01	3.530086e+02
5.830000e-06	7.121151e-09	3.026630e-09	3.793876e+01	3.532421e+02
5.840000e-06	7.127035e-09	3.026597e-09	3.797011e+01	3.534664e+02
5.850000e-06	7.132700e-09	3.024343e-09	3.800028e+01	3.536815e+02
5.860000e-06	7.138155e-09	3.023903e-09	3.802935e+01	3.538874e+02
5.870000e-06	7.143423e-09	3.023990e-09	3.805741e+01	3.540841e+02
5.880000e-06	7.148488e-09	3.025332e-09	3.808440e+01	3.542716e+02
5.890000e-06	7.153399e-09	3.025954e-09	3.811056e+01	3.544499e+02
5.900000e-06	7.158207e-09	3.026167e-09	3.813617e+01	3.546190e+02
5.910000e-06	7.162923e-09	3.029024e-09	3.816130e+01	3.547788e+02
5.920000e-06	7.167560e-09	3.034345e-09	3.818600e+01	3.549295e+02
5.930000e-06	7.172099e-09	3.038631e-09	3.821019e+01	3.550709e+02
5.940000e-06	7.176526e-09	3.039295e-09	3.823377e+01	3.552031e+02
5.950000e-06	7.180821e-09	3.035876e-09	3.825665e+01	3.553261e+02
5.960000e-06	7.184964e-09	3.031755e-09	3.827873e+01	3.554398e+02
5.970000e-06	7.188959e-09	3.028092e-09	3.830001e+01	3.555443e+02
5.980000e-06	7.192704e-09	3.024029e-09	3.831996e+01	3.556396e+02
5.990000e-06	7.196192e-09	3.021724e-09	3.833854e+01	3.557256e+02
6.000000e-06	7.199418e-09	3.023960e-09	3.835573e+01	3.558023e+02
6.010000e-06	7.202322e-09	3.032749e-09	3.837120e+01	3.558698e+02
6.020000e-06	7.204933e-09	3.040805e-09	3.838511e+01	3.559281e+02
6.030000e-06	7.207222e-09	3.043547e-09	3.839731e+01	3.559771e+02
6.040000e-06	7.209232e-09	3.040274e-09	3.840802e+01	3.560169e+02
6.050000e-06	7.211013e-09	3.033259e-09	3.841750e+01	3.560474e+02
6.060000e-06	7.212525e-09	3.028492e-09	3.842556e+01	3.560686e+02
6.070000e-06	7.213780e-09	3.027743e-09	3.843224e+01	3.560806e+02
6.080000e-06	7.214827e-09	3.030536e-09	3.843782e+01	3.560834e+02
6.090000e-06	7.215734e-09	3.032502e-09	3.844265e+01	3.560769e+02
6.100000e-06	7.216529e-09	3.033050e-09	3.844689e+01	3.560611e+02
6.110000e-06	7.217200e-09	3.033994e-09	3.845046e+01	3.560361e+02
6.120000e-06	7.217784e-09	3.036317e-09	3.845358e+01	3.560018e+02
6.130000e-06	7.218285e-09	3.038725e-09	3.845624e+01	3.559583e+02
6.140000e-06	7.218664e-09	3.039188e-09	3.845826e+01	3.559055e+02
6.150000e-06	7.218903e-09	3.038090e-09	3.845954e+01	3.558435e+02
6.160000e-06	7.218971e-09	3.032344e-09	3.845990e+01	3.557722e+02
6.170000e-06	7.218845e-09	3.016324e-09	3.845922e+01	3.556917e+02
6.180000e-06	7.218536e-09	2.996057e-09	3.845758e+01	3.556019e+02
6.190000e-06	7.218034e-09	3.017334e-09	3.845490e+01	3.555029e+02
6.200000e-06	7.217349e-09	3.099227e-09	3.845125e+01	3.553947e+02
6.210000e-06	7.216497e-09	3.192332e-09	3.844672e+01	3.552772e+02
6.220000e-06	7.215481e-09	3.153666e-09	3.844130e+01	3.551505e+02
6.230000e-06	7.214284e-09	2.953710e-09	3.843492e+01	3.550145e+02
6.240000e-06	7.212871e-09	2.939732e-09	3.842740e+01	3.548693e+02
6.250000e-06	7.211200e-09	3.074569e-09	3.841850e+01	3.547149e+02
6.260000e-06	7.209269e-09	2.955185e-09	3.840820e+01	3.545513e+02
6.270000e-06	7.207144e-09	3.016162e-09	3.839689e+01	3.543785e+02
6.280000e-06	7.204891e-09	3.264665e-09	3.838488e+01	3.541964e+02
6.290000e-06	7.202548e-09	3.306234e-09	3.837240e+01	3.540052e+02
6.300000e-06	7.200088e-09	3.239858e-09	3.835929e+01	3.538047e+02
6.310000e-06	7.197517e-09	3.030364e-09	3.834560e+01	3.535951e+02
6.320000e-06	7.194804e-09	2.922988e-09	3.833114e+01	3.533762e+02
6.330000e-06	7.191894e-09	2.885420e-09	3.831564e+01	3.531482e+02
6.340000e-06	7.188836e-09	2.999071e-09	3.829935e+01	3.529110e+02
6.350000e-06	7.185643e-09	3.140774e-09	3.828233e+01	3.526646e+02
6.360000e-06	7.182348e-09	3.099046e-09	3.826478e+01	3.524091e+02
6.370000e-06	7.178945e-09	3.134631e-09	3.824665e+01	3.521444e+02
6.380000e-06	7.175420e-09	3.156411e-09	3.822787e+01	3.518705e+02
6.390000e-06	7.171745e-09	3.103701e-09	3.820829e+01	3.515875e+02
6.400000e-06	7.167897e-09	2.860611e-09	3.818779e+01	3.512954e+02
6.410000e-06	7.163858e-09	2.852760e-09	3.816627e+01	3.509941e+02
6.420000e-06	7.159568e-09	3.151299e-09	3.814341e+01	3.506837e+02
6.430000e-06	7.155063e-09	3.222629e-09	3.811941e+01	3.503642e+02
6.440000e-06	7.150289e-09	3.079604e-09	3.809398e+01	3.500356e+02
6.450000e-06	7.145219e-09	2.987832e-09	3.806697e+01	3.496979e+02
6.460000e-06	7.139875e-09	3.069550e-09	3.803850e+01	3.493511e+02
6.470000e-06	7.134259e-09	2.991273e-09	3.800858e+01	3.489952e+02
6.480000e-06	7.128326e-09	2.897236e-09	3.797697e+01	3.486303e+02
6.490000e-06	7.122081e-09	3.000850e-09	3.794370e+01	3.482563e+02
6.500000e-06	7.115588e-09	3.121290e-09	3.790911e+01	3.478732e+02
6.510000e-06	7.108866e-09	3.090597e-09	3.787329e+01	3.474811e+02
6.520000e-06	7.101968e-09	3.007837e-09	3.783654e+01	3.470800e+02
6.530000e-06	7.094923e-09	3.039365e-09	3.779901e+01	3.466698e+02
6.540000e-06	7.087774e-09	2.966999e-09	3.776092e+01	3.462507e+02
6.550000e-06	7.080502e-09	2.883724e-09	3.772218e+01	3.458225e+02
6.560000e-06	7.073089e-09	2.962457e-09	3.768268e+01	3.453854e+02
6.570000e-06	7.065572e-09	3.095264e-09	3.764264e+01	3.449392e+02
6.580000e-06	7.057932e-09	3.055756e-09	3.760194e+01	3.444842e+02
6.590000e-06	7.050133e-09	2.958725e-09	3.756039e+01	3.440201e+02
6.600000e-06	7.042187e-09	2.981248e-09	3.751805e+01	3.435471e+02
6.610000e-06	7.034068e-09	2.955747e-09	3.747479e+01	3.430652e+02
6.620000e-06	7.025728e-09	2.908392e-09	3.743036e+01	3.425744e+02
6.630000e-06	7.017200e-09	2.943423e-09	3.738493e+01	3.420746e+02
6.640000e-06	7.008484e-09	3.013352e-09	3.733849e+01	3.415660e+02
6.650000e-06	6.999571e-09	2.969782e-09	3.729101e+01	3.410485e+02
6.660000e-06	6.990515e-09	2.932022e-09	3.724276e+01	3.405221e+02
6.670000e-06	6.981312e-09	2.966914e-09	3.719373e+01	3.399869e+02
6.680000e-06	6.971954e-09	2.934864e-09	3.714387e+01	3.394429e+02
6.690000e-06	6.962444e-09	2.894859e-09	3.709321e+01	3.388900e+02
6.700000e-06	6.952771e-09	2.911817e-09	3.704167e+01	3.383283e+02
6.710000e-06	6.942921e-09	2.949843e-09	3.698919e+01	3.377578e+02
6.720000e-06	6.932864e-09	2.937428e-09	3.693561e+01	3.371786e+02
6.730000e-06	6.922615e-09	2.940079e-09	3.688101e+01	3.365906e+02
6.740000e-06	6.912191e-09	2.921090e-09	3.682548e+01	3.359938e+02
6.750000e-06	6.901526e-09	2.862496e-09	3.676866e+01	3.353883e+02
6.760000e-06	6.890667e-09	2.871007e-09	3.671081e+01	3.347741e+02
6.770000e-06	6.879652e-09	2.913007e-09	3.665212e+01	3.341511e+02
6.780000e-06	6.868448e-09	2.922237e-09	3.659243e+01	3.335195e+02
6.790000e-06	6.857076e-09	2.893730e-09	3.653184e+01	3.328793e+02
6.800000e-06	6.845532e-09	2.888995e-09	3.647034e+01	3.322304e+02
6.810000e-06	6.833827e-09	2.872491e-09	3.640798e+01	3.315728e+02
6.820000e-06	6.821957e-09	2.857761e-09	3.634474e+01	3.309066e+02
6.830000e-06	6.809894e-09	2.860792e-09	3.628048e+01	3.302318e+02
6.840000e-06	6.797594e-09	2.842882e-09	3.621494e+01	3.295485e+02
6.850000e-06	6.785035e-09	2.841307e-09	3.614803e+01	3.288566e+02
6.860000e-06	6.772208e-09	2.857165e-09	3.607969e+01	3.281561e+02
6.870000e-06	6.759080e-09	2.870426e-09	3.600976e+01	3.274471e+02
6.880000e-06	6.745640e-09	2.854773e-09	3.593816e+01	3.267296e+02
6.890000e-06	6.731843e-09	2.831786e-09	3.586465e+01	3.260036e+02
6.900000e-06	6.717721e-09	2.807538e-09	3.578941e+01	3.252691e+02
6.910000e-06	6.703319e-09	2.802054e-09	3.571268e+01	3.245262e+02
6.920000e-06	6.688687e-09	2.819708e-09	3.563473e+01	3.237748e+02
6.930000e-06	6.673876e-09	2.810506e-09	3.555582e+01	3.230151e+02
6.940000e-06	6.658891e-09	2.792014e-09	3.547599e+01	3.222469e+02
6.950000e-06	6.643765e-09	2.782699e-09	3.539540e+01	3.214703e+02
6.960000e-06	6.628527e-09	2.786000e-09	3.531422e+01	3.206854e+02
6.970000e-06	6.613199e-09	2.789544e-09	3.523256e+01	3.198922e+02
6.980000e-06	6.597780e-09	2.789209e-09	3.515041e+01	3.190907e+02
6.990000e-06	6.582264e-09	2.771015e-09	3.506774e+01	3.182808e+02
7.000000e-06	6.566632e-09	2.747832e-09	3.498446e+01	3.174627e+02
7.010000e-06	6.550865e-09	2.746628e-09	3.490046e+01	3.166363e+02
7.020000e-06	6.534950e-09	2.743400e-09	3.481567e+01	3.158018e+02
7.030000e-06	6.518853e-09	2.735902e-09	3.472991e+01	3.149590e+02
7.040000e-06	6.502573e-09	2.724253e-09	3.464318e+01	3.141080e+02
7.050000e-06	6.486088e-09	2.719792e-09	3.455535e+01	3.132488e+02
7.060000e-06	6.469413e-09	2.722952e-09	3.446651e+01	3.123815e+02
7.070000e-06	6.452583e-09	2.722887e-09	3.437685e+01	3.115061e+02
7.080000e-06	6.435590e-09	2.709005e-09	3.428632e+01	3.106226e+02
7.090000e-06	6.418460e-09	2.686266e-09	3.419505e+01	3.097310e+02
7.100000e-06	6.401202e-09	2.679263e-09	3.410311e+01	3.088314e+02
7.110000e-06	6.383826e-09	2.679505e-09	3.401054e+01	3.079238e+02
7.120000e-06	6.366315e-09	2.683709e-09	3.391725e+01	3.070081e+02
7.130000e-06	6.348668e-09	2.679094e-09	3.382323e+01	3.060845e+02
7.140000e-06	6.330871e-09	2.661496e-09	3.372841e+01	3.051529e+02
7.150000e-06	6.312907e-09	2.646143e-09	3.363271e+01	3.042134e+02
7.160000e-06	6.294779e-09	2.636516e-09	3.353613e+01	3.032659e+02
7.170000e-06	6.276473e-09	2.631316e-09	3.343860e+01	3.023106e+02
7.180000e-06	6.257964e-09	2.624748e-09	3.333999e+01	3.013475e+02
7.190000e-06	6.239254e-09	2.616988e-09	3.324032e+01	3.003765e+02
7.200000e-06	6.220394e-09	2.613294e-09	3.313984e+01	2.993977e+02
7.210000e-06	6.201415e-09	2.613087e-09	3.303872e+01	2.984111e+02
7.220000e-06	6.182330e-09	2.603088e-09	3.293705e+01	2.974168e+02
7.230000e-06	6.163144e-09	2.582921e-09	3.283483e+01	2.964147e+02
7.240000e-06	6.143875e-09	2.563378e-09	3.273217e+01	2.954049e+02
7.250000e-06	6.124531e-09	2.553696e-09	3.262911e+01	2.943875e+02
7.260000e-06	6.105100e-09	2.554885e-09	3.252559e+01	2.933624e+02
7.270000e-06	6.085597e-09	2.555277e-09	3.242169e+01	2.923297e+02
7.280000e-06	6.066011e-09	2.548299e-09	3.231734e+01	2.912893e+02
7.290000e-06	6.046305e-09	2.533514e-09	3.221235e+01	2.902414e+02
7.300000e-06	6.026471e-09	2.518442e-09	3.210669e+01	2.891860e+02
7.310000e-06	6.006464e-09	2.505813e-09	3.200010e+01	2.881231e+02
7.320000e-06	5.986203e-09	2.495761e-09	3.189215e+01	2.870526e+02
7.330000e-06	5.965710e-09	2.486953e-09	3.178297e+01	2.859747e+02
7.340000e-06	5.944981e-09	2.478999e-09	3.167254e+01	2.848894e+02
7.350000e-06	5.923997e-09	2.476507e-09	3.156074e+01	2.837967e+02
7.360000e-06	5.902719e-09	2.473664e-09	3.144738e+01	2.826966e+02
7.370000e-06	5.881148e-09	2.466804e-09	3.133246e+01	2.815891e+02
7.380000e-06	5.859294e-09	2.452775e-09	3.121603e+01	2.804744e+02
7.390000e-06	5.837154e-09	2.434837e-09	3.109807e+01	2.793523e+02
7.400000e-06	5.814831e-09	2.421892e-09	3.097915e+01	2.782230e+02
7.410000e-06	5.792329e-09	2.414932e-09	3.085927e+01	2.770864e+02
7.420000e-06	5.769606e-09	2.410684e-09	3.073820e+01	2.759427e+02
7.430000e-06	5.746721e-09	2.405020e-09	3.061628e+01	2.747918e+02
7.440000e-06	5.723723e-09	2.397492e-09	3.049376e+01	2.736337e+02
7.450000e-06	5.700601e-09	2.389536e-09	3.037057e+01	2.724686e+02
7.460000e-06	5.677385e-09	2.384052e-09	3.024689e+01	2.712963e+02
7.470000e-06	5.654093e-09	2.375899e-09	3.012280e+01	2.701170e+02
7.480000e-06	5.630719e-09	2.360535e-09	2.999827e+01	2.689307e+02
7.490000e-06	5.607274e-09	2.342788e-09	2.987336e+01	2.677374e+02
7.500000e-06	5.583747e-09	2.329783e-09	2.974802e+01	2.665371e+02
7.510000e-06	5.560136e-09	2.324735e-09	2.962222e+01	2.653299e+02
7.520000e-06	5.536420e-09	2.320408e-09	2.949587e+01	2.641158e+02
7.530000e-06	5.512553e-09	2.312944e-09	2.936872e+01	2.628949e+02
7.540000e-06	5.488559e-09	2.303262e-09	2.924089e+01	2.616671e+02
7.550000e-06	5.464440e-09	2.293785e-09	2.911239e+01	2.604325e+02
7.560000e-06	5.440149e-09	2.284264e-09	2.898298e+01	2.591912e+02
7.570000e-06	5.415708e-09	2.271206e-09	2.885277e+01	2.579431e+02
7.580000e-06	5.391139e-09	2.253813e-09	2.872187e+01	2.566883e+02
7.590000e-06	5.366424e-09	2.234298e-09	2.859020e+01	2.554268e+02
7.600000e-06	5.341549e-09	2.218470e-09	2.845768e+01	2.541587e+02
7.610000e-06	5.316519e-09	2.209731e-09	2.832433e+01	2.528840e+02
7.620000e-06	5.291377e-09	2.203605e-09	2.819038e+01	2.516028e+02
7.630000e-06	5.266132e-09	2.196885e-09	2.805588e+01	2.503150e+02
7.640000e-06	5.240754e-09	2.188957e-09	2.792068e+01	2.490206e+02
7.650000e-06	5.215264e-09	2.177302e-09	2.778487e+01	2.477199e+02
7.660000e-06	5.189653e-09	2.162205e-09	2.764843e+01	2.464126e+02
7.670000e-06	5.163892e-09	2.141719e-09	2.751118e+01	2.450990e+02
7.680000e-06	5.138001e-09	2.121481e-09	2.737325e+01	2.437790e+02
7.690000e-06	5.111986e-09	2.106889e-09	2.723465e+01	2.424527e+02
7.700000e-06	5.085814e-09	2.102177e-09	2.709522e+01	2.411201e+02
7.710000e-06	5.059476e-09	2.101138e-09	2.695490e+01	2.397812e+02
7.720000e-06	5.033011e-09	2.090793e-09	2.681390e+01	2.384361e+02
7.730000e-06	5.006425e-09	2.074482e-09	2.667226e+01	2.370847e+02
7.740000e-06	4.979702e-09	2.053689e-09	2.652989e+01	2.357273e+02
7.750000e-06	4.952840e-09	2.036552e-09	2.638678e+01	2.343637e+02
7.760000e-06	4.925850e-09	2.023752e-09	2.624299e+01	2.329940e+02
7.770000e-06	4.898768e-09	2.013598e-09	2.609871e+01	2.316182e+02
7.780000e-06	4.871606e-09	2.006872e-09	2.595399e+01	2.302365e+02
7.790000e-06	4.844375e-09	1.998794e-09	2.580892e+01	2.288487e+02
7.800000e-06	4.817093e-09	1.988942e-09	2.566357e+01	2.274550e+02
7.810000e-06	4.789743e-09	1.972898e-09	2.551786e+01	2.260554e+02
7.820000e-06	4.762346e-09	1.953215e-09	2.537190e+01	2.246499e+02
7.830000e-06	4.734909e-09	1.931930e-09	2.522572e+01	2.232386e+02
7.840000e-06	4.707396e-09	1.914821e-09	2.507915e+01	2.218215e+02
7.850000e-06	4.679811e-09	1.905021e-09	2.493218e+01	2.203986e+02
7.860000e-06	4.652145e-09	1.896865e-09	2.478479e+01	2.189700e+02
7.870000e-06	4.624385e-09	1.887296e-09	2.463689e+01	2.175357e+02
7.880000e-06	4.596512e-09	1.871615e-09	2.448840e+01	2.160958e+02
7.890000e-06	4.568482e-09	1.852945e-09	2.433907e+01	2.146502e+02
7.900000e-06	4.540320e-09	1.833107e-09	2.418903e+01	2.131991e+02
7.910000e-06	4.511980e-09	1.815561e-09	2.403805e+01	2.117424e+02
7.920000e-06	4.483434e-09	1.802991e-09	2.388596e+01	2.102802e+02
7.930000e-06	4.454720e-09	1.793526e-09	2.373298e+01	2.088126e+02
7.940000e-06	4.425799e-09	1.785796e-09	2.357890e+01	2.073395e+02
7.950000e-06	4.396681e-09	1.772859e-09	2.342377e+01	2.058611e+02
7.960000e-06	4.367365e-09	1.753237e-09	2.326759e+01	2.043773e+02
7.970000e-06	4.337853e-09	1.730225e-09	2.311036e+01	2.028882e+02
7.980000e-06	4.308160e-09	1.710798e-09	2.295217e+01	2.013938e+02
7.990000e-06	4.278243e-09	1.695693e-09	2.279278e+01	1.998942e+02
8.000000e-06	4.248153e-09	1.683140e-09	2.263247e+01	1.983894e+02
8.010000e-06	4.217905e-09	1.670887e-09	2.247133e+01	1.968794e+02
8.020000e-06	4.187454e-09	1.656635e-09	2.230910e+01	1.953643e+02
8.030000e-06	4.156854e-09	1.642913e-09	2.214607e+01	1.938442e+02
8.040000e-06	4.126132e-09	1.629941e-09	2.198240e+01	1.923190e+02
8.050000e-06	4.095300e-09	1.617072e-09	2.181813e+01	1.907888e+02
8.060000e-06	4.064364e-09	1.602898e-09	2.165332e+01	1.892537e+02
8.070000e-06	4.033334e-09	1.589512e-09	2.148800e+01	1.877136e+02
8.080000e-06	4.002223e-09	1.575755e-09	2.132226e+01	1.861687e+02
8.090000e-06	3.971039e-09	1.558931e-09	2.115612e+01	1.846189e+02
8.100000e-06	3.939790e-09	1.538550e-09	2.098964e+01	1.830644e+02
8.110000e-06	3.908490e-09	1.519721e-09	2.082288e+01	1.815050e+02
8.120000e-06	3.877134e-09	1.506588e-09	2.065582e+01	1.799410e+02
8.130000e-06	3.845703e-09	1.496149e-09	2.048837e+01	1.783723e+02
8.140000e-06	3.814206e-09	1.485154e-09	2.032057e+01	1.767990e+02
8.150000e-06	3.782648e-09	1.470761e-09	2.015244e+01	1.752210e+02
8.160000e-06	3.751039e-09	1.455473e-09	1.998404e+01	1.736385e+02
8.170000e-06	3.719354e-09	1.439931e-09	1.981523e+01	1.720515e+02
8.180000e-06	3.687570e-09	1.423698e-09	1.964590e+01	1.704601e+02
8.190000e-06	3.655718e-09	1.406488e-09	1.947620e+01	1.688642e+02
8.200000e-06	3.623797e-09	1.389811e-09	1.930614e+01	1.672639e+02
8.210000e-06	3.591774e-09	1.377096e-09	1.913553e+01	1.656593e+02
8.220000e-06	3.559656e-09	1.367195e-09	1.896442e+01	1.640503e+02
8.230000e-06	3.527442e-09	1.356625e-09	1.879280e+01	1.624372e+02
8.240000e-06	3.495120e-09	1.341705e-09	1.862060e+01	1.608197e+02
8.250000e-06	3.462693e-09	1.324708e-09	1.844784e+01	1.591982e+02
8.260000e-06	3.430201e-09	1.309573e-09	1.827473e+01	1.575724e+02
8.270000e-06	3.397633e-09	1.295161e-09	1.810122e+01	1.559426e+02
8.280000e-06	3.364922e-09	1.279004e-09	1.792695e+01	1.543088e+02
8.290000e-06	3.332111e-09	1.262285e-09	1.775215e+01	1.526709e+02
8.300000e-06	3.299236e-09	1.246188e-09	1.757700e+01	1.510291e+02
8.310000e-06	3.266283e-09	1.229682e-09	1.740144e+01	1.493833e+02
8.320000e-06	3.233252e-09	1.213818e-09	1.722547e+01	1.477337e+02
8.330000e-06	3.200148e-09	1.196638e-09	1.704910e+01	1.460802e+02
8.340000e-06	3.166964e-09	1.179523e-09	1.687231e+01	1.444229e+02
8.350000e-06	3.133687e-09	1.165973e-09	1.669502e+01	1.427619e+02
8.360000e-06	3.100354e-09	1.154852e-09	1.651744e+01	1.410972e+02
8.370000e-06	3.066962e-09	1.142205e-09	1.633953e+01	1.394288e+02
8.380000e-06	3.033482e-09	1.125072e-09	1.616117e+01	1.377568e+02
8.390000e-06	2.999934e-09	1.106356e-09	1.598244e+01	1.360812e+02
8.400000e-06	2.966335e-09	1.089068e-09	1.580344e+01	1.344021e+02
8.410000e-06	2.932677e-09	1.073740e-09	1.562412e+01	1.327195e+02
8.420000e-06	2.898971e-09	1.057432e-09	1.544454e+01	1.310334e+02
8.430000e-06	2.865206e-09	1.040234e-09	1.526466e+01	1.293439e+02
8.440000e-06	2.831361e-09	1.024893e-09	1.508434e+01	1.276511e+02
8.450000e-06	2.797416e-09	1.011225e-09	1.490350e+01	1.259550e+02
8.460000e-06	2.763358e-09	9.979675e-10	1.472205e+01	1.242556e+02
8.470000e-06	2.729219e-09	9.835901e-10	1.454017e+01	1.225530e+02
8.480000e-06	2.695027e-09	9.682733e-10	1.435801e+01	1.208472e+02
8.490000e-06	2.660770e-09	9.519676e-10	1.417550e+01	1.191382e+02
8.500000e-06	2.626450e-09	9.351674e-10	1.399266e+01	1.174262e+02
8.510000e-06	2.592054e-09	9.183376e-10	1.380941e+01	1.157111e+02
8.520000e-06	2.557545e-09	9.001685e-10	1.362556e+01	1.139930e+02
8.530000e-06	2.522957e-09	8.819024e-10	1.344129e+01	1.122719e+02
8.540000e-06	2.488313e-09	8.655669e-10	1.325672e+01	1.105480e+02
8.550000e-06	2.453608e-09	8.508198e-10	1.307182e+01	1.088211e+02
8.560000e-06	2.418827e-09	8.363351e-10	1.288652e+01	1.070915e+02
8.570000e-06	2.383962e-09	8.209979e-10	1.270077e+01	1.053590e+02
8.580000e-06	2.349043e-09	8.051007e-10	1.251474e+01	1.036238e+02
8.590000e-06	2.314073e-09	7.875378e-10	1.232843e+01	1.018860e+02
8.600000e-06	2.279051e-09	7.672900e-10	1.214185e+01	1.001455e+02
8.610000e-06	2.244007e-09	7.478210e-10	1.195515e+01	9.840235e+01
8.620000e-06	2.208940e-09	7.316959e-10	1.176833e+01	9.665669e+01
8.630000e-06	2.173832e-09	7.181129e-10	1.158128e+01	9.490852e+01
8.640000e-06	2.138666e-09	7.037392e-10	1.139393e+01	9.315788e+01
8.650000e-06	2.103460e-09	6.859353e-10	1.120637e+01	9.140483e+01
8.660000e-06	2.068231e-09	6.670454e-10	1.101868e+01	8.964940e+01
8.670000e-06	2.032985e-09	6.496293e-10	1.083090e+01	8.789165e+01
8.680000e-06	1.997722e-09	6.362168e-10	1.064303e+01	8.613162e+01
8.690000e-06	1.962419e-09	6.238555e-10	1.045495e+01	8.436936e+01
8.700000e-06	1.927092e-09	6.080828e-10	1.026674e+01	8.260490e+01
8.710000e-06	1.891757e-09	5.895576e-10	1.007849e+01	8.083831e+01
8.720000e-06	1.856407e-09	5.718745e-10	9.890157e+00	7.906961e+01
8.730000e-06	1.821031e-09	5.595949e-10	9.701689e+00	7.729887e+01
8.740000e-06	1.785627e-09	5.490099e-10	9.513069e+00	7.552612e+01
8.750000e-06	1.750205e-09	5.355133e-10	9.324352e+00	7.375141e+01
8.760000e-06	1.714761e-09	5.192009e-10	9.135521e+00	7.197479e+01
8.770000e-06	1.679301e-09	5.046514e-10	8.946602e+00	7.019630e+01
8.780000e-06	1.643811e-09	4.933647e-10	8.757523e+00	6.841599e+01
8.790000e-06	1.608309e-09	4.810040e-10	8.568383e+00	6.663391e+01
8.800000e-06	1.572810e-09	4.644266e-10	8.379260e+00	6.485010e+01
8.810000e-06	1.537288e-09	4.439628e-10	8.190012e+00	6.306460e+01
8.820000e-06	1.501710e-09	4.265808e-10	8.000462e+00	6.127748e+01
8.830000e-06	1.466103e-09	4.149536e-10	7.810763e+00	5.948876e+01
8.840000e-06	1.430495e-09	4.041832e-10	7.621058e+00	5.769851e+01
8.850000e-06	1.394851e-09	3.896616e-10	7.431157e+00	5.590676e+01
8.860000e-06	1.359174e-09	3.726523e-10	7.241083e+00	5.411356e+01
8.870000e-06	1.323472e-09	3.573548e-10	7.050880e+00	5.231895e+01
8.880000e-06	1.287750e-09	3.440597e-10	6.860565e+00	5.052300e+01
8.890000e-06	1.251994e-09	3.295670e-10	6.670072e+00	4.872573e+01
8.900000e-06	1.216221e-09	3.105890e-10	6.479484e+00	4.692720e+01
8.910000e-06	1.180415e-09	2.893405e-10	6.288725e+00	4.512746e+01
8.920000e-06	1.144550e-09	2.719272e-10	6.097651e+00	4.332655e+01
8.930000e-06	1.108673e-09	2.593442e-10	5.906512e+00	4.152451e+01
8.940000e-06	1.072782e-09	2.478452e-10	5.715298e+00	3.972140e+01
8.950000e-06	1.036845e-09	2.344345e-10	5.523838e+00	3.791727e+01
8.960000e-06	1.000878e-09	2.187570e-10	5.332220e+00	3.611215e+01
8.970000e-06	9.648940e-10	2.038583e-10	5.140513e+00	3.430610e+01
8.980000e-06	9.288923e-10	1.915467e-10	4.948710e+00	3.249916e+01
8.990000e-06	8.928509e-10	1.773252e-10	4.756696e+00	3.069139e+01
9.000000e-06	8.567583e-10	1.589325e-10	4.564409e+00	2.888282e+01
9.010000e-06	8.206455e-10	1.391499e-10	4.372014e+00	2.707350e+01
9.020000e-06	7.845178e-10	1.234987e-10	4.179540e+00	2.526349e+01
9.030000e-06	7.483509e-10	1.139114e-10	3.986856e+00	2.345282e+01
9.040000e-06	7.121702e-10	1.023324e-10	3.794099e+00	2.164155e+01
9.050000e-06	6.759670e-10	8.769886e-11	3.601223e+00	1.982972e+01
9.060000e-06	6.397236e-10	7.271150e-11	3.408133e+00	1.801738e+01
9.070000e-06	6.034615e-10	6.048429e-11	3.214942e+00	1.620458e+01
9.080000e-06	5.671723e-10	4.947453e-11	3.021608e+00	1.439136e+01
9.090000e-06	5.308615e-10	3.201891e-11	2.828159e+00	1.257777e+01
9.100000e-06	4.945126e-10	1.020604e-11	2.634506e+00	1.076386e+01
9.110000e-06	4.581468e-10	-1.257274e-11	2.440764e+00	8.949679e+00
9.120000e-06	4.217883e-10	-2.786757e-11	2.247061e+00	7.135268e+00
9.130000e-06	3.854159e-10	-3.461409e-11	2.053284e+00	5.320676e+00
9.140000e-06	3.490313e-10	-4.157547e-11	1.859441e+00	3.505951e+00
9.150000e-06	3.126303e-10	-5.246493e-11	1.665511e+00	1.691140e+00
9.160000e-06	2.762172e-10	-6.922621e-11	1.471516e+00	-1.237100e-01
9.170000e-06	2.397965e-10	-8.756397e-11	1.277482e+00	-1.938551e+00
9.180000e-06	2.033620e-10	-1.069961e-10	1.083374e+00	-3.753337e+00
9.190000e-06	1.669175e-10	-1.288714e-10	8.892125e-01	-5.568019e+00
9.200000e-06	1.304505e-10	-1.504978e-10	6.949306e-01	-7.382552e+00
9.210000e-06	9.399179e-11	-1.666323e-10	5.006934e-01	-9.196887e+00
9.220000e-06	5.756225e-11	-1.741593e-10	3.066112e-01	-1.101098e+01
9.230000e-06	2.113039e-11	-1.806167e-10	1.125167e-01	-1.282478e+01
9.240000e-06	-1.533302e-11	-1.955689e-10	-8.174561e-02	-1.463824e+01
9.250000e-06	-5.177806e-11	-2.169996e-10	-2.759102e-01	-1.645131e+01
9.260000e-06	-8.818131e-11	-2.383897e-10	-4.698523e-01	-1.826395e+01
9.270000e-06	-1.246094e-10	-2.546211e-10	-6.639263e-01	-2.007612e+01
9.280000e-06	-1.610296e-10	-2.632372e-10	-8.579582e-01	-2.188775e+01
9.290000e-06	-1.974318e-10	-2.721247e-10	-1.051894e+00	-2.369881e+01
9.300000e-06	-2.338644e-10	-2.858885e-10	-1.245993e+00	-2.550925e+01
9.310000e-06	-2.703028e-10	-3.025951e-10	-1.440122e+00	-2.731902e+01
9.320000e-06	-3.067145e-10	-3.181388e-10	-1.634108e+00	-2.912807e+01
9.330000e-06	-3.430940e-10	-3.305057e-10	-1.827924e+00	-3.093636e+01
9.340000e-06	-3.794369e-10	-3.433054e-10	-2.021545e+00	-3.274384e+01
9.350000e-06	-4.157527e-10	-3.561143e-10	-2.215021e+00	-3.455047e+01
9.360000e-06	-4.520827e-10	-3.685927e-10	-2.408573e+00	-3.635619e+01
9.370000e-06	-4.884165e-10	-3.800719e-10	-2.602144e+00	-3.816096e+01
9.380000e-06	-5.247051e-10	-3.936634e-10	-2.795475e+00	-3.996473e+01
9.390000e-06	-5.609660e-10	-4.120045e-10	-2.988659e+00	-4.176746e+01
9.400000e-06	-5.972193e-10	-4.299738e-10	-3.181802e+00	-4.356909e+01
9.410000e-06	-6.334497e-10	-4.435685e-10	-3.374823e+00	-4.536959e+01
9.420000e-06	-6.696626e-10	-4.519402e-10	-3.567751e+00	-4.716890e+01
9.430000e-06	-7.058459e-10	-4.604274e-10	-3.760522e+00	-4.896698e+01
9.440000e-06	-7.420012e-10	-4.726856e-10	-3.953144e+00	-5.076379e+01
9.450000e-06	-7.781171e-10	-4.879876e-10	-4.145556e+00	-5.255926e+01
9.460000e-06	-8.142048e-10	-5.048170e-10	-4.337817e+00	-5.435337e+01
9.470000e-06	-8.502755e-10	-5.205741e-10	-4.529987e+00	-5.614605e+01
9.480000e-06	-8.863085e-10	-5.343049e-10	-4.721957e+00	-5.793727e+01
9.490000e-06	-9.223059e-10	-5.474358e-10	-4.913737e+00	-5.972698e+01
9.500000e-06	-9.582553e-10	-5.604967e-10	-5.105262e+00	-6.151513e+01
9.510000e-06	-9.941820e-10	-5.729136e-10	-5.296665e+00	-6.330168e+01
9.520000e-06	-1.030085e-09	-5.866913e-10	-5.487944e+00	-6.508657e+01
9.530000e-06	-1.065966e-09	-6.028061e-10	-5.679100e+00	-6.686977e+01
9.540000e-06	-1.101827e-09	-6.198233e-10	-5.870156e+00	-6.865122e+01
9.550000e-06	-1.137676e-09	-6.376417e-10	-6.061145e+00	-7.043088e+01
9.560000e-06	-1.173506e-09	-6.534721e-10	-6.252034e+00	-7.220870e+01
9.570000e-06	-1.209277e-09	-6.657219e-10	-6.442605e+00	-7.398464e+01
9.580000e-06	-1.245002e-09	-6.776502e-10	-6.632937e+00	-7.575865e+01
9.590000e-06	-1.280718e-09	-6.911530e-10	-6.823216e+00	-7.753069e+01
9.600000e-06	-1.316405e-09	-7.081419e-10	-7.013345e+00	-7.930070e+01
9.610000e-06	-1.352043e-09	-7.259947e-10	-7.203208e+00	-8.106865e+01
9.620000e-06	-1.387655e-09	-7.406626e-10	-7.392938e+00	-8.283448e+01
9.630000e-06	-1.423250e-09	-7.539681e-10	-7.582571e+00	-8.459816e+01
9.640000e-06	-1.458826e-09	-7.672506e-10	-7.772108e+00	-8.635963e+01
9.650000e-06	-1.494381e-09	-7.820044e-10	-7.961535e+00	-8.811884e+01
9.660000e-06	-1.529905e-09	-7.960807e-10	-8.150793e+00	-8.987576e+01
9.670000e-06	-1.565395e-09	-8.061686e-10	-8.339866e+00	-9.163034e+01
9.680000e-06	-1.600852e-09	-8.146149e-10	-8.528768e+00	-9.338253e+01
9.690000e-06	-1.636296e-09	-8.254685e-10	-8.717604e+00	-9.513229e+01
9.700000e-06	-1.671744e-09	-8.407763e-10	-8.906455e+00	-9.687956e+01
9.710000e-06	-1.707178e-09	-8.577475e-10	-9.095237e+00	-9.862432e+01
9.720000e-06	-1.742588e-09	-8.735934e-10	-9.283886e+00	-1.003665e+02
9.730000e-06	-1.777972e-09	-8.878541e-10	-9.472400e+00	-1.021061e+02
9.740000e-06	-1.813340e-09	-9.028652e-10	-9.660827e+00	-1.038430e+02
9.750000e-06	-1.848707e-09	-9.200076e-10	-9.849249e+00	-1.055772e+02
9.760000e-06	-1.884047e-09	-9.352557e-10	-1.003753e+01	-1.073086e+02
9.770000e-06	-1.919356e-09	-9.452564e-10	-1.022564e+01	-1.090373e+02
9.780000e-06	-1.954651e-09	-9.542878e-10	-1.041368e+01	-1.107631e+02
9.790000e-06	-1.989914e-09	-9.684337e-10	-1.060155e+01	-1.124860e+02
9.800000e-06	-2.025149e-09	-9.866490e-10	-1.078927e+01	-1.142060e+02
9.810000e-06	-2.060376e-09	-1.004674e-09	-1.097694e+01	-1.159230e+02
9.820000e-06	-2.095582e-09	-1.019002e-09	-1.116451e+01	-1.176370e+02
9.830000e-06	-2.130765e-09	-1.032129e-09	-1.135195e+01	-1.193480e+02
9.840000e-06	-2.165900e-09	-1.047519e-09	-1.153914e+01	-1.210558e+02
9.850000e-06	-2.200966e-09	-1.063473e-09	-1.172596e+01	-1.227605e+02
9.860000e-06	-2.235991e-09	-1.076321e-09	-1.191255e+01	-1.244619e+02
9.870000e-06	-2.270987e-09	-1.084323e-09	-1.209900e+01	-1.261602e+02
9.880000e-06	-2.305931e-09	-1.092622e-09	-1.228517e+01	-1.278551e+02
9.890000e-06	-2.340815e-09	-1.107134e-09	-1.247102e+01	-1.295467e+02
9.900000e-06	-2.375657e-09	-1.127011e-09	-1.265664e+01	-1.312350e+02
9.910000e-06	-2.410429e-09	-1.145933e-09	-1.284189e+01	-1.329198e+02
9.920000e-06	-2.445110e-09	-1.160231e-09	-1.302666e+01	-1.346012e+02
9.930000e-06	-2.479733e-09	-1.171118e-09	-1.321112e+01	-1.362790e+02
9.940000e-06	-2.514284e-09	-1.184151e-09	-1.339519e+01	-1.379533e+02
9.950000e-06	-2.548742e-09	-1.200377e-09	-1.357877e+01	-1.396241e+02
9.960000e-06	-2.583109e-09	-1.212954e-09	-1.376187e+01	-1.412911e+02
9.970000e-06	-2.617416e-09	-1.220871e-09	-1.394464e+01	-1.429545e+02
9.980000e-06	-2.651664e-09	-1.230053e-09	-1.412710e+01	-1.446142e+02
9.990000e-06	-2.685801e-09	-1.242286e-09	-1.430897e+01	-1.462701e+02
1.000000e-05	-2.719862e-09	-1.257560e-09	-1.449043e+01	-1.479222e+02
1.001000e-05	-2.753840e-09	-1.274063e-09	-1.467145e+01	-1.495705e+02
1.002000e-05	-2.787708e-09	-1.291088e-09	-1.485189e+01	-1.512148e+02
1.003000e-05	-2.821516e-09	-1.309402e-09	-1.503201e+01	-1.528553e+02
1.004000e-05	-2.855285e-09	-1.324083e-09	-1.521192e+01	-1.544917e+02
1.005000e-05	-2.889002e-09	-1.333503e-09	-1.539154e+01	-1.561241e+02
1.006000e-05	-2.922619e-09	-1.335808e-09	-1.557064e+01	-1.577524e+02
1.007000e-05	-2.956160e-09	-1.337820e-09	-1.574933e+01	-1.593767e+02
1.008000e-05	-2.989652e-09	-1.348058e-09	-1.592777e+01	-1.609968e+02
1.009000e-05	-3.023080e-09	-1.368436e-09	-1.610586e+01	-1.626127e+02
1.010000e-05	-3.056444e-09	-1.394603e-09	-1.628361e+01	-1.642243e+02
1.011000e-05	-3.089744e-09	-1.415735e-09	-1.646102e+01	-1.658317e+02
1.012000e-05	-3.122958e-09	-1.429271e-09	-1.663797e+01	-1.674348e+02
1.013000e-05	-3.156086e-09	-1.435786e-09	-1.681446e+01	-1.690335e+02
1.014000e-05	-3.189140e-09	-1.439669e-09	-1.699057e+01	-1.706278e+02
1.015000e-05	-3.222112e-09	-1.445177e-09	-1.716623e+01	-1.722177e+02
1.016000e-05	-3.255018e-09	-1.455087e-09	-1.734154e+01	-1.738031e+02
1.017000e-05	-3.287839e-09	-1.471859e-09	-1.751639e+01	-1.753839e+02
1.018000e-05	-3.320561e-09	-1.493036e-09	-1.769073e+01	-1.769602e+02
1.019000e-05	-3.353182e-09	-1.513122e-09	-1.786452e+01	-1.785319e+02
1.020000e-05	-3.385699e-09	-1.526318e-09	-1.803776e+01	-1.800989e+02
1.021000e-05	-3.418115e-09	-1.534268e-09	-1.821046e+01	-1.816613e+02
1.022000e-05	-3.450438e-09	-1.544649e-09	-1.838266e+01	-1.832189e+02
1.023000e-05	-3.482680e-09	-1.560192e-09	-1.855443e+01	-1.847718e+02
1.024000e-05	-3.514816e-09	-1.575742e-09	-1.872564e+01	-1.863198e+02
1.025000e-05	-3.546859e-09	-1.586284e-09	-1.889635e+01	-1.878630e+02
1.026000e-05	-3.578801e-09	-1.593662e-09	-1.906653e+01	-1.894013e+02
1.027000e-05	-3.610634e-09	-1.603386e-09	-1.923612e+01	-1.909346e+02
1.028000e-05	-3.642397e-09	-1.617585e-09	-1.940534e+01	-1.924630e+02
1.029000e-05	-3.674092e-09	-1.633400e-09	-1.957420e+01	-1.939864e+02
1.030000e-05	-3.705707e-09	-1.648217e-09	-1.974263e+01	-1.955047e+02
1.031000e-05	-3.737257e-09	-1.661160e-09	-1.991072e+01	-1.970180e+02
1.032000e-05	-3.768756e-09	-1.673683e-09	-2.007854e+01	-1.985261e+02
1.033000e-05	-3.800213e-09	-1.685907e-09	-2.024612e+01	-2.000291e+02
1.034000e-05	-3.831608e-09	-1.695688e-09	-2.041339e+01	-2.015268e+02
1.035000e-05	-3.862950e-09	-1.703215e-09	-2.058037e+01	-2.030193e+02
1.036000e-05	-3.894243e-09	-1.710804e-09	-2.074708e+01	-2.045065e+02
1.037000e-05	-3.925452e-09	-1.722713e-09	-2.091335e+01	-2.059884e+02
1.038000e-05	-3.956587e-09	-1.739823e-09	-2.107923e+01	-2.074649e+02
1.039000e-05	-3.987662e-09	-1.757457e-09	-2.124478e+01	-2.089360e+02
1.040000e-05	-4.018638e-09	-1.770526e-09	-2.140981e+01	-2.104017e+02
1.041000e-05	-4.049517e-09	-1.779246e-09	-2.157433e+01	-2.118619e+02
1.042000e-05	-4.080288e-09	-1.790076e-09	-2.173826e+01	-2.133166e+02
1.043000e-05	-4.110933e-09	-1.802685e-09	-2.190152e+01	-2.147657e+02
1.044000e-05	-4.141418e-09	-1.812704e-09	-2.206394e+01	-2.162093e+02
1.045000e-05	-4.171734e-09	-1.820218e-09	-2.222545e+01	-2.176472e+02
1.046000e-05	-4.201939e-09	-1.829523e-09	-2.238637e+01	-2.190795e+02
1.047000e-05	-4.232013e-09	-1.845104e-09	-2.254659e+01	-2.205060e+02
1.048000e-05	-4.261892e-09	-1.862618e-09	-2.270578e+01	-2.219268e+02
1.049000e-05	-4.291575e-09	-1.875295e-09	-2.286391e+01	-2.233419e+02
1.050000e-05	-4.321051e-09	-1.883815e-09	-2.302095e+01	-2.247511e+02
1.051000e-05	-4.350352e-09	-1.893558e-09	-2.317706e+01	-2.261545e+02
1.052000e-05	-4.379493e-09	-1.906824e-09	-2.333231e+01	-2.275520e+02
1.053000e-05	-4.408407e-09	-1.920106e-09	-2.348635e+01	-2.289435e+02
1.054000e-05	-4.437096e-09	-1.929282e-09	-2.363919e+01	-2.303291e+02
1.055000e-05	-4.465585e-09	-1.936854e-09	-2.379097e+01	-2.317087e+02
1.056000e-05	-4.493906e-09	-1.947834e-09	-2.394185e+01	-2.330823e+02
1.057000e-05	-4.522054e-09	-1.963692e-09	-2.409181e+01	-2.344498e+02
1.058000e-05	-4.550049e-09	-1.979814e-09	-2.424096e+01	-2.358112e+02
1.059000e-05	-4.577930e-09	-1.989675e-09	-2.438950e+01	-2.371665e+02
1.060000e-05	-4.605690e-09	-1.995519e-09	-2.453739e+01	-2.385156e+02
1.061000e-05	-4.633337e-09	-2.003209e-09	-2.468468e+01	-2.398585e+02
1.062000e-05	-4.660905e-09	-2.015114e-09	-2.483155e+01	-2.411951e+02
1.063000e-05	-4.688414e-09	-2.028087e-09	-2.497811e+01	-2.425255e+02
1.064000e-05	-4.715853e-09	-2.037168e-09	-2.512430e+01	-2.438496e+02
1.065000e-05	-4.743228e-09	-2.043069e-09	-2.527014e+01	-2.451673e+02
1.066000e-05	-4.770556e-09	-2.049785e-09	-2.541573e+01	-2.464786e+02
1.067000e-05	-4.797847e-09	-2.061644e-09	-2.556113e+01	-2.477835e+02
1.068000e-05	-4.825074e-09	-2.075624e-09	-2.570619e+01	-2.490820e+02
1.069000e-05	-4.852219e-09	-2.085958e-09	-2.585080e+01	-2.503740e+02
1.070000e-05	-4.879288e-09	-2.092604e-09	-2.599502e+01	-2.516594e+02
1.071000e-05	-4.906255e-09	-2.101250e-09	-2.613869e+01	-2.529383e+02
1.072000e-05	-4.933101e-09	-2.115117e-09	-2.628172e+01	-2.542107e+02
1.073000e-05	-4.959813e-09	-2.130345e-09	-2.642402e+01	-2.554764e+02
1.074000e-05	-4.986397e-09	-2.140926e-09	-2.656566e+01	-2.567355e+02
1.075000e-05	-5.012857e-09	-2.145885e-09	-2.670662e+01	-2.579878e+02
1.076000e-05	-5.039167e-09	-2.152072e-09	-2.684679e+01	-2.592335e+02
1.077000e-05	-5.065325e-09	-2.162763e-09	-2.698615e+01	-2.604724e+02
1.078000e-05	-5.091333e-09	-2.175368e-09	-2.712471e+01	-2.617046e+02
1.079000e-05	-5.117187e-09	-2.185480e-09	-2.726245e+01	-2.629299e+02
1.080000e-05	-5.142889e-09	-2.191706e-09	-2.739938e+01	-2.641484e+02
1.081000e-05	-5.168467e-09	-2.196741e-09	-2.753565e+01	-2.653600e+02
1.082000e-05	-5.193940e-09	-2.204011e-09	-2.767136e+01	-2.665647e+02
1.083000e-05	-5.219314e-09	-2.215087e-09	-2.780655e+01	-2.677625e+02
1.084000e-05	-5.244557e-09	-2.227167e-09	-2.794103e+01	-2.689533e+02
1.085000e-05	-5.269667e-09	-2.238583e-09	-2.807480e+01	-2.701371e+02
1.086000e-05	-5.294680e-09	-2.248724e-09	-2.820806e+01	-2.713139e+02
1.087000e-05	-5.319553e-09	-2.257353e-09	-2.834058e+01	-2.724836e+02
1.088000e-05	-5.344265e-09	-2.264901e-09	-2.847223e+01	-2.736462e+02
1.089000e-05	-5.368835e-09	-2.270971e-09	-2.860314e+01	-2.748017e+02
1.090000e-05	-5.393232e-09	-2.278001e-09	-2.873311e+01	-2.759501e+02
1.091000e-05	-5.417456e-09	-2.288498e-09	-2.886217e+01	-2.770912e+02
1.092000e-05	-5.441552e-09	-2.301808e-09	-2.899054e+01	-2.782252e+02
1.093000e-05	-5.465499e-09	-2.314595e-09	-2.911812e+01	-2.793519e+02
1.094000e-05	-5.489292e-09	-2.323693e-09	-2.924488e+01	-2.804713e+02
1.095000e-05	-5.512971e-09	-2.328337e-09	-2.937103e+01	-2.815835e+02
1.096000e-05	-5.536546e-09	-2.332098e-09	-2.949663e+01	-2.826883e+02
1.097000e-05	-5.560045e-09	-2.340095e-09	-2.962183e+01	-2.837858e+02
1.098000e-05	-5.583485e-09	-2.352197e-09	-2.974671e+01	-2.848758e+02
1.099000e-05	-5.606862e-09	-2.364547e-09	-2.987125e+01	-2.859585e+02
1.100000e-05	-5.630165e-09	-2.372509e-09	-2.999540e+01	-2.870337e+02
1.101000e-05	-5.653390e-09	-2.376909e-09	-3.011913e+01	-2.881015e+02
1.102000e-05	-5.676538e-09	-2.383988e-09	-3.024246e+01	-2.891617e+02
1.103000e-05	-5.699594e-09	-2.395943e-09	-3.036529e+01	-2.902145e+02
1.104000e-05	-5.722520e-09	-2.410044e-09	-3.048743e+01	-2.912596e+02
1.105000e-05	-5.745286e-09	-2.421858e-09	-3.060872e+01	-2.922972e+02
1.106000e-05	-5.767879e-09	-2.429367e-09	-3.072908e+01	-2.933272e+02
1.107000e-05	-5.790285e-09	-2.433542e-09	-3.084846e+01	-2.943496e+02
1.108000e-05	-5.812479e-09	-2.437053e-09	-3.096670e+01	-2.953643e+02
1.109000e-05	-5.834463e-09	-2.441537e-09	-3.108382e+01	-2.963713e+02
1.110000e-05	-5.856187e-09	-2.447455e-09	-3.119956e+01	-2.973706e+02
1.111000e-05	-5.877622e-09	-2.455532e-09	-3.131375e+01	-2.983621e+02
1.112000e-05	-5.898795e-09	-2.466990e-09	-3.142655e+01	-2.993459e+02
1.113000e-05	-5.919727e-09	-2.481554e-09	-3.153807e+01	-3.003219e+02
1.114000e-05	-5.940431e-09	-2.494659e-09	-3.164837e+01	-3.012901e+02
1.115000e-05	-5.960876e-09	-2.502485e-09	-3.175729e+01	-3.022504e+02
1.116000e-05	-5.981077e-09	-2.505862e-09	-3.186491e+01	-3.032029e+02
1.117000e-05	-6.001094e-09	-2.509313e-09	-3.197156e+01	-3.041475e+02
1.118000e-05	-6.020960e-09	-2.517113e-09	-3.207739e+01	-3.050842e+02
1.119000e-05	-6.040675e-09	-2.527876e-09	-3.218243e+01	-3.060129e+02
1.120000e-05	-6.060265e-09	-2.537788e-09	-3.228680e+01	-3.069337e+02
1.121000e-05	-6.079757e-09	-2.546072e-09	-3.239064e+01	-3.078465e+02
1.122000e-05	-6.099167e-09	-2.554436e-09	-3.249405e+01	-3.087513e+02
1.123000e-05	-6.118528e-09	-2.563878e-09	-3.259720e+01	-3.096480e+02
1.124000e-05	-6.137828e-09	-2.572471e-09	-3.270002e+01	-3.105367e+02
1.125000e-05	-6.157032e-09	-2.580302e-09	-3.280234e+01	-3.114173e+02
1.126000e-05	-6.176127e-09	-2.587405e-09	-3.290406e+01	-3.122898e+02
1.127000e-05	-6.195106e-09	-2.593456e-09	-3.300518e+01	-3.131541e+02
1.128000e-05	-6.213919e-09	-2.598485e-09	-3.310540e+01	-3.140104e+02
1.129000e-05	-6.232572e-09	-2.603217e-09	-3.320478e+01	-3.148584e+02
1.130000e-05	-6.251067e-09	-2.609977e-09	-3.330332e+01	-3.156983e+02
1.131000e-05	-6.269371e-09	-2.617425e-09	-3.340083e+01	-3.165299e+02
1.132000e-05	-6.287495e-09	-2.626384e-09	-3.349739e+01	-3.173533e+02
1.133000e-05	-6.305419e-09	-2.637518e-09	-3.359288e+01	-3.181685e+02
1.134000e-05	-6.323182e-09	-2.647780e-09	-3.368752e+01	-3.189753e+02
1.135000e-05	-6.340810e-09	-2.653708e-09	-3.378143e+01	-3.197739e+02
1.136000e-05	-6.358301e-09	-2.653651e-09	-3.387462e+01	-3.205641e+02
1.137000e-05	-6.375676e-09	-2.653601e-09	-3.396719e+01	-3.213461e+02
1.138000e-05	-6.392948e-09	-2.656933e-09	-3.405920e+01	-3.221196e+02
1.139000e-05	-6.410092e-09	-2.662744e-09	-3.415054e+01	-3.228848e+02
1.140000e-05	-6.427061e-09	-2.670166e-09	-3.424094e+01	-3.236415e+02
1.141000e-05	-6.443874e-09	-2.677593e-09	-3.433052e+01	-3.243898e+02
1.142000e-05	-6.460530e-09	-2.684365e-09	-3.441925e+01	-3.251297e+02
1.143000e-05	-6.477018e-09	-2.690763e-09	-3.450709e+01	-3.258612e+02
1.144000e-05	-6.493335e-09	-2.697107e-09	-3.459402e+01	-3.265841e+02
1.145000e-05	-6.509463e-09	-2.701489e-09	-3.467995e+01	-3.272986e+02
1.146000e-05	-6.525403e-09	-2.706150e-09	-3.476487e+01	-3.280045e+02
1.147000e-05	-6.541165e-09	-2.712843e-09	-3.484885e+01	-3.287019e+02
1.148000e-05	-6.556804e-09	-2.721019e-09	-3.493216e+01	-3.293908e+02
1.149000e-05	-6.572338e-09	-2.729190e-09	-3.501492e+01	-3.300710e+02
1.150000e-05	-6.587756e-09	-2.736877e-09	-3.509706e+01	-3.307427e+02
1.151000e-05	-6.603100e-09	-2.743822e-09	-3.517881e+01	-3.314058e+02
1.152000e-05	-6.618362e-09	-2.747579e-09	-3.526012e+01	-3.320603e+02
1.153000e-05	-6.633507e-09	-2.749074e-09	-3.534081e+01	-3.327061e+02
1.154000e-05	-6.648535e-09	-2.751999e-09	-3.542087e+01	-3.333433e+02
1.155000e-05	-6.663401e-09	-2.760218e-09	-3.550007e+01	-3.339717e+02
1.156000e-05	-6.678026e-09	-2.769967e-09	-3.557798e+01	-3.345915e+02
1.157000e-05	-6.692392e-09	-2.775565e-09	-3.565452e+01	-3.352026e+02
1.158000e-05	-6.706491e-09	-2.776502e-09	-3.572963e+01	-3.358050e+02
1.159000e-05	-6.720262e-09	-2.778303e-09	-3.580300e+01	-3.363986e+02
1.160000e-05	-6.733652e-09	-2.784863e-09	-3.587433e+01	-3.369835e+02
1.161000e-05	-6.746699e-09	-2.794271e-09	-3.594384e+01	-3.375596e+02
1.162000e-05	-6.759439e-09	-2.802613e-09	-3.601172e+01	-3.381269e+02
1.163000e-05	-6.771888e-09	-2.806624e-09	-3.607804e+01	-3.386855e+02
1.164000e-05	-6.784127e-09	-2.811398e-09	-3.614324e+01	-3.392352e+02
1.165000e-05	-6.796168e-09	-2.818457e-09	-3.620739e+01	-3.397761e+02
1.166000e-05	-6.807998e-09	-2.824817e-09	-3.627042e+01	-3.403081e+02
1.167000e-05	-6.819689e-09	-2.827535e-09	-3.633270e+01	-3.408313e+02
1.168000e-05	-6.831263e-09	-2.828079e-09	-3.639437e+01	-3.413456e+02
1.169000e-05	-6.842694e-09	-2.832753e-09	-3.645526e+01	-3.418510e+02
1.170000e-05	-6.853982e-09	-2.841881e-09	-3.651540e+01	-3.423476e+02
1.171000e-05	-6.865141e-09	-2.851691e-09	-3.657486e+01	-3.428352e+02
1.172000e-05	-6.876139e-09	-2.856042e-09	-3.663345e+01	-3.433139e+02
1.173000e-05	-6.886940e-09	-2.856475e-09	-3.669099e+01	-3.437837e+02
1.174000e-05	-6.897557e-09	-2.861196e-09	-3.674755e+01	-3.442445e+02
1.175000e-05	-6.907970e-09	-2.870832e-09	-3.680303e+01	-3.446964e+02
1.176000e-05	-6.918200e-09	-2.880025e-09	-3.685753e+01	-3.451393e+02
1.177000e-05	-6.928238e-09	-2.883390e-09	-3.691101e+01	-3.455732e+02
1.178000e-05	-6.938073e-09	-2.882570e-09	-3.696341e+01	-3.459982e+02
1.179000e-05	-6.947763e-09	-2.884287e-09	-3.701503e+01	-3.464141e+02
1.180000e-05	-6.957310e-09	-2.891120e-09	-3.706590e+01	-3.468210e+02
1.181000e-05	-6.966707e-09	-2.899610e-09	-3.711596e+01	-3.472189e+02
1.182000e-05	-6.975947e-09	-2.904279e-09	-3.716518e+01	-3.476078e+02
1.183000e-05	-6.985042e-09	-2.906581e-09	-3.721364e+01	-3.479876e+02
1.184000e-05	-6.993985e-09	-2.911659e-09	-3.726128e+01	-3.483583e+02
1.185000e-05	-7.002746e-09	-2.920027e-09	-3.730796e+01	-3.487200e+02
1.186000e-05	-7.011319e-09	-2.928143e-09	-3.735363e+01	-3.490727e+02
1.187000e-05	-7.019695e-09	-2.931791e-09	-3.739826e+01	-3.494162e+02
1.188000e-05	-7.027875e-09	-2.932179e-09	-3.744183e+01	-3.497506e+02
1.189000e-05	-7.035845e-09	-2.934365e-09	-3.748429e+01	-3.500760e+02
1.190000e-05	-7.043640e-09	-2.940133e-09	-3.752582e+01	-3.503922e+02
1.191000e-05	-7.051293e-09	-2.946620e-09	-3.756660e+01	-3.506993e+02
1.192000e-05	-7.058843e-09	-2.950338e-09	-3.760682e+01	-3.509973e+02
1.193000e-05	-7.066312e-09	-2.952581e-09	-3.764661e+01	-3.512862e+02
1.194000e-05	-7.073674e-09	-2.956842e-09	-3.768583e+01	-3.515659e+02
1.195000e-05	-7.080932e-09	-2.963721e-09	-3.772450e+01	-3.518365e+02
1.196000e-05	-7.088091e-09	-2.968777e-09	-3.776264e+01	-3.520979e+02
1.197000e-05	-7.095142e-09	-2.968073e-09	-3.780021e+01	-3.523501e+02
1.198000e-05	-7.102054e-09	-2.964963e-09	-3.783703e+01	-3.525932e+02
1.199000e-05	-7.108747e-09	-2.964758e-09	-3.787268e+01	-3.528271e+02
1.200000e-05	-7.115201e-09	-2.969146e-09	-3.790707e+01	-3.530518e+02
1.201000e-05	-7.121426e-09	-2.973554e-09	-3.794023e+01	-3.532674e+02
1.202000e-05	-7.127379e-09	-2.974487e-09	-3.797195e+01	-3.534737e+02
1.203000e-05	-7.133020e-09	-2.974835e-09	-3.800200e+01	-3.536709e+02
1.204000e-05	-7.138359e-09	-2.978400e-09	-3.803044e+01	-3.538588e+02
1.205000e-05	-7.143383e-09	-2.986055e-09	-3.805721e+01	-3.540376e+02
1.206000e-05	-7.148106e-09	-2.991585e-09	-3.808237e+01	-3.542071e+02
1.207000e-05	-7.152534e-09	-2.991303e-09	-3.810596e+01	-3.543674e+02
1.208000e-05	-7.156683e-09	-2.990139e-09	-3.812807e+01	-3.545185e+02
1.209000e-05	-7.160646e-09	-2.992164e-09	-3.814918e+01	-3.546604e+02
1.210000e-05	-7.164443e-09	-2.997314e-09	-3.816941e+01	-3.547930e+02
1.211000e-05	-7.168086e-09	-3.001391e-09	-3.818882e+01	-3.549164e+02
1.212000e-05	-7.171626e-09	-3.001552e-09	-3.820767e+01	-3.550306e+02
1.213000e-05	-7.175063e-09	-3.000490e-09	-3.822599e+01	-3.551355e+02
1.214000e-05	-7.178395e-09	-3.001550e-09	-3.824374e+01	-3.552312e+02
1.215000e-05	-7.181635e-09	-3.006605e-09	-3.826100e+01	-3.553177e+02
1.216000e-05	-7.184772e-09	-3.011709e-09	-3.827771e+01	-3.553949e+02
1.217000e-05	-7.187761e-09	-3.012172e-09	-3.829364e+01	-3.554628e+02
1.218000e-05	-7.190562e-09	-3.009499e-09	-3.830856e+01	-3.555215e+02
1.219000e-05	-7.193158e-09	-3.008999e-09	-3.832239e+01	-3.555710e+02
1.220000e-05	-7.195586e-09	-3.009960e-09	-3.833533e+01	-3.556112e+02
1.221000e-05	-7.197844e-09	-3.011685e-09	-3.834735e+01	-3.556421e+02
1.222000e-05	-7.199877e-09	-3.013171e-09	-3.835819e+01	-3.556638e+02
1.223000e-05	-7.201725e-09	-3.013545e-09	-3.836803e+01	-3.556763e+02
1.224000e-05	-7.203438e-09	-3.019131e-09	-3.837715e+01	-3.556795e+02
1.225000e-05	-7.205002e-09	-3.027849e-09	-3.838549e+01	-3.556734e+02
1.226000e-05	-7.206421e-09	-3.036947e-09	-3.839305e+01	-3.556581e+02
1.227000e-05	-7.207723e-09	-3.037744e-09	-3.839998e+01	-3.556335e+02
1.228000e-05	-7.208881e-09	-3.027929e-09	-3.840615e+01	-3.555997e+02
1.229000e-05	-7.209806e-09	-3.017884e-09	-3.841108e+01	-3.555566e+02
1.230000e-05	-7.210445e-09	-3.013604e-09	-3.841448e+01	-3.555042e+02
1.231000e-05	-7.210917e-09	-3.019505e-09	-3.841700e+01	-3.554427e+02
