# Temperatura_=_20.0
# Concentracion g/m^3_=_10000.0
# C_Vs_to_Am_M_A/Vsm_=_116720831517.84952
# pendiente_HvsI_1/m_=_3716.3
# ordenada_HvsI_A/m_=_1297.0
# frecuencia_Hz_=_81160.38099771681
# Promedio de 23 ciclos

Tiempo_(s)	Campo_(V.s)	Magnetizacion_(V.s)	Campo_(kA/m)	Magnetizacion_(A/m)
0.000000e+00	-4.457957e-09	-1.867580e-09	-2.358468e+01	-2.193777e+02
1.000000e-08	-4.458083e-09	-1.870836e-09	-2.358535e+01	-2.193564e+02
2.000000e-08	-4.458113e-09	-1.878947e-09	-2.358551e+01	-2.193293e+02
3.000000e-08	-4.458044e-09	-1.857407e-09	-2.358514e+01	-2.192966e+02
4.000000e-08	-4.457895e-09	-1.793225e-09	-2.358435e+01	-2.192581e+02
5.000000e-08	-4.457660e-09	-1.844941e-09	-2.358311e+01	-2.192140e+02
6.000000e-08	-4.457347e-09	-1.919823e-09	-2.358145e+01	-2.191641e+02
7.000000e-08	-4.456961e-09	-1.915656e-09	-2.357941e+01	-2.191085e+02
8.000000e-08	-4.456489e-09	-1.923986e-09	-2.357691e+01	-2.190472e+02
9.000000e-08	-4.455947e-09	-1.895529e-09	-2.357405e+01	-2.189803e+02
1.000000e-07	-4.455352e-09	-1.848347e-09	-2.357090e+01	-2.189076e+02
1.100000e-07	-4.454675e-09	-1.794056e-09	-2.356732e+01	-2.188292e+02
1.200000e-07	-4.453907e-09	-1.777094e-09	-2.356325e+01	-2.187452e+02
1.300000e-07	-4.453052e-09	-1.827342e-09	-2.355873e+01	-2.186554e+02
1.400000e-07	-4.452110e-09	-1.891027e-09	-2.355375e+01	-2.185600e+02
1.500000e-07	-4.451072e-09	-1.930405e-09	-2.354826e+01	-2.184588e+02
1.600000e-07	-4.449937e-09	-1.904893e-09	-2.354225e+01	-2.183520e+02
1.700000e-07	-4.448672e-09	-1.868800e-09	-2.353556e+01	-2.182395e+02
1.800000e-07	-4.447260e-09	-1.823234e-09	-2.352809e+01	-2.181214e+02
1.900000e-07	-4.445708e-09	-1.821014e-09	-2.351988e+01	-2.179975e+02
2.000000e-07	-4.443996e-09	-1.846086e-09	-2.351082e+01	-2.178680e+02
2.100000e-07	-4.442097e-09	-1.870138e-09	-2.350078e+01	-2.177328e+02
2.200000e-07	-4.439990e-09	-1.907214e-09	-2.348963e+01	-2.175919e+02
2.300000e-07	-4.437721e-09	-1.918099e-09	-2.347762e+01	-2.174454e+02
2.400000e-07	-4.435276e-09	-1.897321e-09	-2.346469e+01	-2.172932e+02
2.500000e-07	-4.432621e-09	-1.844107e-09	-2.345064e+01	-2.171354e+02
2.600000e-07	-4.429786e-09	-1.822049e-09	-2.343564e+01	-2.169719e+02
2.700000e-07	-4.426777e-09	-1.838057e-09	-2.341973e+01	-2.168028e+02
2.800000e-07	-4.423566e-09	-1.877287e-09	-2.340274e+01	-2.166280e+02
2.900000e-07	-4.420139e-09	-1.902772e-09	-2.338461e+01	-2.164476e+02
3.000000e-07	-4.416541e-09	-1.892231e-09	-2.336557e+01	-2.162616e+02
3.100000e-07	-4.412801e-09	-1.875143e-09	-2.334579e+01	-2.160699e+02
3.200000e-07	-4.408933e-09	-1.853584e-09	-2.332532e+01	-2.158726e+02
3.300000e-07	-4.404943e-09	-1.847158e-09	-2.330421e+01	-2.156697e+02
3.400000e-07	-4.400845e-09	-1.846548e-09	-2.328254e+01	-2.154612e+02
3.500000e-07	-4.396645e-09	-1.865412e-09	-2.326031e+01	-2.152471e+02
3.600000e-07	-4.392338e-09	-1.890332e-09	-2.323753e+01	-2.150273e+02
3.700000e-07	-4.387959e-09	-1.897744e-09	-2.321436e+01	-2.148020e+02
3.800000e-07	-4.383522e-09	-1.881551e-09	-2.319089e+01	-2.145711e+02
3.900000e-07	-4.379023e-09	-1.850676e-09	-2.316709e+01	-2.143346e+02
4.000000e-07	-4.374476e-09	-1.840525e-09	-2.314303e+01	-2.140925e+02
4.100000e-07	-4.369891e-09	-1.843717e-09	-2.311877e+01	-2.138449e+02
4.200000e-07	-4.365252e-09	-1.858735e-09	-2.309423e+01	-2.135917e+02
4.300000e-07	-4.360553e-09	-1.869180e-09	-2.306937e+01	-2.133329e+02
4.400000e-07	-4.355770e-09	-1.873209e-09	-2.304407e+01	-2.130686e+02
4.500000e-07	-4.350913e-09	-1.867508e-09	-2.301837e+01	-2.127987e+02
4.600000e-07	-4.345985e-09	-1.848683e-09	-2.299230e+01	-2.125233e+02
4.700000e-07	-4.340954e-09	-1.832273e-09	-2.296568e+01	-2.122424e+02
4.800000e-07	-4.335829e-09	-1.822680e-09	-2.293857e+01	-2.119560e+02
4.900000e-07	-4.330569e-09	-1.832384e-09	-2.291074e+01	-2.116640e+02
5.000000e-07	-4.325157e-09	-1.846334e-09	-2.288211e+01	-2.113665e+02
5.100000e-07	-4.319610e-09	-1.854867e-09	-2.285276e+01	-2.110636e+02
5.200000e-07	-4.313921e-09	-1.849253e-09	-2.282266e+01	-2.107551e+02
5.300000e-07	-4.308103e-09	-1.834772e-09	-2.279189e+01	-2.104411e+02
5.400000e-07	-4.302188e-09	-1.825653e-09	-2.276059e+01	-2.101217e+02
5.500000e-07	-4.296148e-09	-1.824760e-09	-2.272864e+01	-2.097968e+02
5.600000e-07	-4.289972e-09	-1.832698e-09	-2.269596e+01	-2.094665e+02
5.700000e-07	-4.283721e-09	-1.835981e-09	-2.266290e+01	-2.091307e+02
5.800000e-07	-4.277383e-09	-1.834183e-09	-2.262936e+01	-2.087894e+02
5.900000e-07	-4.270933e-09	-1.824878e-09	-2.259524e+01	-2.084427e+02
6.000000e-07	-4.264406e-09	-1.812633e-09	-2.256071e+01	-2.080906e+02
6.100000e-07	-4.257792e-09	-1.801816e-09	-2.252572e+01	-2.077331e+02
6.200000e-07	-4.251063e-09	-1.798012e-09	-2.249012e+01	-2.073702e+02
6.300000e-07	-4.244238e-09	-1.804760e-09	-2.245401e+01	-2.070019e+02
6.400000e-07	-4.237332e-09	-1.812264e-09	-2.241748e+01	-2.066282e+02
6.500000e-07	-4.230320e-09	-1.816642e-09	-2.238038e+01	-2.062491e+02
6.600000e-07	-4.223171e-09	-1.810013e-09	-2.234255e+01	-2.058646e+02
6.700000e-07	-4.215916e-09	-1.796104e-09	-2.230418e+01	-2.054748e+02
6.800000e-07	-4.208557e-09	-1.780551e-09	-2.226524e+01	-2.050797e+02
6.900000e-07	-4.201065e-09	-1.771656e-09	-2.222560e+01	-2.046792e+02
7.000000e-07	-4.193423e-09	-1.773555e-09	-2.218518e+01	-2.042734e+02
7.100000e-07	-4.185633e-09	-1.781155e-09	-2.214396e+01	-2.038622e+02
7.200000e-07	-4.177745e-09	-1.789457e-09	-2.210223e+01	-2.034458e+02
7.300000e-07	-4.169772e-09	-1.790158e-09	-2.206005e+01	-2.030241e+02
7.400000e-07	-4.161685e-09	-1.785484e-09	-2.201727e+01	-2.025970e+02
7.500000e-07	-4.153501e-09	-1.776883e-09	-2.197397e+01	-2.021648e+02
7.600000e-07	-4.145240e-09	-1.769601e-09	-2.193026e+01	-2.017272e+02
7.700000e-07	-4.136903e-09	-1.764706e-09	-2.188616e+01	-2.012844e+02
7.800000e-07	-4.128529e-09	-1.762534e-09	-2.184185e+01	-2.008364e+02
7.900000e-07	-4.120100e-09	-1.763035e-09	-2.179726e+01	-2.003831e+02
8.000000e-07	-4.111600e-09	-1.762274e-09	-2.175229e+01	-1.999246e+02
8.100000e-07	-4.103046e-09	-1.760076e-09	-2.170704e+01	-1.994610e+02
8.200000e-07	-4.094435e-09	-1.753604e-09	-2.166148e+01	-1.989921e+02
8.300000e-07	-4.085779e-09	-1.748770e-09	-2.161569e+01	-1.985180e+02
8.400000e-07	-4.077085e-09	-1.746848e-09	-2.156969e+01	-1.980388e+02
8.500000e-07	-4.068324e-09	-1.744278e-09	-2.152334e+01	-1.975545e+02
8.600000e-07	-4.059453e-09	-1.739399e-09	-2.147641e+01	-1.970650e+02
8.700000e-07	-4.050486e-09	-1.733045e-09	-2.142897e+01	-1.965703e+02
8.800000e-07	-4.041428e-09	-1.728166e-09	-2.138105e+01	-1.960706e+02
8.900000e-07	-4.032254e-09	-1.725327e-09	-2.133251e+01	-1.955657e+02
9.000000e-07	-4.022943e-09	-1.724611e-09	-2.128326e+01	-1.950558e+02
9.100000e-07	-4.013493e-09	-1.720826e-09	-2.123326e+01	-1.945408e+02
9.200000e-07	-4.003879e-09	-1.715976e-09	-2.118240e+01	-1.940207e+02
9.300000e-07	-3.994106e-09	-1.713119e-09	-2.113069e+01	-1.934956e+02
9.400000e-07	-3.984214e-09	-1.710601e-09	-2.107836e+01	-1.929654e+02
9.500000e-07	-3.974151e-09	-1.705598e-09	-2.102512e+01	-1.924302e+02
9.600000e-07	-3.963885e-09	-1.697019e-09	-2.097081e+01	-1.918900e+02
9.700000e-07	-3.953428e-09	-1.688991e-09	-2.091549e+01	-1.913448e+02
9.800000e-07	-3.942793e-09	-1.684649e-09	-2.085922e+01	-1.907947e+02
9.900000e-07	-3.931986e-09	-1.683285e-09	-2.080205e+01	-1.902395e+02
1.000000e-06	-3.920996e-09	-1.679920e-09	-2.074391e+01	-1.896794e+02
1.010000e-06	-3.909829e-09	-1.674442e-09	-2.068483e+01	-1.891144e+02
1.020000e-06	-3.898508e-09	-1.667509e-09	-2.062494e+01	-1.885445e+02
1.030000e-06	-3.887046e-09	-1.660983e-09	-2.056430e+01	-1.879696e+02
1.040000e-06	-3.875444e-09	-1.657848e-09	-2.050292e+01	-1.873899e+02
1.050000e-06	-3.863712e-09	-1.656175e-09	-2.044085e+01	-1.868053e+02
1.060000e-06	-3.851858e-09	-1.654355e-09	-2.037814e+01	-1.862158e+02
1.070000e-06	-3.839866e-09	-1.650057e-09	-2.031469e+01	-1.856215e+02
1.080000e-06	-3.827750e-09	-1.644058e-09	-2.025060e+01	-1.850223e+02
1.090000e-06	-3.815547e-09	-1.636383e-09	-2.018604e+01	-1.844184e+02
1.100000e-06	-3.803272e-09	-1.626981e-09	-2.012110e+01	-1.838096e+02
1.110000e-06	-3.790929e-09	-1.619040e-09	-2.005580e+01	-1.831960e+02
1.120000e-06	-3.778503e-09	-1.614073e-09	-1.999006e+01	-1.825777e+02
1.130000e-06	-3.765998e-09	-1.613643e-09	-1.992390e+01	-1.819546e+02
1.140000e-06	-3.753432e-09	-1.614923e-09	-1.985742e+01	-1.813268e+02
1.150000e-06	-3.740784e-09	-1.613515e-09	-1.979050e+01	-1.806943e+02
1.160000e-06	-3.728061e-09	-1.607191e-09	-1.972320e+01	-1.800571e+02
1.170000e-06	-3.715281e-09	-1.597098e-09	-1.965558e+01	-1.794152e+02
1.180000e-06	-3.702410e-09	-1.586851e-09	-1.958749e+01	-1.787686e+02
1.190000e-06	-3.689436e-09	-1.578880e-09	-1.951885e+01	-1.781174e+02
1.200000e-06	-3.676347e-09	-1.573583e-09	-1.944961e+01	-1.774615e+02
1.210000e-06	-3.663159e-09	-1.569038e-09	-1.937983e+01	-1.768010e+02
1.220000e-06	-3.649888e-09	-1.563647e-09	-1.930962e+01	-1.761359e+02
1.230000e-06	-3.636491e-09	-1.556452e-09	-1.923875e+01	-1.754662e+02
1.240000e-06	-3.622947e-09	-1.548936e-09	-1.916709e+01	-1.747920e+02
1.250000e-06	-3.609272e-09	-1.542119e-09	-1.909475e+01	-1.741132e+02
1.260000e-06	-3.595480e-09	-1.534953e-09	-1.902178e+01	-1.734299e+02
1.270000e-06	-3.581590e-09	-1.526626e-09	-1.894829e+01	-1.727421e+02
1.280000e-06	-3.567612e-09	-1.516632e-09	-1.887434e+01	-1.720497e+02
1.290000e-06	-3.553519e-09	-1.506961e-09	-1.879979e+01	-1.713529e+02
1.300000e-06	-3.539273e-09	-1.498020e-09	-1.872442e+01	-1.706517e+02
1.310000e-06	-3.524892e-09	-1.489275e-09	-1.864834e+01	-1.699460e+02
1.320000e-06	-3.510446e-09	-1.479700e-09	-1.857191e+01	-1.692358e+02
1.330000e-06	-3.495918e-09	-1.469880e-09	-1.849505e+01	-1.685213e+02
1.340000e-06	-3.481248e-09	-1.463260e-09	-1.841744e+01	-1.678024e+02
1.350000e-06	-3.466497e-09	-1.458169e-09	-1.833940e+01	-1.670791e+02
1.360000e-06	-3.451685e-09	-1.453790e-09	-1.826104e+01	-1.663514e+02
1.370000e-06	-3.436785e-09	-1.449883e-09	-1.818221e+01	-1.656195e+02
1.380000e-06	-3.421794e-09	-1.444401e-09	-1.810290e+01	-1.648832e+02
1.390000e-06	-3.406693e-09	-1.435793e-09	-1.802301e+01	-1.641426e+02
1.400000e-06	-3.391512e-09	-1.424616e-09	-1.794269e+01	-1.633978e+02
1.410000e-06	-3.376232e-09	-1.414598e-09	-1.786185e+01	-1.626487e+02
1.420000e-06	-3.360801e-09	-1.407152e-09	-1.778022e+01	-1.618954e+02
1.430000e-06	-3.345248e-09	-1.402417e-09	-1.769794e+01	-1.611378e+02
1.440000e-06	-3.329574e-09	-1.397850e-09	-1.761501e+01	-1.603761e+02
1.450000e-06	-3.313797e-09	-1.391168e-09	-1.753154e+01	-1.596102e+02
1.460000e-06	-3.297867e-09	-1.383117e-09	-1.744727e+01	-1.588401e+02
1.470000e-06	-3.281722e-09	-1.373968e-09	-1.736185e+01	-1.580659e+02
1.480000e-06	-3.265440e-09	-1.365302e-09	-1.727572e+01	-1.572876e+02
1.490000e-06	-3.249066e-09	-1.357869e-09	-1.718908e+01	-1.565052e+02
1.500000e-06	-3.232577e-09	-1.350364e-09	-1.710185e+01	-1.557187e+02
1.510000e-06	-3.215956e-09	-1.343483e-09	-1.701392e+01	-1.549282e+02
1.520000e-06	-3.199177e-09	-1.337920e-09	-1.692515e+01	-1.541337e+02
1.530000e-06	-3.182290e-09	-1.331817e-09	-1.683581e+01	-1.533351e+02
1.540000e-06	-3.165300e-09	-1.324479e-09	-1.674593e+01	-1.525325e+02
1.550000e-06	-3.148195e-09	-1.316941e-09	-1.665543e+01	-1.517260e+02
1.560000e-06	-3.131024e-09	-1.310097e-09	-1.656459e+01	-1.509155e+02
1.570000e-06	-3.113736e-09	-1.305574e-09	-1.647313e+01	-1.501011e+02
1.580000e-06	-3.096303e-09	-1.300395e-09	-1.638090e+01	-1.492828e+02
1.590000e-06	-3.078798e-09	-1.291309e-09	-1.628829e+01	-1.484606e+02
1.600000e-06	-3.061245e-09	-1.280705e-09	-1.619543e+01	-1.476345e+02
1.610000e-06	-3.043623e-09	-1.271481e-09	-1.610220e+01	-1.468046e+02
1.620000e-06	-3.025911e-09	-1.266873e-09	-1.600849e+01	-1.459708e+02
1.630000e-06	-3.008115e-09	-1.264422e-09	-1.591434e+01	-1.451333e+02
1.640000e-06	-2.990267e-09	-1.258539e-09	-1.581992e+01	-1.442920e+02
1.650000e-06	-2.972375e-09	-1.250099e-09	-1.572526e+01	-1.434469e+02
1.660000e-06	-2.954449e-09	-1.241827e-09	-1.563043e+01	-1.425981e+02
1.670000e-06	-2.936442e-09	-1.235458e-09	-1.553516e+01	-1.417456e+02
1.680000e-06	-2.918393e-09	-1.228759e-09	-1.543967e+01	-1.408894e+02
1.690000e-06	-2.900309e-09	-1.218773e-09	-1.534400e+01	-1.400295e+02
1.700000e-06	-2.882144e-09	-1.208584e-09	-1.524790e+01	-1.391660e+02
1.710000e-06	-2.863948e-09	-1.201674e-09	-1.515163e+01	-1.382989e+02
1.720000e-06	-2.845736e-09	-1.197716e-09	-1.505529e+01	-1.374282e+02
1.730000e-06	-2.827496e-09	-1.193619e-09	-1.495878e+01	-1.365538e+02
1.740000e-06	-2.809201e-09	-1.187111e-09	-1.486199e+01	-1.356760e+02
1.750000e-06	-2.790856e-09	-1.179185e-09	-1.476494e+01	-1.347946e+02
1.760000e-06	-2.772469e-09	-1.171638e-09	-1.466767e+01	-1.339097e+02
1.770000e-06	-2.754037e-09	-1.166545e-09	-1.457015e+01	-1.330213e+02
1.780000e-06	-2.735581e-09	-1.161365e-09	-1.447251e+01	-1.321294e+02
1.790000e-06	-2.717111e-09	-1.152549e-09	-1.437480e+01	-1.312341e+02
1.800000e-06	-2.698584e-09	-1.142843e-09	-1.427678e+01	-1.303354e+02
1.810000e-06	-2.679982e-09	-1.133581e-09	-1.417837e+01	-1.294333e+02
1.820000e-06	-2.661350e-09	-1.127020e-09	-1.407979e+01	-1.285278e+02
1.830000e-06	-2.642662e-09	-1.122534e-09	-1.398093e+01	-1.276190e+02
1.840000e-06	-2.623905e-09	-1.116299e-09	-1.388169e+01	-1.267069e+02
1.850000e-06	-2.605107e-09	-1.107400e-09	-1.378224e+01	-1.257914e+02
1.860000e-06	-2.586250e-09	-1.098147e-09	-1.368248e+01	-1.248727e+02
1.870000e-06	-2.567320e-09	-1.090242e-09	-1.358233e+01	-1.239507e+02
1.880000e-06	-2.548329e-09	-1.081403e-09	-1.348186e+01	-1.230255e+02
1.890000e-06	-2.529251e-09	-1.071103e-09	-1.338093e+01	-1.220971e+02
1.900000e-06	-2.510072e-09	-1.060723e-09	-1.327946e+01	-1.211656e+02
1.910000e-06	-2.490816e-09	-1.054324e-09	-1.317759e+01	-1.202308e+02
1.920000e-06	-2.471474e-09	-1.050573e-09	-1.307526e+01	-1.192930e+02
1.930000e-06	-2.452047e-09	-1.043892e-09	-1.297248e+01	-1.183520e+02
1.940000e-06	-2.432532e-09	-1.030653e-09	-1.286924e+01	-1.174079e+02
1.950000e-06	-2.412949e-09	-1.015502e-09	-1.276564e+01	-1.164608e+02
1.960000e-06	-2.393323e-09	-1.006941e-09	-1.266180e+01	-1.155107e+02
1.970000e-06	-2.373612e-09	-1.003745e-09	-1.255752e+01	-1.145576e+02
1.980000e-06	-2.353812e-09	-1.001382e-09	-1.245277e+01	-1.136014e+02
1.990000e-06	-2.333929e-09	-9.938417e-10	-1.234758e+01	-1.126423e+02
2.000000e-06	-2.313989e-09	-9.832441e-10	-1.224209e+01	-1.116803e+02
2.010000e-06	-2.294006e-09	-9.738702e-10	-1.213637e+01	-1.107154e+02
2.020000e-06	-2.273945e-09	-9.664969e-10	-1.203024e+01	-1.097476e+02
2.030000e-06	-2.253817e-09	-9.587197e-10	-1.192375e+01	-1.087769e+02
2.040000e-06	-2.233630e-09	-9.449647e-10	-1.181695e+01	-1.078034e+02
2.050000e-06	-2.213396e-09	-9.299103e-10	-1.170991e+01	-1.068271e+02
2.060000e-06	-2.193127e-09	-9.188440e-10	-1.160268e+01	-1.058480e+02
2.070000e-06	-2.172811e-09	-9.174908e-10	-1.149519e+01	-1.048662e+02
2.080000e-06	-2.152473e-09	-9.201115e-10	-1.138759e+01	-1.038816e+02
2.090000e-06	-2.132131e-09	-9.152018e-10	-1.127998e+01	-1.028943e+02
2.100000e-06	-2.111761e-09	-9.051904e-10	-1.117221e+01	-1.019044e+02
2.110000e-06	-2.091347e-09	-8.923263e-10	-1.106421e+01	-1.009118e+02
2.120000e-06	-2.070892e-09	-8.814553e-10	-1.095600e+01	-9.991653e+01
2.130000e-06	-2.050419e-09	-8.705395e-10	-1.084769e+01	-9.891869e+01
2.140000e-06	-2.029941e-09	-8.576246e-10	-1.073935e+01	-9.791827e+01
2.150000e-06	-2.009451e-09	-8.474988e-10	-1.063095e+01	-9.691530e+01
2.160000e-06	-1.988942e-09	-8.443558e-10	-1.052244e+01	-9.590981e+01
2.170000e-06	-1.968418e-09	-8.490076e-10	-1.041386e+01	-9.490182e+01
2.180000e-06	-1.947888e-09	-8.500769e-10	-1.030525e+01	-9.389136e+01
2.190000e-06	-1.927339e-09	-8.411665e-10	-1.019653e+01	-9.287845e+01
2.200000e-06	-1.906766e-09	-8.247309e-10	-1.008769e+01	-9.186313e+01
2.210000e-06	-1.886170e-09	-8.084267e-10	-9.978730e+00	-9.084541e+01
2.220000e-06	-1.865554e-09	-7.970628e-10	-9.869662e+00	-8.982533e+01
2.230000e-06	-1.844931e-09	-7.906080e-10	-9.760554e+00	-8.880291e+01
2.240000e-06	-1.824301e-09	-7.878820e-10	-9.651412e+00	-8.777817e+01
2.250000e-06	-1.803659e-09	-7.840555e-10	-9.542208e+00	-8.675115e+01
2.260000e-06	-1.782987e-09	-7.795594e-10	-9.432844e+00	-8.572187e+01
2.270000e-06	-1.762290e-09	-7.756838e-10	-9.323344e+00	-8.469035e+01
2.280000e-06	-1.741557e-09	-7.676046e-10	-9.213660e+00	-8.365663e+01
2.290000e-06	-1.720788e-09	-7.518581e-10	-9.103781e+00	-8.262074e+01
2.300000e-06	-1.700002e-09	-7.343214e-10	-8.993810e+00	-8.158268e+01
2.310000e-06	-1.679182e-09	-7.216374e-10	-8.883663e+00	-8.054251e+01
2.320000e-06	-1.658323e-09	-7.158425e-10	-8.773313e+00	-7.950023e+01
2.330000e-06	-1.637446e-09	-7.127474e-10	-8.662864e+00	-7.845589e+01
2.340000e-06	-1.616537e-09	-7.055823e-10	-8.552246e+00	-7.740950e+01
2.350000e-06	-1.595599e-09	-6.965211e-10	-8.441474e+00	-7.636109e+01
2.360000e-06	-1.574627e-09	-6.904528e-10	-8.330522e+00	-7.531070e+01
2.370000e-06	-1.553572e-09	-6.862790e-10	-8.219128e+00	-7.425834e+01
2.380000e-06	-1.532474e-09	-6.792288e-10	-8.107511e+00	-7.320405e+01
2.390000e-06	-1.511354e-09	-6.665490e-10	-7.995774e+00	-7.214785e+01
2.400000e-06	-1.490177e-09	-6.517638e-10	-7.883737e+00	-7.108977e+01
2.410000e-06	-1.468943e-09	-6.404284e-10	-7.771403e+00	-7.002984e+01
2.420000e-06	-1.447691e-09	-6.330213e-10	-7.658968e+00	-6.896808e+01
2.430000e-06	-1.426411e-09	-6.269291e-10	-7.546388e+00	-6.790453e+01
2.440000e-06	-1.405072e-09	-6.192471e-10	-7.433494e+00	-6.683921e+01
2.450000e-06	-1.383703e-09	-6.109390e-10	-7.320443e+00	-6.577214e+01
2.460000e-06	-1.362271e-09	-6.037097e-10	-7.207056e+00	-6.470336e+01
2.470000e-06	-1.340768e-09	-5.966599e-10	-7.093297e+00	-6.363290e+01
2.480000e-06	-1.319205e-09	-5.871701e-10	-6.979215e+00	-6.256078e+01
2.490000e-06	-1.297622e-09	-5.746029e-10	-6.865035e+00	-6.148702e+01
2.500000e-06	-1.276038e-09	-5.604721e-10	-6.750845e+00	-6.041167e+01
2.510000e-06	-1.254372e-09	-5.471797e-10	-6.636220e+00	-5.933474e+01
2.520000e-06	-1.232658e-09	-5.373546e-10	-6.521344e+00	-5.825626e+01
2.530000e-06	-1.210906e-09	-5.295965e-10	-6.406264e+00	-5.717626e+01
2.540000e-06	-1.189115e-09	-5.219549e-10	-6.290980e+00	-5.609478e+01
2.550000e-06	-1.167288e-09	-5.128759e-10	-6.175508e+00	-5.501183e+01
2.560000e-06	-1.145412e-09	-5.035980e-10	-6.059774e+00	-5.392745e+01
2.570000e-06	-1.123528e-09	-4.941076e-10	-5.943994e+00	-5.284166e+01
2.580000e-06	-1.101617e-09	-4.835451e-10	-5.828074e+00	-5.175449e+01
2.590000e-06	-1.079653e-09	-4.725502e-10	-5.711875e+00	-5.066598e+01
2.600000e-06	-1.057653e-09	-4.604386e-10	-5.595486e+00	-4.957614e+01
2.610000e-06	-1.035635e-09	-4.472728e-10	-5.478998e+00	-4.848501e+01
2.620000e-06	-1.013597e-09	-4.350391e-10	-5.362406e+00	-4.739261e+01
2.630000e-06	-9.915298e-10	-4.257859e-10	-5.245662e+00	-4.629898e+01
2.640000e-06	-9.694267e-10	-4.176665e-10	-5.128727e+00	-4.520414e+01
2.650000e-06	-9.472964e-10	-4.074996e-10	-5.011647e+00	-4.410813e+01
2.660000e-06	-9.251431e-10	-3.939258e-10	-4.894445e+00	-4.301096e+01
2.670000e-06	-9.029653e-10	-3.796479e-10	-4.777114e+00	-4.191267e+01
2.680000e-06	-8.807587e-10	-3.681440e-10	-4.659631e+00	-4.081329e+01
2.690000e-06	-8.585257e-10	-3.601143e-10	-4.542008e+00	-3.971284e+01
2.700000e-06	-8.362797e-10	-3.518996e-10	-4.424316e+00	-3.861135e+01
2.710000e-06	-8.140177e-10	-3.420126e-10	-4.306540e+00	-3.750886e+01
2.720000e-06	-7.917287e-10	-3.306093e-10	-4.188621e+00	-3.640539e+01
2.730000e-06	-7.694048e-10	-3.181606e-10	-4.070516e+00	-3.530097e+01
2.740000e-06	-7.470884e-10	-3.077711e-10	-3.952452e+00	-3.419562e+01
2.750000e-06	-7.247679e-10	-2.996396e-10	-3.834366e+00	-3.308938e+01
2.760000e-06	-7.024148e-10	-2.913367e-10	-3.716108e+00	-3.198228e+01
2.770000e-06	-6.800602e-10	-2.810598e-10	-3.597842e+00	-3.087435e+01
2.780000e-06	-6.576729e-10	-2.707869e-10	-3.479402e+00	-2.976561e+01
2.790000e-06	-6.352634e-10	-2.610441e-10	-3.360846e+00	-2.865608e+01
2.800000e-06	-6.128564e-10	-2.504313e-10	-3.242302e+00	-2.754582e+01
2.810000e-06	-5.904478e-10	-2.380247e-10	-3.123750e+00	-2.643483e+01
2.820000e-06	-5.680291e-10	-2.260712e-10	-3.005145e+00	-2.532315e+01
2.830000e-06	-5.455870e-10	-2.161844e-10	-2.886415e+00	-2.421080e+01
2.840000e-06	-5.231370e-10	-2.089877e-10	-2.767644e+00	-2.309783e+01
2.850000e-06	-5.006702e-10	-2.026414e-10	-2.648784e+00	-2.198425e+01
2.860000e-06	-4.781837e-10	-1.932635e-10	-2.529820e+00	-2.087009e+01
2.870000e-06	-4.557028e-10	-1.792368e-10	-2.410885e+00	-1.975539e+01
2.880000e-06	-4.332254e-10	-1.635661e-10	-2.291970e+00	-1.864017e+01
2.890000e-06	-4.107355e-10	-1.531223e-10	-2.172987e+00	-1.752447e+01
2.900000e-06	-3.882370e-10	-1.455946e-10	-2.053960e+00	-1.640830e+01
2.910000e-06	-3.657415e-10	-1.362927e-10	-1.934948e+00	-1.529170e+01
2.920000e-06	-3.432469e-10	-1.232621e-10	-1.815941e+00	-1.417470e+01
2.930000e-06	-3.207216e-10	-1.092283e-10	-1.696772e+00	-1.305733e+01
2.940000e-06	-2.981967e-10	-9.778993e-11	-1.577604e+00	-1.193962e+01
2.950000e-06	-2.756861e-10	-8.762033e-11	-1.458513e+00	-1.082159e+01
2.960000e-06	-2.531504e-10	-7.884619e-11	-1.339288e+00	-9.703278e+00
2.970000e-06	-2.305926e-10	-7.046813e-11	-1.219947e+00	-8.584709e+00
2.980000e-06	-2.080375e-10	-6.227029e-11	-1.100620e+00	-7.465913e+00
2.990000e-06	-1.854942e-10	-5.269872e-11	-9.813550e-01	-6.346920e+00
3.000000e-06	-1.629484e-10	-4.173201e-11	-8.620772e-01	-5.227757e+00
3.010000e-06	-1.403740e-10	-3.010535e-11	-7.426479e-01	-4.108455e+00
3.020000e-06	-1.177742e-10	-1.784993e-11	-6.230847e-01	-2.989043e+00
3.030000e-06	-9.520456e-11	-7.627672e-12	-5.036806e-01	-1.869549e+00
3.040000e-06	-7.264135e-11	-1.186342e-12	-3.843106e-01	-7.500028e-01
3.050000e-06	-5.007189e-11	4.661779e-12	-2.649075e-01	3.695665e-01
3.060000e-06	-2.750018e-11	1.440900e-11	-1.454926e-01	1.489130e+00
3.070000e-06	-4.933497e-12	2.677648e-11	-2.610429e-02	2.608658e+00
3.080000e-06	1.761797e-11	3.894515e-11	9.320352e-02	3.728122e+00
3.090000e-06	4.016050e-11	5.007989e-11	2.124641e-01	4.847493e+00
3.100000e-06	6.269641e-11	6.028263e-11	3.316896e-01	5.966742e+00
3.110000e-06	8.524936e-11	7.019776e-11	4.510053e-01	7.085838e+00
3.120000e-06	1.078055e-10	8.063997e-11	5.703380e-01	8.204755e+00
3.130000e-06	1.303478e-10	9.097916e-11	6.895971e-01	9.323461e+00
3.140000e-06	1.528789e-10	1.013438e-10	8.087972e-01	1.044193e+01
3.150000e-06	1.754256e-10	1.107756e-10	9.280800e-01	1.156013e+01
3.160000e-06	1.979818e-10	1.200342e-10	1.047413e+00	1.267803e+01
3.170000e-06	2.205186e-10	1.296235e-10	1.166643e+00	1.379561e+01
3.180000e-06	2.430479e-10	1.396554e-10	1.285834e+00	1.491283e+01
3.190000e-06	2.655681e-10	1.494473e-10	1.404976e+00	1.602967e+01
3.200000e-06	2.880719e-10	1.565718e-10	1.524032e+00	1.714609e+01
3.210000e-06	3.105833e-10	1.637758e-10	1.643128e+00	1.826208e+01
3.220000e-06	3.330847e-10	1.737480e-10	1.762171e+00	1.937759e+01
3.230000e-06	3.555767e-10	1.853865e-10	1.881164e+00	2.049260e+01
3.240000e-06	3.780892e-10	1.959100e-10	2.000266e+00	2.160708e+01
3.250000e-06	4.006019e-10	2.064032e-10	2.119369e+00	2.272100e+01
3.260000e-06	4.230725e-10	2.173540e-10	2.238248e+00	2.383434e+01
3.270000e-06	4.455101e-10	2.270708e-10	2.356954e+00	2.494706e+01
3.280000e-06	4.679705e-10	2.355366e-10	2.475780e+00	2.605913e+01
3.290000e-06	4.904477e-10	2.428725e-10	2.594695e+00	2.717054e+01
3.300000e-06	5.129071e-10	2.503517e-10	2.713516e+00	2.828123e+01
3.310000e-06	5.353375e-10	2.600039e-10	2.832183e+00	2.939120e+01
3.320000e-06	5.577558e-10	2.724724e-10	2.950786e+00	3.050041e+01
3.330000e-06	5.801698e-10	2.869929e-10	3.069367e+00	3.160882e+01
3.340000e-06	6.025566e-10	3.007341e-10	3.187803e+00	3.271642e+01
3.350000e-06	6.249206e-10	3.112654e-10	3.306119e+00	3.382317e+01
3.360000e-06	6.472752e-10	3.194166e-10	3.424386e+00	3.492905e+01
3.370000e-06	6.696229e-10	3.262676e-10	3.542615e+00	3.603402e+01
3.380000e-06	6.919566e-10	3.344619e-10	3.660771e+00	3.713805e+01
3.390000e-06	7.142857e-10	3.450911e-10	3.778903e+00	3.824113e+01
3.400000e-06	7.366004e-10	3.569671e-10	3.896958e+00	3.934321e+01
3.410000e-06	7.588930e-10	3.678074e-10	4.014896e+00	4.044428e+01
3.420000e-06	7.811668e-10	3.773713e-10	4.132735e+00	4.154429e+01
3.430000e-06	8.034077e-10	3.879090e-10	4.250400e+00	4.264323e+01
3.440000e-06	8.256163e-10	3.982626e-10	4.367894e+00	4.374107e+01
3.450000e-06	8.478119e-10	4.084284e-10	4.485319e+00	4.483777e+01
3.460000e-06	8.699867e-10	4.173370e-10	4.602634e+00	4.593331e+01
3.470000e-06	8.921251e-10	4.240750e-10	4.719757e+00	4.702766e+01
3.480000e-06	9.142503e-10	4.317353e-10	4.836810e+00	4.812079e+01
3.490000e-06	9.363677e-10	4.409792e-10	4.953821e+00	4.921267e+01
3.500000e-06	9.584590e-10	4.514737e-10	5.070694e+00	5.030327e+01
3.510000e-06	9.805291e-10	4.619079e-10	5.187455e+00	5.139257e+01
3.520000e-06	1.002580e-09	4.704861e-10	5.304112e+00	5.248054e+01
3.530000e-06	1.024583e-09	4.796534e-10	5.420522e+00	5.356715e+01
3.540000e-06	1.046553e-09	4.915573e-10	5.536750e+00	5.465236e+01
3.550000e-06	1.068491e-09	5.034100e-10	5.652814e+00	5.573616e+01
3.560000e-06	1.090390e-09	5.112482e-10	5.768670e+00	5.681852e+01
3.570000e-06	1.112254e-09	5.167873e-10	5.884342e+00	5.789940e+01
3.580000e-06	1.134059e-09	5.243430e-10	5.999703e+00	5.897878e+01
3.590000e-06	1.155843e-09	5.344764e-10	6.114946e+00	6.005662e+01
3.600000e-06	1.177596e-09	5.461901e-10	6.230031e+00	6.113291e+01
3.610000e-06	1.199310e-09	5.565157e-10	6.344907e+00	6.220762e+01
3.620000e-06	1.220982e-09	5.655870e-10	6.459565e+00	6.328071e+01
3.630000e-06	1.242600e-09	5.757959e-10	6.573935e+00	6.435216e+01
3.640000e-06	1.264177e-09	5.859924e-10	6.688085e+00	6.542194e+01
3.650000e-06	1.285732e-09	5.948570e-10	6.802120e+00	6.649002e+01
3.660000e-06	1.307267e-09	6.022095e-10	6.916050e+00	6.755637e+01
3.670000e-06	1.328736e-09	6.098304e-10	7.029632e+00	6.862097e+01
3.680000e-06	1.350137e-09	6.184089e-10	7.142854e+00	6.968380e+01
3.690000e-06	1.371488e-09	6.264364e-10	7.255810e+00	7.074481e+01
3.700000e-06	1.392826e-09	6.318218e-10	7.368698e+00	7.180399e+01
3.710000e-06	1.414132e-09	6.360388e-10	7.481420e+00	7.286130e+01
3.720000e-06	1.435363e-09	6.442749e-10	7.593740e+00	7.391672e+01
3.730000e-06	1.456543e-09	6.577720e-10	7.705790e+00	7.497023e+01
3.740000e-06	1.477677e-09	6.723411e-10	7.817600e+00	7.602179e+01
3.750000e-06	1.498763e-09	6.828572e-10	7.929156e+00	7.707137e+01
3.760000e-06	1.519841e-09	6.874367e-10	8.040667e+00	7.811895e+01
3.770000e-06	1.540892e-09	6.899875e-10	8.152040e+00	7.916451e+01
3.780000e-06	1.561898e-09	6.942398e-10	8.263169e+00	8.020801e+01
3.790000e-06	1.582867e-09	6.997102e-10	8.374106e+00	8.124943e+01
3.800000e-06	1.603782e-09	7.066116e-10	8.484755e+00	8.228874e+01
3.810000e-06	1.624668e-09	7.168934e-10	8.595252e+00	8.332592e+01
3.820000e-06	1.645538e-09	7.320954e-10	8.705665e+00	8.436093e+01
3.830000e-06	1.666366e-09	7.490122e-10	8.815855e+00	8.539375e+01
3.840000e-06	1.687153e-09	7.615853e-10	8.925828e+00	8.642436e+01
3.850000e-06	1.707906e-09	7.674959e-10	9.035621e+00	8.745272e+01
3.860000e-06	1.728631e-09	7.698408e-10	9.145267e+00	8.847881e+01
3.870000e-06	1.749335e-09	7.743493e-10	9.254800e+00	8.950260e+01
3.880000e-06	1.770012e-09	7.828469e-10	9.364187e+00	9.052407e+01
3.890000e-06	1.790657e-09	7.942213e-10	9.473409e+00	9.154319e+01
3.900000e-06	1.811288e-09	8.069224e-10	9.582559e+00	9.255993e+01
3.910000e-06	1.831895e-09	8.202439e-10	9.691580e+00	9.357427e+01
3.920000e-06	1.852479e-09	8.354559e-10	9.800479e+00	9.458618e+01
3.930000e-06	1.873057e-09	8.487925e-10	9.909345e+00	9.559563e+01
3.940000e-06	1.893626e-09	8.573220e-10	1.001817e+01	9.660260e+01
3.950000e-06	1.914183e-09	8.621683e-10	1.012692e+01	9.760706e+01
3.960000e-06	1.934719e-09	8.667707e-10	1.023557e+01	9.860899e+01
3.970000e-06	1.955247e-09	8.754242e-10	1.034417e+01	9.960836e+01
3.980000e-06	1.975756e-09	8.862382e-10	1.045267e+01	1.006051e+02
3.990000e-06	1.996230e-09	8.955386e-10	1.056099e+01	1.015993e+02
4.000000e-06	2.016690e-09	9.028651e-10	1.066923e+01	1.025908e+02
4.010000e-06	2.037136e-09	9.107122e-10	1.077740e+01	1.035797e+02
4.020000e-06	2.057570e-09	9.207997e-10	1.088551e+01	1.045659e+02
4.030000e-06	2.077978e-09	9.317468e-10	1.099347e+01	1.055493e+02
4.040000e-06	2.098361e-09	9.417417e-10	1.110131e+01	1.065301e+02
4.050000e-06	2.118711e-09	9.495993e-10	1.120897e+01	1.075080e+02
4.060000e-06	2.139023e-09	9.562132e-10	1.131643e+01	1.084832e+02
4.070000e-06	2.159327e-09	9.640222e-10	1.142385e+01	1.094555e+02
4.080000e-06	2.179583e-09	9.708095e-10	1.153101e+01	1.104250e+02
4.090000e-06	2.199778e-09	9.766892e-10	1.163785e+01	1.113917e+02
4.100000e-06	2.219918e-09	9.840669e-10	1.174440e+01	1.123554e+02
4.110000e-06	2.239996e-09	9.928248e-10	1.185063e+01	1.133162e+02
4.120000e-06	2.260019e-09	1.003759e-09	1.195656e+01	1.142741e+02
4.130000e-06	2.279981e-09	1.013014e-09	1.206217e+01	1.152290e+02
4.140000e-06	2.299884e-09	1.018867e-09	1.216746e+01	1.161809e+02
4.150000e-06	2.319752e-09	1.023977e-09	1.227257e+01	1.171298e+02
4.160000e-06	2.339552e-09	1.030723e-09	1.237732e+01	1.180757e+02
4.170000e-06	2.359270e-09	1.038751e-09	1.248164e+01	1.190185e+02
4.180000e-06	2.378932e-09	1.046801e-09	1.258566e+01	1.199582e+02
4.190000e-06	2.398513e-09	1.056319e-09	1.268926e+01	1.208948e+02
4.200000e-06	2.418030e-09	1.066066e-09	1.279251e+01	1.218282e+02
4.210000e-06	2.437459e-09	1.074814e-09	1.289530e+01	1.227585e+02
4.220000e-06	2.456795e-09	1.083625e-09	1.299759e+01	1.236856e+02
4.230000e-06	2.476074e-09	1.094481e-09	1.309959e+01	1.246095e+02
4.240000e-06	2.495253e-09	1.104651e-09	1.320106e+01	1.255301e+02
4.250000e-06	2.514338e-09	1.114912e-09	1.330202e+01	1.264475e+02
4.260000e-06	2.533365e-09	1.124571e-09	1.340269e+01	1.273616e+02
4.270000e-06	2.552329e-09	1.129618e-09	1.350301e+01	1.282724e+02
4.280000e-06	2.571231e-09	1.132519e-09	1.360302e+01	1.291798e+02
4.290000e-06	2.590056e-09	1.133219e-09	1.370261e+01	1.300839e+02
4.300000e-06	2.608804e-09	1.137085e-09	1.380180e+01	1.309846e+02
4.310000e-06	2.627476e-09	1.146825e-09	1.390058e+01	1.318820e+02
4.320000e-06	2.646082e-09	1.161589e-09	1.399901e+01	1.327759e+02
4.330000e-06	2.664625e-09	1.176395e-09	1.409711e+01	1.336663e+02
4.340000e-06	2.683100e-09	1.184851e-09	1.419485e+01	1.345533e+02
4.350000e-06	2.701522e-09	1.188846e-09	1.429232e+01	1.354368e+02
4.360000e-06	2.719886e-09	1.188928e-09	1.438947e+01	1.363167e+02
4.370000e-06	2.738223e-09	1.189702e-09	1.448648e+01	1.371931e+02
4.380000e-06	2.756519e-09	1.193020e-09	1.458328e+01	1.380660e+02
4.390000e-06	2.774765e-09	1.200023e-09	1.467981e+01	1.389352e+02
4.400000e-06	2.792985e-09	1.211989e-09	1.477620e+01	1.398009e+02
4.410000e-06	2.811155e-09	1.224809e-09	1.487233e+01	1.406629e+02
4.420000e-06	2.829294e-09	1.236939e-09	1.496829e+01	1.415213e+02
4.430000e-06	2.847404e-09	1.246084e-09	1.506410e+01	1.423760e+02
4.440000e-06	2.865461e-09	1.251411e-09	1.515963e+01	1.432270e+02
4.450000e-06	2.883489e-09	1.253984e-09	1.525501e+01	1.440743e+02
4.460000e-06	2.901444e-09	1.256808e-09	1.535000e+01	1.449178e+02
4.470000e-06	2.919339e-09	1.263400e-09	1.544467e+01	1.457576e+02
4.480000e-06	2.937213e-09	1.272775e-09	1.553923e+01	1.465936e+02
4.490000e-06	2.955039e-09	1.285542e-09	1.563354e+01	1.474257e+02
4.500000e-06	2.972824e-09	1.299388e-09	1.572763e+01	1.482541e+02
4.510000e-06	2.990577e-09	1.308508e-09	1.582155e+01	1.490786e+02
4.520000e-06	3.008259e-09	1.312823e-09	1.591510e+01	1.498992e+02
4.530000e-06	3.025855e-09	1.316242e-09	1.600819e+01	1.507159e+02
4.540000e-06	3.043372e-09	1.322006e-09	1.610087e+01	1.515287e+02
4.550000e-06	3.060810e-09	1.330671e-09	1.619312e+01	1.523376e+02
4.560000e-06	3.078174e-09	1.338129e-09	1.628498e+01	1.531425e+02
4.570000e-06	3.095451e-09	1.343954e-09	1.637639e+01	1.539434e+02
4.580000e-06	3.112648e-09	1.348812e-09	1.646737e+01	1.547404e+02
4.590000e-06	3.129727e-09	1.352788e-09	1.655772e+01	1.555333e+02
4.600000e-06	3.146715e-09	1.357896e-09	1.664759e+01	1.563222e+02
4.610000e-06	3.163644e-09	1.364259e-09	1.673716e+01	1.571070e+02
4.620000e-06	3.180439e-09	1.375445e-09	1.682601e+01	1.578877e+02
4.630000e-06	3.197108e-09	1.389800e-09	1.691420e+01	1.586643e+02
4.640000e-06	3.213644e-09	1.401524e-09	1.700168e+01	1.594369e+02
4.650000e-06	3.230023e-09	1.405323e-09	1.708833e+01	1.602052e+02
4.660000e-06	3.246257e-09	1.400452e-09	1.717422e+01	1.609694e+02
4.670000e-06	3.262322e-09	1.396074e-09	1.725921e+01	1.617294e+02
4.680000e-06	3.278249e-09	1.400389e-09	1.734347e+01	1.624853e+02
4.690000e-06	3.294076e-09	1.414093e-09	1.742720e+01	1.632369e+02
4.700000e-06	3.309747e-09	1.428415e-09	1.751011e+01	1.639842e+02
4.710000e-06	3.325284e-09	1.438868e-09	1.759231e+01	1.647273e+02
4.720000e-06	3.340705e-09	1.448414e-09	1.767389e+01	1.654661e+02
4.730000e-06	3.355983e-09	1.455745e-09	1.775472e+01	1.662006e+02
4.740000e-06	3.371174e-09	1.457818e-09	1.783509e+01	1.669308e+02
4.750000e-06	3.386293e-09	1.454083e-09	1.791508e+01	1.676567e+02
4.760000e-06	3.401305e-09	1.451242e-09	1.799450e+01	1.683782e+02
4.770000e-06	3.416207e-09	1.455763e-09	1.807333e+01	1.690953e+02
4.780000e-06	3.431050e-09	1.467645e-09	1.815186e+01	1.698081e+02
4.790000e-06	3.445826e-09	1.482405e-09	1.823003e+01	1.705164e+02
4.800000e-06	3.460511e-09	1.492851e-09	1.830772e+01	1.712203e+02
4.810000e-06	3.475115e-09	1.497583e-09	1.838499e+01	1.719197e+02
4.820000e-06	3.489625e-09	1.501048e-09	1.846175e+01	1.726147e+02
4.830000e-06	3.504036e-09	1.505723e-09	1.853799e+01	1.733052e+02
4.840000e-06	3.518388e-09	1.509691e-09	1.861392e+01	1.739912e+02
4.850000e-06	3.532674e-09	1.509421e-09	1.868950e+01	1.746727e+02
4.860000e-06	3.546844e-09	1.509428e-09	1.876446e+01	1.753496e+02
4.870000e-06	3.560876e-09	1.515695e-09	1.883870e+01	1.760220e+02
4.880000e-06	3.574783e-09	1.526881e-09	1.891228e+01	1.766898e+02
4.890000e-06	3.588583e-09	1.537752e-09	1.898528e+01	1.773530e+02
4.900000e-06	3.602284e-09	1.544359e-09	1.905777e+01	1.780116e+02
4.910000e-06	3.615906e-09	1.547038e-09	1.912984e+01	1.786656e+02
4.920000e-06	3.629403e-09	1.548651e-09	1.920124e+01	1.793149e+02
4.930000e-06	3.642758e-09	1.552921e-09	1.927190e+01	1.799596e+02
4.940000e-06	3.656014e-09	1.558494e-09	1.934202e+01	1.805996e+02
4.950000e-06	3.669165e-09	1.563554e-09	1.941160e+01	1.812349e+02
4.960000e-06	3.682213e-09	1.568232e-09	1.948063e+01	1.818655e+02
4.970000e-06	3.695171e-09	1.573104e-09	1.954919e+01	1.824913e+02
4.980000e-06	3.708031e-09	1.578541e-09	1.961722e+01	1.831125e+02
4.990000e-06	3.720807e-09	1.583555e-09	1.968481e+01	1.837288e+02
5.000000e-06	3.733518e-09	1.587153e-09	1.975206e+01	1.843404e+02
5.010000e-06	3.746156e-09	1.589841e-09	1.981892e+01	1.849473e+02
5.020000e-06	3.758712e-09	1.593486e-09	1.988535e+01	1.855493e+02
5.030000e-06	3.771186e-09	1.597950e-09	1.995134e+01	1.861464e+02
5.040000e-06	3.783577e-09	1.602672e-09	2.001690e+01	1.867388e+02
5.050000e-06	3.795890e-09	1.608085e-09	2.008204e+01	1.873263e+02
5.060000e-06	3.808122e-09	1.613192e-09	2.014675e+01	1.879089e+02
5.070000e-06	3.820275e-09	1.617411e-09	2.021104e+01	1.884866e+02
5.080000e-06	3.832334e-09	1.621833e-09	2.027484e+01	1.890595e+02
5.090000e-06	3.844299e-09	1.626626e-09	2.033814e+01	1.896274e+02
5.100000e-06	3.856129e-09	1.632871e-09	2.040073e+01	1.901904e+02
5.110000e-06	3.867789e-09	1.639815e-09	2.046242e+01	1.907485e+02
5.120000e-06	3.879320e-09	1.646019e-09	2.052342e+01	1.913016e+02
5.130000e-06	3.890712e-09	1.650578e-09	2.058369e+01	1.918497e+02
5.140000e-06	3.901941e-09	1.653836e-09	2.064310e+01	1.923929e+02
5.150000e-06	3.913017e-09	1.657642e-09	2.070169e+01	1.929310e+02
5.160000e-06	3.923906e-09	1.663569e-09	2.075930e+01	1.934641e+02
5.170000e-06	3.934582e-09	1.670964e-09	2.081578e+01	1.939922e+02
5.180000e-06	3.945097e-09	1.675801e-09	2.087141e+01	1.945153e+02
5.190000e-06	3.955434e-09	1.677913e-09	2.092610e+01	1.950333e+02
5.200000e-06	3.965612e-09	1.681043e-09	2.097995e+01	1.955463e+02
5.210000e-06	3.975648e-09	1.687186e-09	2.103304e+01	1.960541e+02
5.220000e-06	3.985513e-09	1.694630e-09	2.108523e+01	1.965569e+02
5.230000e-06	3.995202e-09	1.700228e-09	2.113649e+01	1.970546e+02
5.240000e-06	4.004713e-09	1.703985e-09	2.118681e+01	1.975471e+02
5.250000e-06	4.014091e-09	1.708038e-09	2.123642e+01	1.980345e+02
5.260000e-06	4.023356e-09	1.714516e-09	2.128544e+01	1.985168e+02
5.270000e-06	4.032528e-09	1.720817e-09	2.133396e+01	1.989939e+02
5.280000e-06	4.041605e-09	1.722721e-09	2.138199e+01	1.994658e+02
5.290000e-06	4.050550e-09	1.722947e-09	2.142931e+01	1.999325e+02
5.300000e-06	4.059397e-09	1.723758e-09	2.147611e+01	2.003941e+02
5.310000e-06	4.068179e-09	1.725108e-09	2.152257e+01	2.008504e+02
5.320000e-06	4.076896e-09	1.727484e-09	2.156869e+01	2.013016e+02
5.330000e-06	4.085552e-09	1.730791e-09	2.161448e+01	2.017475e+02
5.340000e-06	4.094141e-09	1.735124e-09	2.165993e+01	2.021881e+02
5.350000e-06	4.102671e-09	1.740581e-09	2.170505e+01	2.026235e+02
5.360000e-06	4.111171e-09	1.746135e-09	2.175002e+01	2.030536e+02
5.370000e-06	4.119633e-09	1.748691e-09	2.179479e+01	2.034785e+02
5.380000e-06	4.128033e-09	1.748090e-09	2.183923e+01	2.038981e+02
5.390000e-06	4.136367e-09	1.746180e-09	2.188332e+01	2.043123e+02
5.400000e-06	4.144623e-09	1.746918e-09	2.192700e+01	2.047213e+02
5.410000e-06	4.152795e-09	1.751403e-09	2.197023e+01	2.051249e+02
5.420000e-06	4.160887e-09	1.755740e-09	2.201304e+01	2.055233e+02
5.430000e-06	4.168882e-09	1.758249e-09	2.205534e+01	2.059162e+02
5.440000e-06	4.176759e-09	1.759522e-09	2.209701e+01	2.063038e+02
5.450000e-06	4.184524e-09	1.761677e-09	2.213809e+01	2.066861e+02
5.460000e-06	4.192179e-09	1.763515e-09	2.217859e+01	2.070630e+02
5.470000e-06	4.199704e-09	1.763981e-09	2.221840e+01	2.074345e+02
5.480000e-06	4.207104e-09	1.764426e-09	2.225755e+01	2.078006e+02
5.490000e-06	4.214406e-09	1.765455e-09	2.229619e+01	2.081613e+02
5.500000e-06	4.221595e-09	1.768663e-09	2.233422e+01	2.085166e+02
5.510000e-06	4.228655e-09	1.774086e-09	2.237157e+01	2.088665e+02
5.520000e-06	4.235603e-09	1.779612e-09	2.240832e+01	2.092110e+02
5.530000e-06	4.242451e-09	1.783744e-09	2.244456e+01	2.095500e+02
5.540000e-06	4.249217e-09	1.785746e-09	2.248035e+01	2.098836e+02
5.550000e-06	4.255895e-09	1.786166e-09	2.251568e+01	2.102117e+02
5.560000e-06	4.262463e-09	1.785795e-09	2.255043e+01	2.105343e+02
5.570000e-06	4.268950e-09	1.785840e-09	2.258475e+01	2.108515e+02
5.580000e-06	4.275355e-09	1.788814e-09	2.261863e+01	2.111632e+02
5.590000e-06	4.281668e-09	1.792797e-09	2.265203e+01	2.114695e+02
5.600000e-06	4.287883e-09	1.794734e-09	2.268491e+01	2.117702e+02
5.610000e-06	4.293980e-09	1.794105e-09	2.271717e+01	2.120654e+02
5.620000e-06	4.299961e-09	1.791411e-09	2.274881e+01	2.123551e+02
5.630000e-06	4.305823e-09	1.790036e-09	2.277982e+01	2.126393e+02
5.640000e-06	4.311562e-09	1.791440e-09	2.281018e+01	2.129180e+02
5.650000e-06	4.317143e-09	1.794351e-09	2.283971e+01	2.131911e+02
5.660000e-06	4.322593e-09	1.797064e-09	2.286854e+01	2.134587e+02
5.670000e-06	4.327943e-09	1.798767e-09	2.289685e+01	2.137208e+02
5.680000e-06	4.333203e-09	1.801317e-09	2.292468e+01	2.139773e+02
5.690000e-06	4.338368e-09	1.804150e-09	2.295200e+01	2.142282e+02
5.700000e-06	4.343390e-09	1.804659e-09	2.297857e+01	2.144736e+02
5.710000e-06	4.348307e-09	1.802982e-09	2.300459e+01	2.147133e+02
5.720000e-06	4.353161e-09	1.803316e-09	2.303026e+01	2.149476e+02
5.730000e-06	4.357944e-09	1.806872e-09	2.305557e+01	2.151762e+02
5.740000e-06	4.362652e-09	1.810191e-09	2.308048e+01	2.153992e+02
5.750000e-06	4.367301e-09	1.813620e-09	2.310507e+01	2.156167e+02
5.760000e-06	4.371911e-09	1.816645e-09	2.312946e+01	2.158285e+02
5.770000e-06	4.376481e-09	1.819782e-09	2.315364e+01	2.160347e+02
5.780000e-06	4.380996e-09	1.823696e-09	2.317752e+01	2.162353e+02
5.790000e-06	4.385453e-09	1.827002e-09	2.320110e+01	2.164303e+02
5.800000e-06	4.389842e-09	1.828601e-09	2.322432e+01	2.166197e+02
5.810000e-06	4.394151e-09	1.826939e-09	2.324712e+01	2.168034e+02
5.820000e-06	4.398385e-09	1.825684e-09	2.326952e+01	2.169815e+02
5.830000e-06	4.402529e-09	1.828616e-09	2.329144e+01	2.171540e+02
5.840000e-06	4.406577e-09	1.835796e-09	2.331286e+01	2.173208e+02
5.850000e-06	4.410502e-09	1.842693e-09	2.333362e+01	2.174820e+02
5.860000e-06	4.414321e-09	1.844899e-09	2.335383e+01	2.176375e+02
5.870000e-06	4.418018e-09	1.844107e-09	2.337339e+01	2.177874e+02
5.880000e-06	4.421518e-09	1.843382e-09	2.339191e+01	2.179316e+02
5.890000e-06	4.424861e-09	1.844641e-09	2.340959e+01	2.180701e+02
5.900000e-06	4.428054e-09	1.847219e-09	2.342648e+01	2.182030e+02
5.910000e-06	4.431066e-09	1.848799e-09	2.344242e+01	2.183302e+02
5.920000e-06	4.433892e-09	1.850308e-09	2.345737e+01	2.184517e+02
5.930000e-06	4.436536e-09	1.853941e-09	2.347136e+01	2.185676e+02
5.940000e-06	4.439009e-09	1.857203e-09	2.348444e+01	2.186778e+02
5.950000e-06	4.441285e-09	1.857349e-09	2.349648e+01	2.187823e+02
5.960000e-06	4.443367e-09	1.854134e-09	2.350750e+01	2.188811e+02
5.970000e-06	4.445252e-09	1.852146e-09	2.351747e+01	2.189742e+02
5.980000e-06	4.446951e-09	1.853690e-09	2.352646e+01	2.190616e+02
5.990000e-06	4.448493e-09	1.857151e-09	2.353462e+01	2.191433e+02
6.000000e-06	4.449882e-09	1.859508e-09	2.354196e+01	2.192194e+02
6.010000e-06	4.451130e-09	1.857854e-09	2.354856e+01	2.192897e+02
6.020000e-06	4.452242e-09	1.857181e-09	2.355445e+01	2.193544e+02
6.030000e-06	4.453260e-09	1.860246e-09	2.355983e+01	2.194133e+02
6.040000e-06	4.454188e-09	1.865186e-09	2.356475e+01	2.194665e+02
6.050000e-06	4.455016e-09	1.869411e-09	2.356912e+01	2.195141e+02
6.060000e-06	4.455767e-09	1.868543e-09	2.357310e+01	2.195559e+02
6.070000e-06	4.456450e-09	1.858543e-09	2.357671e+01	2.195920e+02
6.080000e-06	4.457071e-09	1.836414e-09	2.358000e+01	2.196225e+02
6.090000e-06	4.457643e-09	1.822940e-09	2.358302e+01	2.196472e+02
6.100000e-06	4.458165e-09	1.847900e-09	2.358579e+01	2.196662e+02
6.110000e-06	4.458635e-09	1.894614e-09	2.358827e+01	2.196795e+02
6.120000e-06	4.459046e-09	1.901526e-09	2.359045e+01	2.196871e+02
6.130000e-06	4.459379e-09	1.909364e-09	2.359221e+01	2.196889e+02
6.140000e-06	4.459631e-09	1.915229e-09	2.359354e+01	2.196851e+02
6.150000e-06	4.459790e-09	1.882560e-09	2.359438e+01	2.196756e+02
6.160000e-06	4.459836e-09	1.841517e-09	2.359463e+01	2.196603e+02
6.170000e-06	4.459752e-09	1.822806e-09	2.359418e+01	2.196394e+02
6.180000e-06	4.459506e-09	1.835841e-09	2.359288e+01	2.196127e+02
6.190000e-06	4.459110e-09	1.870004e-09	2.359079e+01	2.195803e+02
6.200000e-06	4.458600e-09	1.911734e-09	2.358809e+01	2.195422e+02
6.210000e-06	4.457963e-09	1.857629e-09	2.358472e+01	2.194985e+02
6.220000e-06	4.457183e-09	1.807080e-09	2.358059e+01	2.194490e+02
6.230000e-06	4.456276e-09	1.792962e-09	2.357579e+01	2.193938e+02
6.240000e-06	4.455268e-09	1.775856e-09	2.357045e+01	2.193329e+02
6.250000e-06	4.454169e-09	1.810149e-09	2.356464e+01	2.192663e+02
6.260000e-06	4.452990e-09	1.846153e-09	2.355841e+01	2.191940e+02
6.270000e-06	4.451754e-09	1.908265e-09	2.355186e+01	2.191160e+02
6.280000e-06	4.450428e-09	1.919518e-09	2.354485e+01	2.190323e+02
6.290000e-06	4.449003e-09	1.873825e-09	2.353731e+01	2.189430e+02
6.300000e-06	4.447489e-09	1.812968e-09	2.352930e+01	2.188479e+02
6.310000e-06	4.445877e-09	1.777554e-09	2.352078e+01	2.187471e+02
6.320000e-06	4.444193e-09	1.806562e-09	2.351187e+01	2.186407e+02
6.330000e-06	4.442405e-09	1.831440e-09	2.350241e+01	2.185286e+02
6.340000e-06	4.440504e-09	1.874233e-09	2.349235e+01	2.184108e+02
6.350000e-06	4.438493e-09	1.877010e-09	2.348171e+01	2.182873e+02
6.360000e-06	4.436363e-09	1.853405e-09	2.347044e+01	2.181582e+02
6.370000e-06	4.434111e-09	1.825291e-09	2.345853e+01	2.180234e+02
6.380000e-06	4.431736e-09	1.792420e-09	2.344596e+01	2.178829e+02
6.390000e-06	4.429227e-09	1.794484e-09	2.343269e+01	2.177367e+02
6.400000e-06	4.426613e-09	1.814072e-09	2.341886e+01	2.175849e+02
6.410000e-06	4.423899e-09	1.851833e-09	2.340450e+01	2.174275e+02
6.420000e-06	4.421038e-09	1.858857e-09	2.338937e+01	2.172644e+02
6.430000e-06	4.418081e-09	1.853928e-09	2.337372e+01	2.170956e+02
6.440000e-06	4.415039e-09	1.837489e-09	2.335763e+01	2.169212e+02
6.450000e-06	4.411902e-09	1.816802e-09	2.334103e+01	2.167412e+02
6.460000e-06	4.408697e-09	1.810898e-09	2.332408e+01	2.165555e+02
6.470000e-06	4.405427e-09	1.813742e-09	2.330677e+01	2.163642e+02
6.480000e-06	4.402083e-09	1.835734e-09	2.328909e+01	2.161673e+02
6.490000e-06	4.398674e-09	1.843548e-09	2.327105e+01	2.159648e+02
6.500000e-06	4.395220e-09	1.844187e-09	2.325278e+01	2.157566e+02
6.510000e-06	4.391726e-09	1.833151e-09	2.323429e+01	2.155429e+02
6.520000e-06	4.388158e-09	1.826083e-09	2.321542e+01	2.153235e+02
6.530000e-06	4.384529e-09	1.827509e-09	2.319622e+01	2.150986e+02
6.540000e-06	4.380839e-09	1.829902e-09	2.317669e+01	2.148681e+02
6.550000e-06	4.377049e-09	1.833538e-09	2.315664e+01	2.146319e+02
6.560000e-06	4.373154e-09	1.828594e-09	2.313603e+01	2.143902e+02
6.570000e-06	4.369177e-09	1.830619e-09	2.311499e+01	2.141430e+02
6.580000e-06	4.365071e-09	1.829291e-09	2.309327e+01	2.138901e+02
6.590000e-06	4.360777e-09	1.827310e-09	2.307056e+01	2.136317e+02
6.600000e-06	4.356329e-09	1.821475e-09	2.304702e+01	2.133678e+02
6.610000e-06	4.351711e-09	1.820550e-09	2.302259e+01	2.130983e+02
6.620000e-06	4.346911e-09	1.827743e-09	2.299720e+01	2.128233e+02
6.630000e-06	4.341965e-09	1.832109e-09	2.297103e+01	2.125427e+02
6.640000e-06	4.336872e-09	1.831181e-09	2.294409e+01	2.122566e+02
6.650000e-06	4.331570e-09	1.817456e-09	2.291604e+01	2.119650e+02
6.660000e-06	4.326017e-09	1.806958e-09	2.288666e+01	2.116679e+02
6.670000e-06	4.320243e-09	1.802057e-09	2.285611e+01	2.113653e+02
6.680000e-06	4.314260e-09	1.806440e-09	2.282446e+01	2.110572e+02
6.690000e-06	4.308105e-09	1.809445e-09	2.279190e+01	2.107436e+02
6.700000e-06	4.301802e-09	1.805347e-09	2.275855e+01	2.104246e+02
6.710000e-06	4.295338e-09	1.800103e-09	2.272435e+01	2.101000e+02
6.720000e-06	4.288740e-09	1.794445e-09	2.268945e+01	2.097700e+02
6.730000e-06	4.281998e-09	1.792175e-09	2.265378e+01	2.094346e+02
6.740000e-06	4.275123e-09	1.785013e-09	2.261741e+01	2.090937e+02
6.750000e-06	4.268157e-09	1.780649e-09	2.258055e+01	2.087474e+02
6.760000e-06	4.261087e-09	1.778428e-09	2.254315e+01	2.083957e+02
6.770000e-06	4.253923e-09	1.780314e-09	2.250525e+01	2.080385e+02
6.780000e-06	4.246678e-09	1.782160e-09	2.246692e+01	2.076759e+02
6.790000e-06	4.239346e-09	1.776815e-09	2.242813e+01	2.073080e+02
6.800000e-06	4.231953e-09	1.769825e-09	2.238902e+01	2.069346e+02
6.810000e-06	4.224519e-09	1.760508e-09	2.234969e+01	2.065559e+02
6.820000e-06	4.217038e-09	1.758089e-09	2.231011e+01	2.061718e+02
6.830000e-06	4.209505e-09	1.759952e-09	2.227026e+01	2.057824e+02
6.840000e-06	4.201915e-09	1.760399e-09	2.223010e+01	2.053876e+02
6.850000e-06	4.194266e-09	1.753808e-09	2.218963e+01	2.049874e+02
6.860000e-06	4.186534e-09	1.743554e-09	2.214873e+01	2.045820e+02
6.870000e-06	4.178723e-09	1.738868e-09	2.210741e+01	2.041712e+02
6.880000e-06	4.170833e-09	1.737462e-09	2.206566e+01	2.037551e+02
6.890000e-06	4.162827e-09	1.734869e-09	2.202331e+01	2.033337e+02
6.900000e-06	4.154719e-09	1.725148e-09	2.198041e+01	2.029070e+02
6.910000e-06	4.146493e-09	1.716867e-09	2.193689e+01	2.024751e+02
6.920000e-06	4.138147e-09	1.715693e-09	2.189274e+01	2.020379e+02
6.930000e-06	4.129687e-09	1.717408e-09	2.184798e+01	2.015955e+02
6.940000e-06	4.121097e-09	1.713339e-09	2.180254e+01	2.011478e+02
6.950000e-06	4.112402e-09	1.702879e-09	2.175653e+01	2.006949e+02
6.960000e-06	4.103613e-09	1.696271e-09	2.171004e+01	2.002367e+02
6.970000e-06	4.094710e-09	1.698120e-09	2.166294e+01	1.997734e+02
6.980000e-06	4.085684e-09	1.705027e-09	2.161518e+01	1.993049e+02
6.990000e-06	4.076543e-09	1.706050e-09	2.156682e+01	1.988312e+02
7.000000e-06	4.067316e-09	1.699032e-09	2.151801e+01	1.983523e+02
7.010000e-06	4.058018e-09	1.689538e-09	2.146882e+01	1.978683e+02
7.020000e-06	4.048645e-09	1.686960e-09	2.141923e+01	1.973791e+02
7.030000e-06	4.039194e-09	1.685407e-09	2.136923e+01	1.968848e+02
7.040000e-06	4.029664e-09	1.676931e-09	2.131882e+01	1.963854e+02
7.050000e-06	4.020062e-09	1.666607e-09	2.126801e+01	1.958809e+02
7.060000e-06	4.010387e-09	1.659616e-09	2.121683e+01	1.953713e+02
7.070000e-06	4.000604e-09	1.661854e-09	2.116507e+01	1.948566e+02
7.080000e-06	3.990698e-09	1.665462e-09	2.111266e+01	1.943369e+02
7.090000e-06	3.980711e-09	1.663124e-09	2.105983e+01	1.938121e+02
7.100000e-06	3.970620e-09	1.653986e-09	2.100644e+01	1.932822e+02
7.110000e-06	3.960408e-09	1.645203e-09	2.095242e+01	1.927474e+02
7.120000e-06	3.950089e-09	1.639610e-09	2.089783e+01	1.922075e+02
7.130000e-06	3.939643e-09	1.633892e-09	2.084256e+01	1.916626e+02
7.140000e-06	3.929075e-09	1.625288e-09	2.078665e+01	1.911128e+02
7.150000e-06	3.918390e-09	1.613859e-09	2.073012e+01	1.905580e+02
7.160000e-06	3.907579e-09	1.609455e-09	2.067293e+01	1.899982e+02
7.170000e-06	3.896658e-09	1.614048e-09	2.061515e+01	1.894336e+02
7.180000e-06	3.885643e-09	1.621773e-09	2.055688e+01	1.888639e+02
7.190000e-06	3.874529e-09	1.621926e-09	2.049808e+01	1.882894e+02
7.200000e-06	3.863322e-09	1.615146e-09	2.043879e+01	1.877100e+02
7.210000e-06	3.852015e-09	1.606044e-09	2.037897e+01	1.871257e+02
7.220000e-06	3.840614e-09	1.595367e-09	2.031865e+01	1.865366e+02
7.230000e-06	3.829119e-09	1.585268e-09	2.025784e+01	1.859425e+02
7.240000e-06	3.817522e-09	1.573982e-09	2.019648e+01	1.853437e+02
7.250000e-06	3.805871e-09	1.568355e-09	2.013484e+01	1.847401e+02
7.260000e-06	3.794152e-09	1.571223e-09	2.007285e+01	1.841316e+02
7.270000e-06	3.782312e-09	1.578366e-09	2.001021e+01	1.835184e+02
7.280000e-06	3.770380e-09	1.581324e-09	1.994708e+01	1.829004e+02
7.290000e-06	3.758327e-09	1.573750e-09	1.988331e+01	1.822776e+02
7.300000e-06	3.746138e-09	1.560088e-09	1.981883e+01	1.816501e+02
7.310000e-06	3.733879e-09	1.546550e-09	1.975397e+01	1.810179e+02
7.320000e-06	3.721513e-09	1.537332e-09	1.968855e+01	1.803810e+02
7.330000e-06	3.708990e-09	1.529815e-09	1.962230e+01	1.797394e+02
7.340000e-06	3.696324e-09	1.523738e-09	1.955529e+01	1.790931e+02
7.350000e-06	3.683490e-09	1.521475e-09	1.948739e+01	1.784422e+02
7.360000e-06	3.670419e-09	1.522107e-09	1.941824e+01	1.777866e+02
7.370000e-06	3.657159e-09	1.520853e-09	1.934809e+01	1.771264e+02
7.380000e-06	3.643795e-09	1.514306e-09	1.927738e+01	1.764616e+02
7.390000e-06	3.630268e-09	1.505444e-09	1.920582e+01	1.757923e+02
7.400000e-06	3.616540e-09	1.495065e-09	1.913320e+01	1.751183e+02
7.410000e-06	3.602671e-09	1.485287e-09	1.905982e+01	1.744398e+02
7.420000e-06	3.588646e-09	1.477990e-09	1.898562e+01	1.737568e+02
7.430000e-06	3.574457e-09	1.472217e-09	1.891055e+01	1.730693e+02
7.440000e-06	3.560131e-09	1.465728e-09	1.883476e+01	1.723772e+02
7.450000e-06	3.545657e-09	1.458798e-09	1.875819e+01	1.716807e+02
7.460000e-06	3.531057e-09	1.454438e-09	1.868095e+01	1.709798e+02
7.470000e-06	3.516337e-09	1.450161e-09	1.860307e+01	1.702743e+02
7.480000e-06	3.501510e-09	1.444450e-09	1.852463e+01	1.695645e+02
7.490000e-06	3.486567e-09	1.436898e-09	1.844558e+01	1.688503e+02
7.500000e-06	3.471500e-09	1.428288e-09	1.836587e+01	1.681316e+02
7.510000e-06	3.456367e-09	1.420505e-09	1.828581e+01	1.674086e+02
7.520000e-06	3.441178e-09	1.412957e-09	1.820545e+01	1.666813e+02
7.530000e-06	3.425924e-09	1.404542e-09	1.812475e+01	1.659496e+02
7.540000e-06	3.410631e-09	1.397617e-09	1.804384e+01	1.652136e+02
7.550000e-06	3.395298e-09	1.393439e-09	1.796272e+01	1.644733e+02
7.560000e-06	3.379921e-09	1.388315e-09	1.788137e+01	1.637287e+02
7.570000e-06	3.364510e-09	1.380667e-09	1.779984e+01	1.629799e+02
7.580000e-06	3.349066e-09	1.371791e-09	1.771813e+01	1.622269e+02
7.590000e-06	3.333582e-09	1.364062e-09	1.763622e+01	1.614696e+02
7.600000e-06	3.318030e-09	1.355967e-09	1.755394e+01	1.607082e+02
7.610000e-06	3.302431e-09	1.346843e-09	1.747141e+01	1.599425e+02
7.620000e-06	3.286801e-09	1.340000e-09	1.738872e+01	1.591727e+02
7.630000e-06	3.271099e-09	1.334779e-09	1.730565e+01	1.583988e+02
7.640000e-06	3.255338e-09	1.328813e-09	1.722227e+01	1.576208e+02
7.650000e-06	3.239517e-09	1.320958e-09	1.713856e+01	1.568386e+02
7.660000e-06	3.223630e-09	1.313578e-09	1.705452e+01	1.560524e+02
7.670000e-06	3.207676e-09	1.305884e-09	1.697011e+01	1.552621e+02
7.680000e-06	3.191618e-09	1.298727e-09	1.688516e+01	1.544678e+02
7.690000e-06	3.175456e-09	1.291329e-09	1.679965e+01	1.536695e+02
7.700000e-06	3.159230e-09	1.282121e-09	1.671381e+01	1.528672e+02
7.710000e-06	3.142915e-09	1.273877e-09	1.662750e+01	1.520609e+02
7.720000e-06	3.126483e-09	1.267047e-09	1.654056e+01	1.512507e+02
7.730000e-06	3.109962e-09	1.260787e-09	1.645316e+01	1.504366e+02
7.740000e-06	3.093344e-09	1.256103e-09	1.636524e+01	1.496185e+02
7.750000e-06	3.076654e-09	1.253599e-09	1.627694e+01	1.487965e+02
7.760000e-06	3.059855e-09	1.249654e-09	1.618807e+01	1.479707e+02
7.770000e-06	3.042941e-09	1.244810e-09	1.609859e+01	1.471410e+02
7.780000e-06	3.025986e-09	1.237811e-09	1.600889e+01	1.463076e+02
7.790000e-06	3.008959e-09	1.228138e-09	1.591881e+01	1.454703e+02
7.800000e-06	2.991839e-09	1.219784e-09	1.582824e+01	1.446292e+02
7.810000e-06	2.974652e-09	1.210370e-09	1.573731e+01	1.437844e+02
7.820000e-06	2.957413e-09	1.199883e-09	1.564610e+01	1.429358e+02
7.830000e-06	2.940117e-09	1.192523e-09	1.555460e+01	1.420836e+02
7.840000e-06	2.922764e-09	1.189202e-09	1.546280e+01	1.412276e+02
7.850000e-06	2.905370e-09	1.186904e-09	1.537077e+01	1.403680e+02
7.860000e-06	2.887930e-09	1.181427e-09	1.527851e+01	1.395047e+02
7.870000e-06	2.870430e-09	1.173199e-09	1.518592e+01	1.386378e+02
7.880000e-06	2.852881e-09	1.164314e-09	1.509308e+01	1.377673e+02
7.890000e-06	2.835293e-09	1.156923e-09	1.500004e+01	1.368932e+02
7.900000e-06	2.817663e-09	1.150287e-09	1.490676e+01	1.360155e+02
7.910000e-06	2.799974e-09	1.144499e-09	1.481318e+01	1.351344e+02
7.920000e-06	2.782210e-09	1.138269e-09	1.471920e+01	1.342497e+02
7.930000e-06	2.764367e-09	1.130667e-09	1.462480e+01	1.333615e+02
7.940000e-06	2.746461e-09	1.123343e-09	1.453007e+01	1.324699e+02
7.950000e-06	2.728501e-09	1.117818e-09	1.443505e+01	1.315748e+02
7.960000e-06	2.710446e-09	1.113772e-09	1.433954e+01	1.306763e+02
7.970000e-06	2.692293e-09	1.107582e-09	1.424350e+01	1.297744e+02
7.980000e-06	2.674057e-09	1.099351e-09	1.414702e+01	1.288691e+02
7.990000e-06	2.655731e-09	1.089697e-09	1.405006e+01	1.279605e+02
8.000000e-06	2.637341e-09	1.082104e-09	1.395277e+01	1.270486e+02
8.010000e-06	2.618876e-09	1.078147e-09	1.385509e+01	1.261334e+02
8.020000e-06	2.600330e-09	1.073250e-09	1.375697e+01	1.252149e+02
8.030000e-06	2.581722e-09	1.066094e-09	1.365853e+01	1.242931e+02
8.040000e-06	2.563027e-09	1.056878e-09	1.355962e+01	1.233681e+02
8.050000e-06	2.544259e-09	1.047908e-09	1.346033e+01	1.224399e+02
8.060000e-06	2.525427e-09	1.040249e-09	1.336070e+01	1.215085e+02
8.070000e-06	2.506504e-09	1.030712e-09	1.326059e+01	1.205740e+02
8.080000e-06	2.487520e-09	1.018294e-09	1.316015e+01	1.196363e+02
8.090000e-06	2.468476e-09	1.005764e-09	1.305940e+01	1.186956e+02
8.100000e-06	2.449364e-09	9.972975e-10	1.295829e+01	1.177517e+02
8.110000e-06	2.430207e-09	9.930067e-10	1.285694e+01	1.168048e+02
8.120000e-06	2.411008e-09	9.887342e-10	1.275537e+01	1.158549e+02
8.130000e-06	2.391773e-09	9.817743e-10	1.265360e+01	1.149019e+02
8.140000e-06	2.372513e-09	9.709652e-10	1.255171e+01	1.139460e+02
8.150000e-06	2.353233e-09	9.606920e-10	1.244971e+01	1.129871e+02
8.160000e-06	2.333924e-09	9.534490e-10	1.234755e+01	1.120252e+02
8.170000e-06	2.314586e-09	9.462372e-10	1.224525e+01	1.110605e+02
8.180000e-06	2.295214e-09	9.367917e-10	1.214276e+01	1.100929e+02
8.190000e-06	2.275820e-09	9.245828e-10	1.204016e+01	1.091224e+02
8.200000e-06	2.256424e-09	9.124066e-10	1.193755e+01	1.081490e+02
8.210000e-06	2.237005e-09	9.039887e-10	1.183481e+01	1.071729e+02
8.220000e-06	2.217560e-09	8.979948e-10	1.173194e+01	1.061940e+02
8.230000e-06	2.198101e-09	8.894272e-10	1.162899e+01	1.052123e+02
8.240000e-06	2.178627e-09	8.778383e-10	1.152596e+01	1.042279e+02
8.250000e-06	2.159121e-09	8.666567e-10	1.142277e+01	1.032408e+02
8.260000e-06	2.139594e-09	8.578500e-10	1.131946e+01	1.022510e+02
8.270000e-06	2.120045e-09	8.490809e-10	1.121603e+01	1.012586e+02
8.280000e-06	2.100486e-09	8.412864e-10	1.111256e+01	1.002635e+02
8.290000e-06	2.080916e-09	8.352125e-10	1.100902e+01	9.926582e+01
8.300000e-06	2.061307e-09	8.277249e-10	1.090528e+01	9.826556e+01
8.310000e-06	2.041675e-09	8.171490e-10	1.080142e+01	9.726275e+01
8.320000e-06	2.021991e-09	8.041574e-10	1.069729e+01	9.625741e+01
8.330000e-06	2.002260e-09	7.912675e-10	1.059290e+01	9.524957e+01
8.340000e-06	1.982495e-09	7.816590e-10	1.048833e+01	9.423926e+01
8.350000e-06	1.962690e-09	7.751376e-10	1.038355e+01	9.322651e+01
8.360000e-06	1.942848e-09	7.701328e-10	1.027858e+01	9.221133e+01
8.370000e-06	1.922951e-09	7.641795e-10	1.017331e+01	9.119376e+01
8.380000e-06	1.902978e-09	7.546592e-10	1.006765e+01	9.017382e+01
8.390000e-06	1.882954e-09	7.424528e-10	9.961711e+00	8.915154e+01
8.400000e-06	1.862899e-09	7.277744e-10	9.855613e+00	8.812694e+01
8.410000e-06	1.842790e-09	7.162402e-10	9.749226e+00	8.710006e+01
8.420000e-06	1.822611e-09	7.105924e-10	9.642472e+00	8.607092e+01
8.430000e-06	1.802334e-09	7.086386e-10	9.535193e+00	8.503954e+01
8.440000e-06	1.781969e-09	7.050784e-10	9.427454e+00	8.400595e+01
8.450000e-06	1.761548e-09	6.934938e-10	9.319417e+00	8.297018e+01
8.460000e-06	1.741089e-09	6.790144e-10	9.211180e+00	8.193226e+01
8.470000e-06	1.720572e-09	6.649558e-10	9.102635e+00	8.089221e+01
8.480000e-06	1.699961e-09	6.529243e-10	8.993594e+00	7.985006e+01
8.490000e-06	1.679267e-09	6.447605e-10	8.884111e+00	7.880583e+01
8.500000e-06	1.658501e-09	6.407891e-10	8.774254e+00	7.775957e+01
8.510000e-06	1.637645e-09	6.385963e-10	8.663912e+00	7.671128e+01
8.520000e-06	1.616699e-09	6.318036e-10	8.553098e+00	7.566100e+01
8.530000e-06	1.595697e-09	6.220737e-10	8.441989e+00	7.460876e+01
8.540000e-06	1.574619e-09	6.108400e-10	8.330476e+00	7.355458e+01
8.550000e-06	1.553462e-09	6.015110e-10	8.218545e+00	7.249849e+01
8.560000e-06	1.532243e-09	5.932521e-10	8.106290e+00	7.144052e+01
8.570000e-06	1.510960e-09	5.823306e-10	7.993691e+00	7.038070e+01
8.580000e-06	1.489571e-09	5.728701e-10	7.880534e+00	6.931905e+01
8.590000e-06	1.468094e-09	5.636430e-10	7.766910e+00	6.825560e+01
8.600000e-06	1.446602e-09	5.560531e-10	7.653207e+00	6.719038e+01
8.610000e-06	1.425027e-09	5.486957e-10	7.539064e+00	6.612341e+01
8.620000e-06	1.403381e-09	5.417435e-10	7.424547e+00	6.505473e+01
8.630000e-06	1.381708e-09	5.361987e-10	7.309885e+00	6.398436e+01
8.640000e-06	1.359975e-09	5.291881e-10	7.194910e+00	6.291233e+01
8.650000e-06	1.338176e-09	5.205211e-10	7.079585e+00	6.183867e+01
8.660000e-06	1.316293e-09	5.067764e-10	6.963813e+00	6.076340e+01
8.670000e-06	1.294319e-09	4.915825e-10	6.847561e+00	5.968656e+01
8.680000e-06	1.272295e-09	4.787157e-10	6.731044e+00	5.860817e+01
8.690000e-06	1.250229e-09	4.703514e-10	6.614304e+00	5.752826e+01
8.700000e-06	1.228073e-09	4.657720e-10	6.497085e+00	5.644685e+01
8.710000e-06	1.205865e-09	4.610375e-10	6.379595e+00	5.536398e+01
8.720000e-06	1.183636e-09	4.536413e-10	6.261996e+00	5.427968e+01
8.730000e-06	1.161381e-09	4.430159e-10	6.144254e+00	5.319396e+01
8.740000e-06	1.139072e-09	4.301540e-10	6.026229e+00	5.210687e+01
8.750000e-06	1.116716e-09	4.140713e-10	5.907956e+00	5.101843e+01
8.760000e-06	1.094318e-09	4.000288e-10	5.789459e+00	4.992866e+01
8.770000e-06	1.071879e-09	3.924238e-10	5.670748e+00	4.883760e+01
8.780000e-06	1.049355e-09	3.886575e-10	5.551585e+00	4.774527e+01
8.790000e-06	1.026776e-09	3.819975e-10	5.432131e+00	4.665170e+01
8.800000e-06	1.004209e-09	3.704405e-10	5.312743e+00	4.555693e+01
8.810000e-06	9.816062e-10	3.572459e-10	5.193163e+00	4.446097e+01
8.820000e-06	9.589486e-10	3.441904e-10	5.073293e+00	4.336386e+01
8.830000e-06	9.362667e-10	3.326176e-10	4.953295e+00	4.226562e+01
8.840000e-06	9.135897e-10	3.197194e-10	4.833324e+00	4.116629e+01
8.850000e-06	8.908814e-10	3.063455e-10	4.713186e+00	4.006589e+01
8.860000e-06	8.681327e-10	2.941947e-10	4.592835e+00	3.896446e+01
8.870000e-06	8.453505e-10	2.838891e-10	4.472306e+00	3.786201e+01
8.880000e-06	8.225440e-10	2.743956e-10	4.351649e+00	3.675859e+01
8.890000e-06	7.997217e-10	2.641623e-10	4.230908e+00	3.565421e+01
8.900000e-06	7.768707e-10	2.543725e-10	4.110016e+00	3.454891e+01
8.910000e-06	7.539862e-10	2.442591e-10	3.988946e+00	3.344271e+01
8.920000e-06	7.310748e-10	2.383113e-10	3.867734e+00	3.233565e+01
8.930000e-06	7.081396e-10	2.327557e-10	3.746396e+00	3.122774e+01
8.940000e-06	6.851940e-10	2.215236e-10	3.625003e+00	3.011904e+01
8.950000e-06	6.622467e-10	2.072248e-10	3.503601e+00	2.900955e+01
8.960000e-06	6.392810e-10	1.929711e-10	3.382102e+00	2.789931e+01
8.970000e-06	6.162861e-10	1.851626e-10	3.260448e+00	2.678834e+01
8.980000e-06	5.932703e-10	1.781707e-10	3.138684e+00	2.567669e+01
8.990000e-06	5.702488e-10	1.671203e-10	3.016889e+00	2.456437e+01
9.000000e-06	5.472127e-10	1.540382e-10	2.895017e+00	2.345141e+01
9.010000e-06	5.241558e-10	1.431975e-10	2.773035e+00	2.233785e+01
9.020000e-06	5.010925e-10	1.383449e-10	2.651020e+00	2.122372e+01
9.030000e-06	4.780229e-10	1.305431e-10	2.528971e+00	2.010903e+01
9.040000e-06	4.549439e-10	1.172935e-10	2.406872e+00	1.899382e+01
9.050000e-06	4.318453e-10	9.954659e-11	2.284670e+00	1.787813e+01
9.060000e-06	4.087240e-10	8.469961e-11	2.162347e+00	1.676197e+01
9.070000e-06	3.856156e-10	7.749009e-11	2.040093e+00	1.564538e+01
9.080000e-06	3.625037e-10	7.245025e-11	1.917820e+00	1.452838e+01
9.090000e-06	3.393751e-10	6.484622e-11	1.795459e+00	1.341102e+01
9.100000e-06	3.162601e-10	5.260501e-11	1.673170e+00	1.229330e+01
9.110000e-06	2.931360e-10	4.244380e-11	1.550833e+00	1.117527e+01
9.120000e-06	2.699974e-10	3.775684e-11	1.428418e+00	1.005696e+01
9.130000e-06	2.468606e-10	3.264387e-11	1.306014e+00	8.938380e+00
9.140000e-06	2.237208e-10	1.963533e-11	1.183593e+00	7.819577e+00
9.150000e-06	2.005760e-10	1.731157e-12	1.061147e+00	6.700573e+00
9.160000e-06	1.774141e-10	-1.299939e-11	9.386092e-01	5.581399e+00
9.170000e-06	1.542560e-10	-2.039559e-11	8.160918e-01	4.462083e+00
9.180000e-06	1.311115e-10	-2.442847e-11	6.936467e-01	3.342654e+00
9.190000e-06	1.079556e-10	-3.307126e-11	5.711413e-01	2.223142e+00
9.200000e-06	8.479917e-11	-4.487876e-11	4.486327e-01	1.103576e+00
9.210000e-06	6.163948e-11	-5.431975e-11	3.261070e-01	-1.601602e-02
9.220000e-06	3.849662e-11	-6.111656e-11	2.036703e-01	-1.135604e+00
9.230000e-06	1.535060e-11	-7.044658e-11	8.121701e-02	-2.255158e+00
9.240000e-06	-7.815137e-12	-8.507764e-11	-4.134060e-02	-3.374651e+00
9.250000e-06	-3.097370e-11	-1.010068e-10	-1.638603e-01	-4.494052e+00
9.260000e-06	-5.414025e-11	-1.113472e-10	-2.864223e-01	-5.613333e+00
9.270000e-06	-7.731571e-11	-1.144084e-10	-4.090313e-01	-6.732465e+00
9.280000e-06	-1.004865e-10	-1.186677e-10	-5.316156e-01	-7.851418e+00
9.290000e-06	-1.236514e-10	-1.294363e-10	-6.541691e-01	-8.970163e+00
9.300000e-06	-1.468050e-10	-1.447562e-10	-7.766623e-01	-1.008867e+01
9.310000e-06	-1.699589e-10	-1.595669e-10	-8.991575e-01	-1.120692e+01
9.320000e-06	-1.931156e-10	-1.688145e-10	-1.021667e+00	-1.232486e+01
9.330000e-06	-2.162429e-10	-1.765549e-10	-1.144022e+00	-1.344249e+01
9.340000e-06	-2.393502e-10	-1.878943e-10	-1.266270e+00	-1.455976e+01
9.350000e-06	-2.624734e-10	-2.003823e-10	-1.388603e+00	-1.567665e+01
9.360000e-06	-2.856075e-10	-2.089988e-10	-1.510993e+00	-1.679312e+01
9.370000e-06	-3.087087e-10	-2.138233e-10	-1.633209e+00	-1.790916e+01
9.380000e-06	-3.318103e-10	-2.194970e-10	-1.755427e+00	-1.902473e+01
9.390000e-06	-3.549161e-10	-2.297662e-10	-1.877668e+00	-2.013980e+01
9.400000e-06	-3.780010e-10	-2.436857e-10	-1.999798e+00	-2.125434e+01
9.410000e-06	-4.010756e-10	-2.542670e-10	-2.121873e+00	-2.236833e+01
9.420000e-06	-4.241544e-10	-2.601393e-10	-2.243971e+00	-2.348173e+01
9.430000e-06	-4.472451e-10	-2.667938e-10	-2.366132e+00	-2.459452e+01
9.440000e-06	-4.703108e-10	-2.774507e-10	-2.488161e+00	-2.570667e+01
9.450000e-06	-4.933272e-10	-2.896280e-10	-2.609928e+00	-2.681814e+01
9.460000e-06	-5.163416e-10	-2.986469e-10	-2.731685e+00	-2.792891e+01
9.470000e-06	-5.393647e-10	-3.046599e-10	-2.853489e+00	-2.903895e+01
9.480000e-06	-5.623728e-10	-3.109764e-10	-2.975212e+00	-3.014824e+01
9.490000e-06	-5.853797e-10	-3.214147e-10	-3.096930e+00	-3.125673e+01
9.500000e-06	-6.083582e-10	-3.336685e-10	-3.218497e+00	-3.236441e+01
9.510000e-06	-6.312996e-10	-3.420183e-10	-3.339867e+00	-3.347125e+01
9.520000e-06	-6.542372e-10	-3.476148e-10	-3.461218e+00	-3.457721e+01
9.530000e-06	-6.771619e-10	-3.546576e-10	-3.582500e+00	-3.568227e+01
9.540000e-06	-7.000568e-10	-3.656489e-10	-3.703625e+00	-3.678639e+01
9.550000e-06	-7.229259e-10	-3.788764e-10	-3.824614e+00	-3.788956e+01
9.560000e-06	-7.457836e-10	-3.902593e-10	-3.945541e+00	-3.899174e+01
9.570000e-06	-7.686444e-10	-3.984423e-10	-4.066486e+00	-4.009290e+01
9.580000e-06	-7.914947e-10	-4.057253e-10	-4.187375e+00	-4.119301e+01
9.590000e-06	-8.143145e-10	-4.143451e-10	-4.308102e+00	-4.229205e+01
9.600000e-06	-8.370762e-10	-4.229789e-10	-4.428522e+00	-4.338999e+01
9.610000e-06	-8.598159e-10	-4.306061e-10	-4.548826e+00	-4.448680e+01
9.620000e-06	-8.825295e-10	-4.386615e-10	-4.668991e+00	-4.558244e+01
9.630000e-06	-9.052030e-10	-4.484580e-10	-4.788945e+00	-4.667690e+01
9.640000e-06	-9.278514e-10	-4.593895e-10	-4.908766e+00	-4.777014e+01
9.650000e-06	-9.504735e-10	-4.694054e-10	-5.028447e+00	-4.886213e+01
9.660000e-06	-9.730793e-10	-4.758855e-10	-5.148042e+00	-4.995285e+01
9.670000e-06	-9.956463e-10	-4.796549e-10	-5.267432e+00	-5.104226e+01
9.680000e-06	-1.018183e-09	-4.838869e-10	-5.386661e+00	-5.213035e+01
9.690000e-06	-1.040682e-09	-4.907087e-10	-5.505694e+00	-5.321708e+01
9.700000e-06	-1.063126e-09	-5.009294e-10	-5.624429e+00	-5.430242e+01
9.710000e-06	-1.085501e-09	-5.106507e-10	-5.742807e+00	-5.538634e+01
9.720000e-06	-1.107821e-09	-5.182379e-10	-5.860889e+00	-5.646882e+01
9.730000e-06	-1.130105e-09	-5.263633e-10	-5.978781e+00	-5.754983e+01
9.740000e-06	-1.152340e-09	-5.351878e-10	-6.096417e+00	-5.862934e+01
9.750000e-06	-1.174541e-09	-5.432079e-10	-6.213869e+00	-5.970732e+01
9.760000e-06	-1.196706e-09	-5.487660e-10	-6.331134e+00	-6.078374e+01
9.770000e-06	-1.218839e-09	-5.517732e-10	-6.448225e+00	-6.185858e+01
9.780000e-06	-1.240902e-09	-5.567559e-10	-6.564952e+00	-6.293181e+01
9.790000e-06	-1.262876e-09	-5.665439e-10	-6.681201e+00	-6.400340e+01
9.800000e-06	-1.284812e-09	-5.774242e-10	-6.797254e+00	-6.507332e+01
9.810000e-06	-1.306714e-09	-5.856369e-10	-6.913126e+00	-6.614155e+01
9.820000e-06	-1.328545e-09	-5.908780e-10	-7.028624e+00	-6.720805e+01
9.830000e-06	-1.350315e-09	-5.958340e-10	-7.143798e+00	-6.827280e+01
9.840000e-06	-1.372023e-09	-6.022359e-10	-7.258640e+00	-6.933577e+01
9.850000e-06	-1.393649e-09	-6.084563e-10	-7.373053e+00	-7.039694e+01
9.860000e-06	-1.415200e-09	-6.137548e-10	-7.487066e+00	-7.145627e+01
9.870000e-06	-1.436659e-09	-6.191256e-10	-7.600597e+00	-7.251374e+01
9.880000e-06	-1.458067e-09	-6.244863e-10	-7.713856e+00	-7.356932e+01
9.890000e-06	-1.479426e-09	-6.309901e-10	-7.826851e+00	-7.462298e+01
9.900000e-06	-1.500737e-09	-6.405334e-10	-7.939596e+00	-7.567470e+01
9.910000e-06	-1.521989e-09	-6.497662e-10	-8.052032e+00	-7.672445e+01
9.920000e-06	-1.543158e-09	-6.579483e-10	-8.164023e+00	-7.777220e+01
9.930000e-06	-1.564250e-09	-6.667674e-10	-8.275614e+00	-7.881792e+01
9.940000e-06	-1.585253e-09	-6.746312e-10	-8.386725e+00	-7.986159e+01
9.950000e-06	-1.606188e-09	-6.814999e-10	-8.497481e+00	-8.090319e+01
9.960000e-06	-1.627033e-09	-6.880133e-10	-8.607764e+00	-8.194267e+01
9.970000e-06	-1.647785e-09	-6.936205e-10	-8.717552e+00	-8.298002e+01
9.980000e-06	-1.668457e-09	-6.996549e-10	-8.826915e+00	-8.401521e+01
9.990000e-06	-1.689063e-09	-7.081848e-10	-8.935931e+00	-8.504821e+01
1.000000e-05	-1.709621e-09	-7.177439e-10	-9.044694e+00	-8.607899e+01
1.001000e-05	-1.730130e-09	-7.263059e-10	-9.153196e+00	-8.710754e+01
1.002000e-05	-1.750564e-09	-7.349064e-10	-9.261298e+00	-8.813381e+01
1.003000e-05	-1.770878e-09	-7.437943e-10	-9.368769e+00	-8.915779e+01
1.004000e-05	-1.791135e-09	-7.524282e-10	-9.475938e+00	-9.017945e+01
1.005000e-05	-1.811355e-09	-7.612749e-10	-9.582911e+00	-9.119876e+01
1.006000e-05	-1.831486e-09	-7.706134e-10	-9.689413e+00	-9.221569e+01
1.007000e-05	-1.851534e-09	-7.802226e-10	-9.795478e+00	-9.323022e+01
1.008000e-05	-1.871514e-09	-7.879245e-10	-9.901182e+00	-9.424233e+01
1.009000e-05	-1.891451e-09	-7.946508e-10	-1.000666e+01	-9.525198e+01
1.010000e-05	-1.911342e-09	-8.009836e-10	-1.011189e+01	-9.625915e+01
1.011000e-05	-1.931177e-09	-8.081220e-10	-1.021683e+01	-9.726381e+01
1.012000e-05	-1.950983e-09	-8.172158e-10	-1.032161e+01	-9.826595e+01
1.013000e-05	-1.970734e-09	-8.270115e-10	-1.042610e+01	-9.926552e+01
1.014000e-05	-1.990424e-09	-8.360548e-10	-1.053027e+01	-1.002625e+02
1.015000e-05	-2.010105e-09	-8.425665e-10	-1.063439e+01	-1.012569e+02
1.016000e-05	-2.029771e-09	-8.491890e-10	-1.073844e+01	-1.022486e+02
1.017000e-05	-2.049389e-09	-8.563024e-10	-1.084222e+01	-1.032377e+02
1.018000e-05	-2.068977e-09	-8.643871e-10	-1.094585e+01	-1.042241e+02
1.019000e-05	-2.088558e-09	-8.752410e-10	-1.104944e+01	-1.052078e+02
1.020000e-05	-2.108101e-09	-8.873101e-10	-1.115284e+01	-1.061887e+02
1.021000e-05	-2.127605e-09	-8.961237e-10	-1.125603e+01	-1.071669e+02
1.022000e-05	-2.147089e-09	-9.011343e-10	-1.135910e+01	-1.081423e+02
1.023000e-05	-2.166554e-09	-9.067223e-10	-1.146208e+01	-1.091148e+02
1.024000e-05	-2.186013e-09	-9.122793e-10	-1.156503e+01	-1.100846e+02
1.025000e-05	-2.205456e-09	-9.185834e-10	-1.166789e+01	-1.110514e+02
1.026000e-05	-2.224876e-09	-9.269425e-10	-1.177063e+01	-1.120154e+02
1.027000e-05	-2.244278e-09	-9.369301e-10	-1.187328e+01	-1.129764e+02
1.028000e-05	-2.263667e-09	-9.480041e-10	-1.197585e+01	-1.139345e+02
1.029000e-05	-2.283043e-09	-9.576959e-10	-1.207837e+01	-1.148897e+02
1.030000e-05	-2.302394e-09	-9.646072e-10	-1.218074e+01	-1.158418e+02
1.031000e-05	-2.321717e-09	-9.683666e-10	-1.228297e+01	-1.167910e+02
1.032000e-05	-2.341018e-09	-9.725423e-10	-1.238508e+01	-1.177371e+02
1.033000e-05	-2.360282e-09	-9.804240e-10	-1.248699e+01	-1.186801e+02
1.034000e-05	-2.379506e-09	-9.900190e-10	-1.258870e+01	-1.196201e+02
1.035000e-05	-2.398685e-09	-9.984826e-10	-1.269016e+01	-1.205569e+02
1.036000e-05	-2.417786e-09	-1.004588e-09	-1.279122e+01	-1.214906e+02
1.037000e-05	-2.436841e-09	-1.011140e-09	-1.289203e+01	-1.224211e+02
1.038000e-05	-2.455883e-09	-1.021604e-09	-1.299277e+01	-1.233484e+02
1.039000e-05	-2.474876e-09	-1.035208e-09	-1.309325e+01	-1.242726e+02
1.040000e-05	-2.493807e-09	-1.046298e-09	-1.319341e+01	-1.251935e+02
1.041000e-05	-2.512666e-09	-1.050255e-09	-1.329318e+01	-1.261111e+02
1.042000e-05	-2.531425e-09	-1.051007e-09	-1.339242e+01	-1.270255e+02
1.043000e-05	-2.550095e-09	-1.053196e-09	-1.349120e+01	-1.279365e+02
1.044000e-05	-2.568706e-09	-1.058799e-09	-1.358966e+01	-1.288442e+02
1.045000e-05	-2.587242e-09	-1.066429e-09	-1.368772e+01	-1.297486e+02
1.046000e-05	-2.605704e-09	-1.074386e-09	-1.378539e+01	-1.306496e+02
1.047000e-05	-2.624070e-09	-1.085153e-09	-1.388256e+01	-1.315472e+02
1.048000e-05	-2.642374e-09	-1.098167e-09	-1.397939e+01	-1.324413e+02
1.049000e-05	-2.660601e-09	-1.111613e-09	-1.407582e+01	-1.333320e+02
1.050000e-05	-2.678702e-09	-1.120106e-09	-1.417159e+01	-1.342193e+02
1.051000e-05	-2.696757e-09	-1.121061e-09	-1.426711e+01	-1.351030e+02
1.052000e-05	-2.714761e-09	-1.119253e-09	-1.436236e+01	-1.359833e+02
1.053000e-05	-2.732659e-09	-1.118956e-09	-1.445704e+01	-1.368599e+02
1.054000e-05	-2.750460e-09	-1.123217e-09	-1.455122e+01	-1.377331e+02
1.055000e-05	-2.768213e-09	-1.131471e-09	-1.464514e+01	-1.386026e+02
1.056000e-05	-2.785910e-09	-1.140719e-09	-1.473877e+01	-1.394686e+02
1.057000e-05	-2.803534e-09	-1.149154e-09	-1.483200e+01	-1.403309e+02
1.058000e-05	-2.821109e-09	-1.157235e-09	-1.492499e+01	-1.411895e+02
1.059000e-05	-2.838631e-09	-1.165422e-09	-1.501769e+01	-1.420445e+02
1.060000e-05	-2.856101e-09	-1.172257e-09	-1.511011e+01	-1.428958e+02
1.061000e-05	-2.873541e-09	-1.176965e-09	-1.520237e+01	-1.437433e+02
1.062000e-05	-2.890948e-09	-1.180206e-09	-1.529447e+01	-1.445872e+02
1.063000e-05	-2.908308e-09	-1.183719e-09	-1.538631e+01	-1.454272e+02
1.064000e-05	-2.925602e-09	-1.189971e-09	-1.547780e+01	-1.462635e+02
1.065000e-05	-2.942827e-09	-1.198039e-09	-1.556893e+01	-1.470960e+02
1.066000e-05	-2.960034e-09	-1.206442e-09	-1.565997e+01	-1.479246e+02
1.067000e-05	-2.977183e-09	-1.214075e-09	-1.575069e+01	-1.487494e+02
1.068000e-05	-2.994234e-09	-1.221594e-09	-1.584090e+01	-1.495703e+02
1.069000e-05	-3.011225e-09	-1.231070e-09	-1.593079e+01	-1.503873e+02
1.070000e-05	-3.028147e-09	-1.239202e-09	-1.602031e+01	-1.512004e+02
1.071000e-05	-3.044969e-09	-1.242397e-09	-1.610931e+01	-1.520096e+02
1.072000e-05	-3.061699e-09	-1.243113e-09	-1.619782e+01	-1.528148e+02
1.073000e-05	-3.078350e-09	-1.245925e-09	-1.628591e+01	-1.536161e+02
1.074000e-05	-3.094896e-09	-1.254341e-09	-1.637345e+01	-1.544133e+02
1.075000e-05	-3.111328e-09	-1.267307e-09	-1.646038e+01	-1.552065e+02
1.076000e-05	-3.127681e-09	-1.279439e-09	-1.654689e+01	-1.559957e+02
1.077000e-05	-3.143947e-09	-1.286368e-09	-1.663295e+01	-1.567809e+02
1.078000e-05	-3.160123e-09	-1.290417e-09	-1.671853e+01	-1.575619e+02
1.079000e-05	-3.176208e-09	-1.296067e-09	-1.680363e+01	-1.583388e+02
1.080000e-05	-3.192211e-09	-1.301055e-09	-1.688829e+01	-1.591117e+02
1.081000e-05	-3.208132e-09	-1.306814e-09	-1.697252e+01	-1.598804e+02
1.082000e-05	-3.223971e-09	-1.314005e-09	-1.705632e+01	-1.606449e+02
1.083000e-05	-3.239747e-09	-1.322884e-09	-1.713978e+01	-1.614052e+02
1.084000e-05	-3.255442e-09	-1.335454e-09	-1.722281e+01	-1.621614e+02
1.085000e-05	-3.271081e-09	-1.345320e-09	-1.730555e+01	-1.629133e+02
1.086000e-05	-3.286674e-09	-1.350630e-09	-1.738804e+01	-1.636610e+02
1.087000e-05	-3.302229e-09	-1.352036e-09	-1.747033e+01	-1.644044e+02
1.088000e-05	-3.317742e-09	-1.353994e-09	-1.755241e+01	-1.651435e+02
1.089000e-05	-3.333209e-09	-1.361775e-09	-1.763424e+01	-1.658784e+02
1.090000e-05	-3.348646e-09	-1.372319e-09	-1.771591e+01	-1.666089e+02
1.091000e-05	-3.364048e-09	-1.380941e-09	-1.779739e+01	-1.673351e+02
1.092000e-05	-3.379410e-09	-1.384597e-09	-1.787866e+01	-1.680569e+02
1.093000e-05	-3.394724e-09	-1.388475e-09	-1.795968e+01	-1.687744e+02
1.094000e-05	-3.410006e-09	-1.395263e-09	-1.804053e+01	-1.694875e+02
1.095000e-05	-3.425249e-09	-1.403997e-09	-1.812117e+01	-1.701961e+02
1.096000e-05	-3.440411e-09	-1.411004e-09	-1.820138e+01	-1.709003e+02
1.097000e-05	-3.455496e-09	-1.414265e-09	-1.828119e+01	-1.716001e+02
1.098000e-05	-3.470499e-09	-1.419487e-09	-1.836057e+01	-1.722954e+02
1.099000e-05	-3.485411e-09	-1.427592e-09	-1.843945e+01	-1.729863e+02
1.100000e-05	-3.500214e-09	-1.435654e-09	-1.851777e+01	-1.736726e+02
1.101000e-05	-3.514877e-09	-1.438853e-09	-1.859534e+01	-1.743544e+02
1.102000e-05	-3.529387e-09	-1.439800e-09	-1.867211e+01	-1.750317e+02
1.103000e-05	-3.543722e-09	-1.441730e-09	-1.874795e+01	-1.757044e+02
1.104000e-05	-3.557915e-09	-1.446192e-09	-1.882304e+01	-1.763726e+02
1.105000e-05	-3.571987e-09	-1.454149e-09	-1.889748e+01	-1.770361e+02
1.106000e-05	-3.585859e-09	-1.459566e-09	-1.897087e+01	-1.776951e+02
1.107000e-05	-3.599532e-09	-1.465569e-09	-1.904321e+01	-1.783494e+02
1.108000e-05	-3.613024e-09	-1.472663e-09	-1.911459e+01	-1.789991e+02
1.109000e-05	-3.626334e-09	-1.480885e-09	-1.918500e+01	-1.796441e+02
1.110000e-05	-3.639482e-09	-1.486409e-09	-1.925456e+01	-1.802845e+02
1.111000e-05	-3.652477e-09	-1.485485e-09	-1.932331e+01	-1.809201e+02
1.112000e-05	-3.665336e-09	-1.483771e-09	-1.939134e+01	-1.815511e+02
1.113000e-05	-3.678021e-09	-1.482918e-09	-1.945845e+01	-1.821773e+02
1.114000e-05	-3.690574e-09	-1.490059e-09	-1.952487e+01	-1.827988e+02
1.115000e-05	-3.703012e-09	-1.501768e-09	-1.959067e+01	-1.834155e+02
1.116000e-05	-3.715273e-09	-1.513624e-09	-1.965554e+01	-1.840275e+02
1.117000e-05	-3.727394e-09	-1.520278e-09	-1.971966e+01	-1.846347e+02
1.118000e-05	-3.739413e-09	-1.520280e-09	-1.978325e+01	-1.852370e+02
1.119000e-05	-3.751350e-09	-1.521998e-09	-1.984640e+01	-1.858346e+02
1.120000e-05	-3.763191e-09	-1.524698e-09	-1.990904e+01	-1.864273e+02
1.121000e-05	-3.774947e-09	-1.529300e-09	-1.997124e+01	-1.870152e+02
1.122000e-05	-3.786631e-09	-1.532645e-09	-2.003305e+01	-1.875981e+02
1.123000e-05	-3.798243e-09	-1.536762e-09	-2.009448e+01	-1.881763e+02
1.124000e-05	-3.809779e-09	-1.542611e-09	-2.015552e+01	-1.887495e+02
1.125000e-05	-3.821235e-09	-1.549613e-09	-2.021612e+01	-1.893178e+02
1.126000e-05	-3.832640e-09	-1.558510e-09	-2.027646e+01	-1.898811e+02
1.127000e-05	-3.843968e-09	-1.561945e-09	-2.033639e+01	-1.904396e+02
1.128000e-05	-3.855199e-09	-1.562674e-09	-2.039581e+01	-1.909931e+02
1.129000e-05	-3.866344e-09	-1.563875e-09	-2.045477e+01	-1.915416e+02
1.130000e-05	-3.877378e-09	-1.568755e-09	-2.051315e+01	-1.920851e+02
1.131000e-05	-3.888329e-09	-1.577310e-09	-2.057108e+01	-1.926236e+02
1.132000e-05	-3.899180e-09	-1.583420e-09	-2.062849e+01	-1.931571e+02
1.133000e-05	-3.909915e-09	-1.588677e-09	-2.068528e+01	-1.936856e+02
1.134000e-05	-3.920538e-09	-1.591617e-09	-2.074148e+01	-1.942091e+02
1.135000e-05	-3.931012e-09	-1.595892e-09	-2.079690e+01	-1.947275e+02
1.136000e-05	-3.941352e-09	-1.600953e-09	-2.085160e+01	-1.952408e+02
1.137000e-05	-3.951604e-09	-1.602278e-09	-2.090583e+01	-1.957490e+02
1.138000e-05	-3.961760e-09	-1.603035e-09	-2.095956e+01	-1.962522e+02
1.139000e-05	-3.971808e-09	-1.606080e-09	-2.101273e+01	-1.967502e+02
1.140000e-05	-3.981763e-09	-1.615078e-09	-2.106539e+01	-1.972432e+02
1.141000e-05	-3.991611e-09	-1.623570e-09	-2.111749e+01	-1.977309e+02
1.142000e-05	-4.001358e-09	-1.627177e-09	-2.116906e+01	-1.982136e+02
1.143000e-05	-4.011008e-09	-1.627927e-09	-2.122011e+01	-1.986911e+02
1.144000e-05	-4.020581e-09	-1.630008e-09	-2.127075e+01	-1.991634e+02
1.145000e-05	-4.030089e-09	-1.635066e-09	-2.132106e+01	-1.996305e+02
1.146000e-05	-4.039510e-09	-1.638577e-09	-2.137090e+01	-2.000925e+02
1.147000e-05	-4.048862e-09	-1.640237e-09	-2.142038e+01	-2.005492e+02
1.148000e-05	-4.058148e-09	-1.642962e-09	-2.146950e+01	-2.010007e+02
1.149000e-05	-4.067348e-09	-1.650129e-09	-2.151818e+01	-2.014470e+02
1.150000e-05	-4.076458e-09	-1.658528e-09	-2.156637e+01	-2.018881e+02
1.151000e-05	-4.085470e-09	-1.663649e-09	-2.161405e+01	-2.023239e+02
1.152000e-05	-4.094364e-09	-1.663050e-09	-2.166110e+01	-2.027544e+02
1.153000e-05	-4.103162e-09	-1.660316e-09	-2.170765e+01	-2.031797e+02
1.154000e-05	-4.111866e-09	-1.663876e-09	-2.175370e+01	-2.035996e+02
1.155000e-05	-4.120445e-09	-1.673398e-09	-2.179909e+01	-2.040143e+02
1.156000e-05	-4.128872e-09	-1.683824e-09	-2.184367e+01	-2.044236e+02
1.157000e-05	-4.137171e-09	-1.690820e-09	-2.188758e+01	-2.048277e+02
1.158000e-05	-4.145388e-09	-1.694086e-09	-2.193104e+01	-2.052264e+02
1.159000e-05	-4.153497e-09	-1.696353e-09	-2.197394e+01	-2.056198e+02
1.160000e-05	-4.161465e-09	-1.699301e-09	-2.201610e+01	-2.060078e+02
1.161000e-05	-4.169332e-09	-1.702451e-09	-2.205772e+01	-2.063904e+02
1.162000e-05	-4.177140e-09	-1.703614e-09	-2.209903e+01	-2.067677e+02
1.163000e-05	-4.184871e-09	-1.703996e-09	-2.213993e+01	-2.071396e+02
1.164000e-05	-4.192516e-09	-1.704543e-09	-2.218037e+01	-2.075062e+02
1.165000e-05	-4.200086e-09	-1.706991e-09	-2.222042e+01	-2.078673e+02
1.166000e-05	-4.207615e-09	-1.710830e-09	-2.226025e+01	-2.082230e+02
1.167000e-05	-4.215105e-09	-1.713335e-09	-2.229988e+01	-2.085733e+02
1.168000e-05	-4.222544e-09	-1.714975e-09	-2.233924e+01	-2.089182e+02
1.169000e-05	-4.229942e-09	-1.716899e-09	-2.237838e+01	-2.092576e+02
1.170000e-05	-4.237294e-09	-1.719591e-09	-2.241727e+01	-2.095916e+02
1.171000e-05	-4.244578e-09	-1.721258e-09	-2.245581e+01	-2.099201e+02
1.172000e-05	-4.251795e-09	-1.720974e-09	-2.249399e+01	-2.102432e+02
1.173000e-05	-4.258927e-09	-1.719588e-09	-2.253172e+01	-2.105608e+02
1.174000e-05	-4.265961e-09	-1.720077e-09	-2.256893e+01	-2.108729e+02
1.175000e-05	-4.272890e-09	-1.723323e-09	-2.260559e+01	-2.111795e+02
1.176000e-05	-4.279693e-09	-1.726930e-09	-2.264158e+01	-2.114807e+02
1.177000e-05	-4.286388e-09	-1.729530e-09	-2.267700e+01	-2.117763e+02
1.178000e-05	-4.292946e-09	-1.732019e-09	-2.271170e+01	-2.120664e+02
1.179000e-05	-4.299333e-09	-1.735203e-09	-2.274549e+01	-2.123510e+02
1.180000e-05	-4.305552e-09	-1.737896e-09	-2.277839e+01	-2.126301e+02
1.181000e-05	-4.311601e-09	-1.738966e-09	-2.281039e+01	-2.129037e+02
1.182000e-05	-4.317487e-09	-1.738150e-09	-2.284153e+01	-2.131717e+02
1.183000e-05	-4.323199e-09	-1.738232e-09	-2.287175e+01	-2.134341e+02
1.184000e-05	-4.328743e-09	-1.741866e-09	-2.290108e+01	-2.136911e+02
1.185000e-05	-4.334111e-09	-1.746630e-09	-2.292948e+01	-2.139424e+02
1.186000e-05	-4.339272e-09	-1.750445e-09	-2.295678e+01	-2.141882e+02
1.187000e-05	-4.344247e-09	-1.751392e-09	-2.298310e+01	-2.144284e+02
1.188000e-05	-4.349057e-09	-1.749452e-09	-2.300855e+01	-2.146630e+02
1.189000e-05	-4.353644e-09	-1.749855e-09	-2.303282e+01	-2.148921e+02
1.190000e-05	-4.358041e-09	-1.754379e-09	-2.305608e+01	-2.151155e+02
1.191000e-05	-4.362311e-09	-1.759373e-09	-2.307867e+01	-2.153334e+02
1.192000e-05	-4.366465e-09	-1.760177e-09	-2.310065e+01	-2.155456e+02
1.193000e-05	-4.370485e-09	-1.757520e-09	-2.312192e+01	-2.157523e+02
1.194000e-05	-4.374382e-09	-1.756875e-09	-2.314253e+01	-2.159533e+02
1.195000e-05	-4.378192e-09	-1.758962e-09	-2.316269e+01	-2.161487e+02
1.196000e-05	-4.381921e-09	-1.760942e-09	-2.318242e+01	-2.163385e+02
1.197000e-05	-4.385573e-09	-1.760907e-09	-2.320174e+01	-2.165227e+02
1.198000e-05	-4.389163e-09	-1.762711e-09	-2.322073e+01	-2.167012e+02
1.199000e-05	-4.392707e-09	-1.769281e-09	-2.323948e+01	-2.168741e+02
1.200000e-05	-4.396191e-09	-1.775179e-09	-2.325791e+01	-2.170413e+02
1.201000e-05	-4.399612e-09	-1.775524e-09	-2.327601e+01	-2.172029e+02
1.202000e-05	-4.402974e-09	-1.771840e-09	-2.329380e+01	-2.173589e+02
1.203000e-05	-4.406282e-09	-1.771348e-09	-2.331129e+01	-2.175092e+02
1.204000e-05	-4.409544e-09	-1.775663e-09	-2.332856e+01	-2.176538e+02
1.205000e-05	-4.412747e-09	-1.780278e-09	-2.334550e+01	-2.177928e+02
1.206000e-05	-4.415853e-09	-1.780097e-09	-2.336193e+01	-2.179261e+02
1.207000e-05	-4.418851e-09	-1.775979e-09	-2.337779e+01	-2.180537e+02
1.208000e-05	-4.421760e-09	-1.775677e-09	-2.339318e+01	-2.181756e+02
1.209000e-05	-4.424549e-09	-1.781449e-09	-2.340794e+01	-2.182919e+02
1.210000e-05	-4.427192e-09	-1.787898e-09	-2.342192e+01	-2.184025e+02
1.211000e-05	-4.429718e-09	-1.788896e-09	-2.343529e+01	-2.185074e+02
1.212000e-05	-4.432124e-09	-1.785950e-09	-2.344801e+01	-2.186067e+02
1.213000e-05	-4.434401e-09	-1.785382e-09	-2.346006e+01	-2.187002e+02
1.214000e-05	-4.436530e-09	-1.789214e-09	-2.347132e+01	-2.187881e+02
1.215000e-05	-4.438519e-09	-1.794675e-09	-2.348184e+01	-2.188702e+02
1.216000e-05	-4.440426e-09	-1.796618e-09	-2.349194e+01	-2.189467e+02
1.217000e-05	-4.442251e-09	-1.795844e-09	-2.350159e+01	-2.190175e+02
1.218000e-05	-4.443969e-09	-1.797306e-09	-2.351068e+01	-2.190825e+02
1.219000e-05	-4.445601e-09	-1.800901e-09	-2.351931e+01	-2.191419e+02
1.220000e-05	-4.447164e-09	-1.802675e-09	-2.352758e+01	-2.191956e+02
1.221000e-05	-4.448647e-09	-1.799028e-09	-2.353543e+01	-2.192435e+02
1.222000e-05	-4.450050e-09	-1.794123e-09	-2.354285e+01	-2.192858e+02
1.223000e-05	-4.451386e-09	-1.798263e-09	-2.354992e+01	-2.193223e+02
1.224000e-05	-4.452644e-09	-1.820623e-09	-2.355657e+01	-2.193532e+02
1.225000e-05	-4.453780e-09	-1.845707e-09	-2.356258e+01	-2.193783e+02
1.226000e-05	-4.454678e-09	-1.822541e-09	-2.356734e+01	-2.193978e+02
1.227000e-05	-4.455433e-09	-1.762584e-09	-2.357133e+01	-2.194115e+02
1.228000e-05	-4.456163e-09	-1.758172e-09	-2.357519e+01	-2.194195e+02
1.229000e-05	-4.456781e-09	-1.759342e-09	-2.357846e+01	-2.194218e+02
1.230000e-05	-4.457254e-09	-1.741752e-09	-2.358096e+01	-2.194184e+02
1.231000e-05	-4.457585e-09	-1.770131e-09	-2.358271e+01	-2.194093e+02
