# Temperatura_=_20.0
# Concentracion g/m^3_=_10000.0
# C_Vs_to_Am_M_A/Vsm_=_116720831517.84952
# pendiente_HvsI_1/m_=_3716.3
# ordenada_HvsI_A/m_=_1297.0
# frecuencia_Hz_=_81174.47714333048
# Promedio de 23 ciclos

Tiempo_(s)	Campo_(V.s)	Magnetizacion_(V.s)	Campo_(kA/m)	Magnetizacion_(A/m)
0.000000e+00	-7.928070e-09	-3.412692e-09	-4.217945e+01	-4.005364e+02
1.000000e-08	-7.928141e-09	-3.418712e-09	-4.217983e+01	-4.004610e+02
2.000000e-08	-7.928006e-09	-3.428192e-09	-4.217911e+01	-4.003753e+02
3.000000e-08	-7.927717e-09	-3.453379e-09	-4.217757e+01	-4.002792e+02
4.000000e-08	-7.927292e-09	-3.501552e-09	-4.217531e+01	-4.001726e+02
5.000000e-08	-7.926719e-09	-3.505476e-09	-4.217226e+01	-4.000556e+02
6.000000e-08	-7.925979e-09	-3.413473e-09	-4.216832e+01	-3.999282e+02
7.000000e-08	-7.925026e-09	-3.226372e-09	-4.216325e+01	-3.997905e+02
8.000000e-08	-7.923852e-09	-3.078285e-09	-4.215701e+01	-3.996423e+02
9.000000e-08	-7.922523e-09	-3.312430e-09	-4.214994e+01	-3.994837e+02
1.000000e-07	-7.921088e-09	-3.492454e-09	-4.214230e+01	-3.993147e+02
1.100000e-07	-7.919570e-09	-3.440993e-09	-4.213423e+01	-3.991354e+02
1.200000e-07	-7.917908e-09	-3.609691e-09	-4.212538e+01	-3.989456e+02
1.300000e-07	-7.916034e-09	-3.629453e-09	-4.211542e+01	-3.987455e+02
1.400000e-07	-7.913900e-09	-3.440792e-09	-4.210406e+01	-3.985350e+02
1.500000e-07	-7.911447e-09	-3.222239e-09	-4.209101e+01	-3.983142e+02
1.600000e-07	-7.908620e-09	-3.113864e-09	-4.207597e+01	-3.980829e+02
1.700000e-07	-7.905360e-09	-3.247372e-09	-4.205863e+01	-3.978414e+02
1.800000e-07	-7.901724e-09	-3.334474e-09	-4.203928e+01	-3.975894e+02
1.900000e-07	-7.897779e-09	-3.458804e-09	-4.201829e+01	-3.973272e+02
2.000000e-07	-7.893586e-09	-3.546373e-09	-4.199599e+01	-3.970546e+02
2.100000e-07	-7.889201e-09	-3.552363e-09	-4.197266e+01	-3.967717e+02
2.200000e-07	-7.884662e-09	-3.343442e-09	-4.194851e+01	-3.964784e+02
2.300000e-07	-7.879993e-09	-3.165091e-09	-4.192367e+01	-3.961748e+02
2.400000e-07	-7.875202e-09	-3.347102e-09	-4.189817e+01	-3.958610e+02
2.500000e-07	-7.870304e-09	-3.411390e-09	-4.187212e+01	-3.955368e+02
2.600000e-07	-7.865285e-09	-3.336419e-09	-4.184542e+01	-3.952024e+02
2.700000e-07	-7.860094e-09	-3.368223e-09	-4.181780e+01	-3.948576e+02
2.800000e-07	-7.854709e-09	-3.567084e-09	-4.178915e+01	-3.945026e+02
2.900000e-07	-7.849150e-09	-3.442293e-09	-4.175957e+01	-3.941373e+02
3.000000e-07	-7.843381e-09	-3.154881e-09	-4.172888e+01	-3.937618e+02
3.100000e-07	-7.837398e-09	-3.233153e-09	-4.169705e+01	-3.933761e+02
3.200000e-07	-7.831203e-09	-3.454747e-09	-4.166409e+01	-3.929801e+02
3.300000e-07	-7.824806e-09	-3.462082e-09	-4.163005e+01	-3.925738e+02
3.400000e-07	-7.818237e-09	-3.334893e-09	-4.159511e+01	-3.921574e+02
3.500000e-07	-7.811465e-09	-3.407174e-09	-4.155908e+01	-3.917308e+02
3.600000e-07	-7.804478e-09	-3.403174e-09	-4.152191e+01	-3.912940e+02
3.700000e-07	-7.797257e-09	-3.289282e-09	-4.148349e+01	-3.908470e+02
3.800000e-07	-7.789787e-09	-3.299755e-09	-4.144375e+01	-3.903898e+02
3.900000e-07	-7.782101e-09	-3.355080e-09	-4.140285e+01	-3.899225e+02
4.000000e-07	-7.774238e-09	-3.313978e-09	-4.136102e+01	-3.894450e+02
4.100000e-07	-7.766192e-09	-3.329967e-09	-4.131821e+01	-3.889574e+02
4.200000e-07	-7.757980e-09	-3.479479e-09	-4.127452e+01	-3.884597e+02
4.300000e-07	-7.749633e-09	-3.412635e-09	-4.123012e+01	-3.879519e+02
4.400000e-07	-7.741142e-09	-3.242753e-09	-4.118494e+01	-3.874340e+02
4.500000e-07	-7.732534e-09	-3.248587e-09	-4.113914e+01	-3.869060e+02
4.600000e-07	-7.723828e-09	-3.336020e-09	-4.109282e+01	-3.863679e+02
4.700000e-07	-7.714981e-09	-3.329575e-09	-4.104576e+01	-3.858198e+02
4.800000e-07	-7.705943e-09	-3.325280e-09	-4.099768e+01	-3.852617e+02
4.900000e-07	-7.696693e-09	-3.364190e-09	-4.094846e+01	-3.846935e+02
5.000000e-07	-7.687178e-09	-3.307830e-09	-4.089784e+01	-3.841153e+02
5.100000e-07	-7.677316e-09	-3.279579e-09	-4.084537e+01	-3.835272e+02
5.200000e-07	-7.667105e-09	-3.313303e-09	-4.079104e+01	-3.829290e+02
5.300000e-07	-7.656563e-09	-3.305863e-09	-4.073496e+01	-3.823209e+02
5.400000e-07	-7.645694e-09	-3.267598e-09	-4.067713e+01	-3.817029e+02
5.500000e-07	-7.634512e-09	-3.292781e-09	-4.061764e+01	-3.810749e+02
5.600000e-07	-7.623013e-09	-3.321210e-09	-4.055646e+01	-3.804370e+02
5.700000e-07	-7.611232e-09	-3.287014e-09	-4.049378e+01	-3.797893e+02
5.800000e-07	-7.599244e-09	-3.278457e-09	-4.043000e+01	-3.791316e+02
5.900000e-07	-7.587069e-09	-3.266587e-09	-4.036523e+01	-3.784641e+02
6.000000e-07	-7.574695e-09	-3.249482e-09	-4.029940e+01	-3.777867e+02
6.100000e-07	-7.562142e-09	-3.260591e-09	-4.023261e+01	-3.770995e+02
6.200000e-07	-7.549425e-09	-3.290192e-09	-4.016495e+01	-3.764025e+02
6.300000e-07	-7.536516e-09	-3.281854e-09	-4.009628e+01	-3.756957e+02
6.400000e-07	-7.523409e-09	-3.245194e-09	-4.002654e+01	-3.749791e+02
6.500000e-07	-7.510097e-09	-3.222331e-09	-3.995572e+01	-3.742528e+02
6.600000e-07	-7.496561e-09	-3.208432e-09	-3.988370e+01	-3.735168e+02
6.700000e-07	-7.482791e-09	-3.231849e-09	-3.981044e+01	-3.727710e+02
6.800000e-07	-7.468787e-09	-3.243552e-09	-3.973594e+01	-3.720155e+02
6.900000e-07	-7.454571e-09	-3.230676e-09	-3.966031e+01	-3.712504e+02
7.000000e-07	-7.440149e-09	-3.218346e-09	-3.958358e+01	-3.704756e+02
7.100000e-07	-7.425513e-09	-3.217613e-09	-3.950571e+01	-3.696911e+02
7.200000e-07	-7.410676e-09	-3.213740e-09	-3.942677e+01	-3.688971e+02
7.300000e-07	-7.395629e-09	-3.198286e-09	-3.934672e+01	-3.680934e+02
7.400000e-07	-7.380360e-09	-3.186431e-09	-3.926549e+01	-3.672802e+02
7.500000e-07	-7.364820e-09	-3.170260e-09	-3.918281e+01	-3.664574e+02
7.600000e-07	-7.348967e-09	-3.179461e-09	-3.909846e+01	-3.656251e+02
7.700000e-07	-7.332809e-09	-3.189659e-09	-3.901250e+01	-3.647832e+02
7.800000e-07	-7.316332e-09	-3.178584e-09	-3.892484e+01	-3.639319e+02
7.900000e-07	-7.299565e-09	-3.160423e-09	-3.883563e+01	-3.630711e+02
8.000000e-07	-7.282562e-09	-3.153215e-09	-3.874518e+01	-3.622009e+02
8.100000e-07	-7.265314e-09	-3.156872e-09	-3.865341e+01	-3.613213e+02
8.200000e-07	-7.247858e-09	-3.155096e-09	-3.856054e+01	-3.604322e+02
8.300000e-07	-7.230257e-09	-3.152014e-09	-3.846690e+01	-3.595338e+02
8.400000e-07	-7.212478e-09	-3.134992e-09	-3.837231e+01	-3.586260e+02
8.500000e-07	-7.194549e-09	-3.120832e-09	-3.827692e+01	-3.577089e+02
8.600000e-07	-7.176500e-09	-3.113648e-09	-3.818089e+01	-3.567825e+02
8.700000e-07	-7.158295e-09	-3.111574e-09	-3.808404e+01	-3.558468e+02
8.800000e-07	-7.139965e-09	-3.110372e-09	-3.798652e+01	-3.549018e+02
8.900000e-07	-7.121516e-09	-3.101771e-09	-3.788837e+01	-3.539477e+02
9.000000e-07	-7.102932e-09	-3.093885e-09	-3.778949e+01	-3.529843e+02
9.100000e-07	-7.084204e-09	-3.086419e-09	-3.768986e+01	-3.520117e+02
9.200000e-07	-7.065310e-09	-3.082618e-09	-3.758933e+01	-3.510300e+02
9.300000e-07	-7.046234e-09	-3.069584e-09	-3.748784e+01	-3.500391e+02
9.400000e-07	-7.026949e-09	-3.054162e-09	-3.738524e+01	-3.490392e+02
9.500000e-07	-7.007435e-09	-3.043525e-09	-3.728142e+01	-3.480301e+02
9.600000e-07	-6.987708e-09	-3.040293e-09	-3.717647e+01	-3.470120e+02
9.700000e-07	-6.967800e-09	-3.041501e-09	-3.707055e+01	-3.459849e+02
9.800000e-07	-6.947714e-09	-3.033537e-09	-3.696369e+01	-3.449488e+02
9.900000e-07	-6.927470e-09	-3.022190e-09	-3.685599e+01	-3.439037e+02
1.000000e-06	-6.907092e-09	-3.008120e-09	-3.674757e+01	-3.428496e+02
1.010000e-06	-6.886610e-09	-3.000152e-09	-3.663860e+01	-3.417867e+02
1.020000e-06	-6.866056e-09	-2.994237e-09	-3.652925e+01	-3.407148e+02
1.030000e-06	-6.845425e-09	-2.986142e-09	-3.641948e+01	-3.396341e+02
1.040000e-06	-6.824692e-09	-2.978748e-09	-3.630918e+01	-3.385446e+02
1.050000e-06	-6.803854e-09	-2.973067e-09	-3.619832e+01	-3.374462e+02
1.060000e-06	-6.782900e-09	-2.971614e-09	-3.608683e+01	-3.363391e+02
1.070000e-06	-6.761795e-09	-2.963102e-09	-3.597455e+01	-3.352232e+02
1.080000e-06	-6.740511e-09	-2.949845e-09	-3.586131e+01	-3.340986e+02
1.090000e-06	-6.719044e-09	-2.934977e-09	-3.574710e+01	-3.329653e+02
1.100000e-06	-6.697396e-09	-2.926546e-09	-3.563193e+01	-3.318233e+02
1.110000e-06	-6.675555e-09	-2.923724e-09	-3.551573e+01	-3.306727e+02
1.120000e-06	-6.653528e-09	-2.917800e-09	-3.539854e+01	-3.295136e+02
1.130000e-06	-6.631321e-09	-2.909237e-09	-3.528040e+01	-3.283458e+02
1.140000e-06	-6.608935e-09	-2.897757e-09	-3.516129e+01	-3.271695e+02
1.150000e-06	-6.586383e-09	-2.889507e-09	-3.504131e+01	-3.259847e+02
1.160000e-06	-6.563702e-09	-2.881343e-09	-3.492065e+01	-3.247914e+02
1.170000e-06	-6.540898e-09	-2.871654e-09	-3.479932e+01	-3.235896e+02
1.180000e-06	-6.517944e-09	-2.859067e-09	-3.467720e+01	-3.223795e+02
1.190000e-06	-6.494819e-09	-2.848266e-09	-3.455417e+01	-3.211609e+02
1.200000e-06	-6.471517e-09	-2.843193e-09	-3.443019e+01	-3.199340e+02
1.210000e-06	-6.448048e-09	-2.838466e-09	-3.430533e+01	-3.186988e+02
1.220000e-06	-6.424409e-09	-2.829372e-09	-3.417957e+01	-3.174553e+02
1.230000e-06	-6.400586e-09	-2.812715e-09	-3.405282e+01	-3.162035e+02
1.240000e-06	-6.376576e-09	-2.798665e-09	-3.392508e+01	-3.149435e+02
1.250000e-06	-6.352400e-09	-2.790685e-09	-3.379646e+01	-3.136754e+02
1.260000e-06	-6.328086e-09	-2.785502e-09	-3.366710e+01	-3.123990e+02
1.270000e-06	-6.303657e-09	-2.778081e-09	-3.353713e+01	-3.111145e+02
1.280000e-06	-6.279115e-09	-2.767792e-09	-3.340656e+01	-3.098220e+02
1.290000e-06	-6.254471e-09	-2.757946e-09	-3.327545e+01	-3.085213e+02
1.300000e-06	-6.229738e-09	-2.749625e-09	-3.314387e+01	-3.072127e+02
1.310000e-06	-6.204894e-09	-2.741995e-09	-3.301169e+01	-3.058961e+02
1.320000e-06	-6.179921e-09	-2.730854e-09	-3.287882e+01	-3.045715e+02
1.330000e-06	-6.154774e-09	-2.719229e-09	-3.274503e+01	-3.032389e+02
1.340000e-06	-6.129432e-09	-2.707580e-09	-3.261021e+01	-3.018985e+02
1.350000e-06	-6.103895e-09	-2.695407e-09	-3.247435e+01	-3.005503e+02
1.360000e-06	-6.078159e-09	-2.682578e-09	-3.233742e+01	-2.991942e+02
1.370000e-06	-6.052220e-09	-2.669248e-09	-3.219942e+01	-2.978303e+02
1.380000e-06	-6.026037e-09	-2.656371e-09	-3.206012e+01	-2.964587e+02
1.390000e-06	-5.999596e-09	-2.644622e-09	-3.191945e+01	-2.950794e+02
1.400000e-06	-5.972895e-09	-2.634441e-09	-3.177739e+01	-2.936924e+02
1.410000e-06	-5.945920e-09	-2.624435e-09	-3.163388e+01	-2.922977e+02
1.420000e-06	-5.918702e-09	-2.613068e-09	-3.148907e+01	-2.908955e+02
1.430000e-06	-5.891262e-09	-2.599023e-09	-3.134309e+01	-2.894857e+02
1.440000e-06	-5.863603e-09	-2.586754e-09	-3.119593e+01	-2.880683e+02
1.450000e-06	-5.835732e-09	-2.575942e-09	-3.104765e+01	-2.866435e+02
1.460000e-06	-5.807666e-09	-2.564747e-09	-3.089833e+01	-2.852112e+02
1.470000e-06	-5.779466e-09	-2.552234e-09	-3.074830e+01	-2.837715e+02
1.480000e-06	-5.751150e-09	-2.537215e-09	-3.059765e+01	-2.823244e+02
1.490000e-06	-5.722716e-09	-2.524810e-09	-3.044637e+01	-2.808700e+02
1.500000e-06	-5.694193e-09	-2.513900e-09	-3.029462e+01	-2.794082e+02
1.510000e-06	-5.665602e-09	-2.503080e-09	-3.014251e+01	-2.779392e+02
1.520000e-06	-5.636944e-09	-2.490612e-09	-2.999004e+01	-2.764630e+02
1.530000e-06	-5.608211e-09	-2.476635e-09	-2.983717e+01	-2.749795e+02
1.540000e-06	-5.579380e-09	-2.463096e-09	-2.968379e+01	-2.734889e+02
1.550000e-06	-5.550446e-09	-2.448317e-09	-2.952985e+01	-2.719912e+02
1.560000e-06	-5.521394e-09	-2.433346e-09	-2.937528e+01	-2.704865e+02
1.570000e-06	-5.492223e-09	-2.418010e-09	-2.922009e+01	-2.689747e+02
1.580000e-06	-5.462919e-09	-2.403977e-09	-2.906418e+01	-2.674559e+02
1.590000e-06	-5.433460e-09	-2.391951e-09	-2.890745e+01	-2.659301e+02
1.600000e-06	-5.403837e-09	-2.381350e-09	-2.874985e+01	-2.643974e+02
1.610000e-06	-5.374059e-09	-2.369926e-09	-2.859142e+01	-2.628578e+02
1.620000e-06	-5.344133e-09	-2.357778e-09	-2.843221e+01	-2.613114e+02
1.630000e-06	-5.314063e-09	-2.342727e-09	-2.827223e+01	-2.597582e+02
1.640000e-06	-5.283870e-09	-2.324033e-09	-2.811159e+01	-2.581983e+02
1.650000e-06	-5.253557e-09	-2.307426e-09	-2.795032e+01	-2.566316e+02
1.660000e-06	-5.223138e-09	-2.292182e-09	-2.778848e+01	-2.550583e+02
1.670000e-06	-5.192621e-09	-2.278262e-09	-2.762612e+01	-2.534783e+02
1.680000e-06	-5.161989e-09	-2.265666e-09	-2.746315e+01	-2.518917e+02
1.690000e-06	-5.131245e-09	-2.253363e-09	-2.729959e+01	-2.502986e+02
1.700000e-06	-5.100392e-09	-2.238261e-09	-2.713544e+01	-2.486990e+02
1.710000e-06	-5.069424e-09	-2.221619e-09	-2.697068e+01	-2.470928e+02
1.720000e-06	-5.038349e-09	-2.206036e-09	-2.680535e+01	-2.454803e+02
1.730000e-06	-5.007137e-09	-2.190887e-09	-2.663930e+01	-2.438614e+02
1.740000e-06	-4.975774e-09	-2.177914e-09	-2.647244e+01	-2.422361e+02
1.750000e-06	-4.944283e-09	-2.165379e-09	-2.630490e+01	-2.406046e+02
1.760000e-06	-4.912693e-09	-2.152948e-09	-2.613683e+01	-2.389667e+02
1.770000e-06	-4.880973e-09	-2.138882e-09	-2.596807e+01	-2.373227e+02
1.780000e-06	-4.849131e-09	-2.122680e-09	-2.579866e+01	-2.356725e+02
1.790000e-06	-4.817190e-09	-2.107227e-09	-2.562873e+01	-2.340161e+02
1.800000e-06	-4.785121e-09	-2.092195e-09	-2.545811e+01	-2.323537e+02
1.810000e-06	-4.752937e-09	-2.077175e-09	-2.528689e+01	-2.306852e+02
1.820000e-06	-4.720653e-09	-2.061250e-09	-2.511512e+01	-2.290107e+02
1.830000e-06	-4.688275e-09	-2.045984e-09	-2.494287e+01	-2.273303e+02
1.840000e-06	-4.655806e-09	-2.030919e-09	-2.477012e+01	-2.256440e+02
1.850000e-06	-4.623249e-09	-2.014008e-09	-2.459691e+01	-2.239517e+02
1.860000e-06	-4.590618e-09	-1.996578e-09	-2.442330e+01	-2.222537e+02
1.870000e-06	-4.557916e-09	-1.981343e-09	-2.424932e+01	-2.205499e+02
1.880000e-06	-4.525135e-09	-1.970253e-09	-2.407492e+01	-2.188403e+02
1.890000e-06	-4.492271e-09	-1.958885e-09	-2.390007e+01	-2.171250e+02
1.900000e-06	-4.459335e-09	-1.944147e-09	-2.372484e+01	-2.154041e+02
1.910000e-06	-4.426313e-09	-1.928731e-09	-2.354916e+01	-2.136776e+02
1.920000e-06	-4.393181e-09	-1.914244e-09	-2.337289e+01	-2.119456e+02
1.930000e-06	-4.359929e-09	-1.899688e-09	-2.319598e+01	-2.102080e+02
1.940000e-06	-4.326540e-09	-1.884589e-09	-2.301834e+01	-2.084649e+02
1.950000e-06	-4.292973e-09	-1.869177e-09	-2.283976e+01	-2.067165e+02
1.960000e-06	-4.259261e-09	-1.854632e-09	-2.266040e+01	-2.049626e+02
1.970000e-06	-4.225426e-09	-1.842728e-09	-2.248039e+01	-2.032034e+02
1.980000e-06	-4.191451e-09	-1.831077e-09	-2.229963e+01	-2.014390e+02
1.990000e-06	-4.157290e-09	-1.812770e-09	-2.211789e+01	-1.996693e+02
2.000000e-06	-4.122930e-09	-1.790379e-09	-2.193508e+01	-1.978944e+02
2.010000e-06	-4.088393e-09	-1.770792e-09	-2.175134e+01	-1.961143e+02
2.020000e-06	-4.053662e-09	-1.756650e-09	-2.156656e+01	-1.943292e+02
2.030000e-06	-4.018758e-09	-1.748482e-09	-2.138086e+01	-1.925390e+02
2.040000e-06	-3.983667e-09	-1.738325e-09	-2.119417e+01	-1.907437e+02
2.050000e-06	-3.948405e-09	-1.723338e-09	-2.100656e+01	-1.889436e+02
2.060000e-06	-3.913007e-09	-1.704423e-09	-2.081824e+01	-1.871385e+02
2.070000e-06	-3.877468e-09	-1.685447e-09	-2.062916e+01	-1.853285e+02
2.080000e-06	-3.841795e-09	-1.667765e-09	-2.043937e+01	-1.835137e+02
2.090000e-06	-3.805971e-09	-1.647119e-09	-2.024878e+01	-1.816942e+02
2.100000e-06	-3.770044e-09	-1.627158e-09	-2.005764e+01	-1.798699e+02
2.110000e-06	-3.734028e-09	-1.610111e-09	-1.986602e+01	-1.780409e+02
2.120000e-06	-3.697876e-09	-1.598284e-09	-1.967368e+01	-1.762073e+02
2.130000e-06	-3.661617e-09	-1.587635e-09	-1.948078e+01	-1.743692e+02
2.140000e-06	-3.625286e-09	-1.571077e-09	-1.928749e+01	-1.725265e+02
2.150000e-06	-3.588897e-09	-1.548690e-09	-1.909388e+01	-1.706793e+02
2.160000e-06	-3.552462e-09	-1.525429e-09	-1.890004e+01	-1.688276e+02
2.170000e-06	-3.515961e-09	-1.506719e-09	-1.870585e+01	-1.669716e+02
2.180000e-06	-3.479401e-09	-1.490510e-09	-1.851134e+01	-1.651112e+02
2.190000e-06	-3.442805e-09	-1.473745e-09	-1.831664e+01	-1.632465e+02
2.200000e-06	-3.406166e-09	-1.455512e-09	-1.812171e+01	-1.613776e+02
2.210000e-06	-3.369474e-09	-1.436625e-09	-1.792650e+01	-1.595045e+02
2.220000e-06	-3.332742e-09	-1.419939e-09	-1.773107e+01	-1.576272e+02
2.230000e-06	-3.295963e-09	-1.403830e-09	-1.753540e+01	-1.557459e+02
2.240000e-06	-3.259138e-09	-1.384691e-09	-1.733948e+01	-1.538605e+02
2.250000e-06	-3.222274e-09	-1.364498e-09	-1.714335e+01	-1.519710e+02
2.260000e-06	-3.185354e-09	-1.345707e-09	-1.694693e+01	-1.500777e+02
2.270000e-06	-3.148356e-09	-1.331094e-09	-1.675009e+01	-1.481804e+02
2.280000e-06	-3.111276e-09	-1.316601e-09	-1.655281e+01	-1.462793e+02
2.290000e-06	-3.074144e-09	-1.298656e-09	-1.635526e+01	-1.443743e+02
2.300000e-06	-3.036937e-09	-1.279224e-09	-1.615731e+01	-1.424656e+02
2.310000e-06	-2.999649e-09	-1.256759e-09	-1.595893e+01	-1.405532e+02
2.320000e-06	-2.962296e-09	-1.238184e-09	-1.576020e+01	-1.386372e+02
2.330000e-06	-2.924856e-09	-1.223978e-09	-1.556101e+01	-1.367175e+02
2.340000e-06	-2.887352e-09	-1.209935e-09	-1.536148e+01	-1.347943e+02
2.350000e-06	-2.849760e-09	-1.193765e-09	-1.516148e+01	-1.328676e+02
2.360000e-06	-2.812072e-09	-1.172741e-09	-1.496097e+01	-1.309374e+02
2.370000e-06	-2.774305e-09	-1.151082e-09	-1.476004e+01	-1.290038e+02
2.380000e-06	-2.736446e-09	-1.128550e-09	-1.455862e+01	-1.270668e+02
2.390000e-06	-2.698511e-09	-1.107985e-09	-1.435679e+01	-1.251266e+02
2.400000e-06	-2.660505e-09	-1.090471e-09	-1.415459e+01	-1.231831e+02
2.410000e-06	-2.622399e-09	-1.076569e-09	-1.395185e+01	-1.212364e+02
2.420000e-06	-2.584228e-09	-1.064149e-09	-1.374878e+01	-1.192865e+02
2.430000e-06	-2.545999e-09	-1.049367e-09	-1.354539e+01	-1.173336e+02
2.440000e-06	-2.507696e-09	-1.034127e-09	-1.334160e+01	-1.153775e+02
2.450000e-06	-2.469346e-09	-1.014203e-09	-1.313757e+01	-1.134185e+02
2.460000e-06	-2.430943e-09	-9.925280e-10	-1.293326e+01	-1.114565e+02
2.470000e-06	-2.392490e-09	-9.720353e-10	-1.272868e+01	-1.094917e+02
2.480000e-06	-2.353992e-09	-9.536986e-10	-1.252386e+01	-1.075240e+02
2.490000e-06	-2.315435e-09	-9.380802e-10	-1.231872e+01	-1.055534e+02
2.500000e-06	-2.276816e-09	-9.233710e-10	-1.211326e+01	-1.035802e+02
2.510000e-06	-2.238150e-09	-9.073724e-10	-1.190755e+01	-1.016042e+02
2.520000e-06	-2.199455e-09	-8.883011e-10	-1.170168e+01	-9.962561e+01
2.530000e-06	-2.160715e-09	-8.691893e-10	-1.149557e+01	-9.764442e+01
2.540000e-06	-2.121927e-09	-8.513230e-10	-1.128921e+01	-9.566069e+01
2.550000e-06	-2.083098e-09	-8.352016e-10	-1.108263e+01	-9.367447e+01
2.560000e-06	-2.044201e-09	-8.172301e-10	-1.087569e+01	-9.168581e+01
2.570000e-06	-2.005255e-09	-7.965537e-10	-1.066849e+01	-8.969476e+01
2.580000e-06	-1.966268e-09	-7.768480e-10	-1.046106e+01	-8.770139e+01
2.590000e-06	-1.927226e-09	-7.581993e-10	-1.025335e+01	-8.570573e+01
2.600000e-06	-1.888148e-09	-7.401068e-10	-1.004544e+01	-8.370784e+01
2.610000e-06	-1.849042e-09	-7.210316e-10	-9.837391e+00	-8.170777e+01
2.620000e-06	-1.809896e-09	-7.023957e-10	-9.629125e+00	-7.970558e+01
2.630000e-06	-1.770675e-09	-6.847781e-10	-9.420458e+00	-7.770132e+01
2.640000e-06	-1.731410e-09	-6.667777e-10	-9.211558e+00	-7.569503e+01
2.650000e-06	-1.692104e-09	-6.489804e-10	-9.002440e+00	-7.368677e+01
2.660000e-06	-1.652754e-09	-6.303921e-10	-8.793087e+00	-7.167660e+01
2.670000e-06	-1.613377e-09	-6.137367e-10	-8.583593e+00	-6.966456e+01
2.680000e-06	-1.573943e-09	-5.991104e-10	-8.373790e+00	-6.765071e+01
2.690000e-06	-1.534448e-09	-5.833352e-10	-8.163666e+00	-6.563510e+01
2.700000e-06	-1.494891e-09	-5.651706e-10	-7.953212e+00	-6.361778e+01
2.710000e-06	-1.455277e-09	-5.422497e-10	-7.742458e+00	-6.159881e+01
2.720000e-06	-1.415631e-09	-5.174000e-10	-7.531529e+00	-5.957823e+01
2.730000e-06	-1.375985e-09	-4.939409e-10	-7.320604e+00	-5.755610e+01
2.740000e-06	-1.336301e-09	-4.774903e-10	-7.109474e+00	-5.553248e+01
2.750000e-06	-1.296560e-09	-4.691057e-10	-6.898041e+00	-5.350741e+01
2.760000e-06	-1.256805e-09	-4.593285e-10	-6.686533e+00	-5.148095e+01
2.770000e-06	-1.217031e-09	-4.423725e-10	-6.474923e+00	-4.945315e+01
2.780000e-06	-1.177222e-09	-4.163955e-10	-6.263130e+00	-4.742406e+01
2.790000e-06	-1.137368e-09	-3.895005e-10	-6.051097e+00	-4.539374e+01
2.800000e-06	-1.097494e-09	-3.684576e-10	-5.838958e+00	-4.336223e+01
2.810000e-06	-1.057586e-09	-3.532398e-10	-5.626634e+00	-4.132960e+01
2.820000e-06	-1.017632e-09	-3.414488e-10	-5.414069e+00	-3.929590e+01
2.830000e-06	-9.776468e-10	-3.287070e-10	-5.201338e+00	-3.726117e+01
2.840000e-06	-9.376456e-10	-3.143686e-10	-4.988521e+00	-3.522547e+01
2.850000e-06	-8.976489e-10	-2.961528e-10	-4.775728e+00	-3.318885e+01
2.860000e-06	-8.576323e-10	-2.738665e-10	-4.562829e+00	-3.115137e+01
2.870000e-06	-8.175736e-10	-2.485927e-10	-4.349705e+00	-2.911308e+01
2.880000e-06	-7.774818e-10	-2.241023e-10	-4.136406e+00	-2.707404e+01
2.890000e-06	-7.373674e-10	-2.052383e-10	-3.922987e+00	-2.503429e+01
2.900000e-06	-6.972504e-10	-1.906579e-10	-3.709554e+00	-2.299388e+01
2.910000e-06	-6.571187e-10	-1.765187e-10	-3.496043e+00	-2.095288e+01
2.920000e-06	-6.169669e-10	-1.577555e-10	-3.282424e+00	-1.891133e+01
2.930000e-06	-5.768219e-10	-1.343682e-10	-3.068842e+00	-1.686929e+01
2.940000e-06	-5.366447e-10	-1.121299e-10	-2.855088e+00	-1.482681e+01
2.950000e-06	-4.964354e-10	-9.487282e-11	-2.641164e+00	-1.278395e+01
2.960000e-06	-4.562489e-10	-8.114949e-11	-2.427361e+00	-1.074075e+01
2.970000e-06	-4.160520e-10	-6.347973e-11	-2.213503e+00	-8.697273e+00
2.980000e-06	-3.758311e-10	-4.087711e-11	-1.999516e+00	-6.653569e+00
2.990000e-06	-3.356241e-10	-1.918590e-11	-1.785604e+00	-4.609691e+00
3.000000e-06	-2.954165e-10	-2.047503e-12	-1.571689e+00	-2.565693e+00
3.010000e-06	-2.551998e-10	1.185186e-11	-1.357725e+00	-5.216278e-01
3.020000e-06	-2.149682e-10	2.817940e-11	-1.143682e+00	1.522451e+00
3.030000e-06	-1.747287e-10	4.735032e-11	-9.295970e-01	3.566491e+00
3.040000e-06	-1.344884e-10	6.654904e-11	-7.155079e-01	5.610439e+00
3.050000e-06	-9.425211e-11	8.328762e-11	-5.014401e-01	7.654241e+00
3.060000e-06	-5.401963e-11	1.000724e-10	-2.873925e-01	9.697844e+00
3.070000e-06	-1.378186e-11	1.209128e-10	-7.331692e-02	1.174120e+01
3.080000e-06	2.646091e-11	1.444085e-10	1.407854e-01	1.378424e+01
3.090000e-06	6.669916e-11	1.667769e-10	3.548638e-01	1.582693e+01
3.100000e-06	1.069359e-10	1.842323e-10	5.689339e-01	1.786921e+01
3.110000e-06	1.471572e-10	1.993772e-10	7.829221e-01	1.991102e+01
3.120000e-06	1.873611e-10	2.161883e-10	9.968179e-01	2.195231e+01
3.130000e-06	2.275732e-10	2.350503e-10	1.210757e+00	2.399304e+01
3.140000e-06	2.677791e-10	2.535810e-10	1.424664e+00	2.603314e+01
3.150000e-06	3.079816e-10	2.703889e-10	1.638551e+00	2.807256e+01
3.160000e-06	3.481877e-10	2.869726e-10	1.852459e+00	3.011126e+01
3.170000e-06	3.883887e-10	3.045157e-10	2.066339e+00	3.214917e+01
3.180000e-06	4.285699e-10	3.243475e-10	2.280114e+00	3.418624e+01
3.190000e-06	4.687359e-10	3.446818e-10	2.493808e+00	3.622243e+01
3.200000e-06	5.088814e-10	3.622999e-10	2.707393e+00	3.825767e+01
3.210000e-06	5.489947e-10	3.791774e-10	2.920806e+00	4.029192e+01
3.220000e-06	5.891031e-10	3.965189e-10	3.134194e+00	4.232513e+01
3.230000e-06	6.291971e-10	4.138950e-10	3.347504e+00	4.435723e+01
3.240000e-06	6.692984e-10	4.310727e-10	3.560854e+00	4.638818e+01
3.250000e-06	7.094059e-10	4.473901e-10	3.774236e+00	4.841792e+01
3.260000e-06	7.494739e-10	4.647080e-10	3.987409e+00	5.044640e+01
3.270000e-06	7.895180e-10	4.842328e-10	4.200454e+00	5.247357e+01
3.280000e-06	8.295398e-10	5.044632e-10	4.413381e+00	5.449938e+01
3.290000e-06	8.695252e-10	5.226200e-10	4.626113e+00	5.652377e+01
3.300000e-06	9.094929e-10	5.389058e-10	4.838752e+00	5.854669e+01
3.310000e-06	9.494475e-10	5.544553e-10	5.051322e+00	6.056809e+01
3.320000e-06	9.893699e-10	5.704748e-10	5.263719e+00	6.258791e+01
3.330000e-06	1.029252e-09	5.870968e-10	5.475905e+00	6.460610e+01
3.340000e-06	1.069106e-09	6.033546e-10	5.687934e+00	6.662262e+01
3.350000e-06	1.108942e-09	6.205565e-10	5.899875e+00	6.863740e+01
3.360000e-06	1.148758e-09	6.399172e-10	6.111708e+00	7.065039e+01
3.370000e-06	1.188548e-09	6.612234e-10	6.323399e+00	7.266155e+01
3.380000e-06	1.228281e-09	6.817251e-10	6.534790e+00	7.467082e+01
3.390000e-06	1.267985e-09	6.995809e-10	6.746027e+00	7.667815e+01
3.400000e-06	1.307675e-09	7.159937e-10	6.957189e+00	7.868348e+01
3.410000e-06	1.347299e-09	7.330443e-10	7.167997e+00	8.068677e+01
3.420000e-06	1.386867e-09	7.506556e-10	7.378510e+00	8.268796e+01
3.430000e-06	1.426420e-09	7.679214e-10	7.588941e+00	8.468700e+01
3.440000e-06	1.465952e-09	7.834102e-10	7.799261e+00	8.668383e+01
3.450000e-06	1.505438e-09	7.973322e-10	8.009337e+00	8.867841e+01
3.460000e-06	1.544846e-09	8.147492e-10	8.218998e+00	9.067069e+01
3.470000e-06	1.584189e-09	8.360821e-10	8.428313e+00	9.266061e+01
3.480000e-06	1.623476e-09	8.602922e-10	8.637331e+00	9.464811e+01
3.490000e-06	1.662730e-09	8.827714e-10	8.846176e+00	9.663316e+01
3.500000e-06	1.701966e-09	8.986211e-10	9.054918e+00	9.861569e+01
3.510000e-06	1.741138e-09	9.130101e-10	9.263322e+00	1.005957e+02
3.520000e-06	1.780262e-09	9.272665e-10	9.471473e+00	1.025730e+02
3.530000e-06	1.819338e-09	9.418417e-10	9.679368e+00	1.045477e+02
3.540000e-06	1.858372e-09	9.568944e-10	9.887042e+00	1.065197e+02
3.550000e-06	1.897402e-09	9.725461e-10	1.009469e+01	1.084889e+02
3.560000e-06	1.936395e-09	9.918705e-10	1.030214e+01	1.104552e+02
3.570000e-06	1.975313e-09	1.012799e-09	1.050920e+01	1.124187e+02
3.580000e-06	2.014178e-09	1.035241e-09	1.071597e+01	1.143793e+02
3.590000e-06	2.052996e-09	1.055116e-09	1.092249e+01	1.163369e+02
3.600000e-06	2.091758e-09	1.070772e-09	1.112872e+01	1.182915e+02
3.610000e-06	2.130485e-09	1.084187e-09	1.133475e+01	1.202430e+02
3.620000e-06	2.169180e-09	1.096019e-09	1.154062e+01	1.221913e+02
3.630000e-06	2.207844e-09	1.109586e-09	1.174633e+01	1.241365e+02
3.640000e-06	2.246462e-09	1.125354e-09	1.195179e+01	1.260785e+02
3.650000e-06	2.285010e-09	1.145537e-09	1.215687e+01	1.280172e+02
3.660000e-06	2.323494e-09	1.168377e-09	1.236162e+01	1.299525e+02
3.670000e-06	2.361923e-09	1.190182e-09	1.256607e+01	1.318845e+02
3.680000e-06	2.400290e-09	1.207805e-09	1.277019e+01	1.338131e+02
3.690000e-06	2.438597e-09	1.221415e-09	1.297399e+01	1.357381e+02
3.700000e-06	2.476864e-09	1.234199e-09	1.317758e+01	1.376597e+02
3.710000e-06	2.515054e-09	1.246559e-09	1.338076e+01	1.395776e+02
3.720000e-06	2.553160e-09	1.261619e-09	1.358350e+01	1.414920e+02
3.730000e-06	2.591214e-09	1.280183e-09	1.378596e+01	1.434026e+02
3.740000e-06	2.629182e-09	1.299294e-09	1.398796e+01	1.453095e+02
3.750000e-06	2.667062e-09	1.317320e-09	1.418949e+01	1.472126e+02
3.760000e-06	2.704890e-09	1.334307e-09	1.439074e+01	1.491120e+02
3.770000e-06	2.742635e-09	1.350415e-09	1.459155e+01	1.510074e+02
3.780000e-06	2.780288e-09	1.365889e-09	1.479188e+01	1.528989e+02
3.790000e-06	2.817857e-09	1.380572e-09	1.499176e+01	1.547864e+02
3.800000e-06	2.855346e-09	1.396372e-09	1.519121e+01	1.566699e+02
3.810000e-06	2.892760e-09	1.413963e-09	1.539026e+01	1.585493e+02
3.820000e-06	2.930090e-09	1.430749e-09	1.558886e+01	1.604246e+02
3.830000e-06	2.967339e-09	1.446246e-09	1.578704e+01	1.622958e+02
3.840000e-06	3.004500e-09	1.460309e-09	1.598474e+01	1.641627e+02
3.850000e-06	3.041602e-09	1.475119e-09	1.618214e+01	1.660253e+02
3.860000e-06	3.078634e-09	1.491178e-09	1.637916e+01	1.678836e+02
3.870000e-06	3.115588e-09	1.506778e-09	1.657577e+01	1.697376e+02
3.880000e-06	3.152489e-09	1.522375e-09	1.677209e+01	1.715871e+02
3.890000e-06	3.189333e-09	1.537678e-09	1.696811e+01	1.734322e+02
3.900000e-06	3.226127e-09	1.553124e-09	1.716386e+01	1.752727e+02
3.910000e-06	3.262878e-09	1.567730e-09	1.735939e+01	1.771087e+02
3.920000e-06	3.299606e-09	1.583033e-09	1.755479e+01	1.789401e+02
3.930000e-06	3.336297e-09	1.598554e-09	1.774999e+01	1.807669e+02
3.940000e-06	3.372930e-09	1.614511e-09	1.794490e+01	1.825889e+02
3.950000e-06	3.409519e-09	1.631665e-09	1.813956e+01	1.844062e+02
3.960000e-06	3.446069e-09	1.647746e-09	1.833401e+01	1.862187e+02
3.970000e-06	3.482585e-09	1.664679e-09	1.852829e+01	1.880264e+02
3.980000e-06	3.519054e-09	1.680347e-09	1.872231e+01	1.898291e+02
3.990000e-06	3.555460e-09	1.694428e-09	1.891600e+01	1.916270e+02
4.000000e-06	3.591791e-09	1.710029e-09	1.910929e+01	1.934198e+02
4.010000e-06	3.628041e-09	1.727462e-09	1.930215e+01	1.952076e+02
4.020000e-06	3.664223e-09	1.744303e-09	1.949465e+01	1.969903e+02
4.030000e-06	3.700328e-09	1.758539e-09	1.968674e+01	1.987680e+02
4.040000e-06	3.736321e-09	1.772233e-09	1.987823e+01	2.005404e+02
4.050000e-06	3.772194e-09	1.786771e-09	2.006909e+01	2.023076e+02
4.060000e-06	3.807959e-09	1.802664e-09	2.025936e+01	2.040696e+02
4.070000e-06	3.843570e-09	1.819055e-09	2.044882e+01	2.058262e+02
4.080000e-06	3.879024e-09	1.835526e-09	2.063745e+01	2.075775e+02
4.090000e-06	3.914335e-09	1.851118e-09	2.082531e+01	2.093234e+02
4.100000e-06	3.949473e-09	1.865193e-09	2.101226e+01	2.110639e+02
4.110000e-06	3.984429e-09	1.879514e-09	2.119823e+01	2.127989e+02
4.120000e-06	4.019192e-09	1.893308e-09	2.138318e+01	2.145283e+02
4.130000e-06	4.053770e-09	1.908798e-09	2.156714e+01	2.162521e+02
4.140000e-06	4.088171e-09	1.927208e-09	2.175017e+01	2.179704e+02
4.150000e-06	4.122402e-09	1.944578e-09	2.193228e+01	2.196829e+02
4.160000e-06	4.156465e-09	1.959612e-09	2.211351e+01	2.213898e+02
4.170000e-06	4.190349e-09	1.971340e-09	2.229378e+01	2.230909e+02
4.180000e-06	4.224084e-09	1.982854e-09	2.247326e+01	2.247861e+02
4.190000e-06	4.257682e-09	1.996938e-09	2.265201e+01	2.264756e+02
4.200000e-06	4.291150e-09	2.014148e-09	2.283007e+01	2.281591e+02
4.210000e-06	4.324473e-09	2.032492e-09	2.300735e+01	2.298367e+02
4.220000e-06	4.357655e-09	2.050228e-09	2.318389e+01	2.315084e+02
4.230000e-06	4.390737e-09	2.068357e-09	2.335990e+01	2.331740e+02
4.240000e-06	4.423717e-09	2.082137e-09	2.353536e+01	2.348335e+02
4.250000e-06	4.456590e-09	2.090865e-09	2.371025e+01	2.364870e+02
4.260000e-06	4.489376e-09	2.096157e-09	2.388468e+01	2.381342e+02
4.270000e-06	4.522109e-09	2.105122e-09	2.405883e+01	2.397753e+02
4.280000e-06	4.554788e-09	2.122390e-09	2.423269e+01	2.414102e+02
4.290000e-06	4.587397e-09	2.143746e-09	2.440618e+01	2.430388e+02
4.300000e-06	4.619943e-09	2.164161e-09	2.457934e+01	2.446610e+02
4.310000e-06	4.652431e-09	2.179885e-09	2.475218e+01	2.462769e+02
4.320000e-06	4.684839e-09	2.192109e-09	2.492460e+01	2.478864e+02
4.330000e-06	4.717163e-09	2.202054e-09	2.509657e+01	2.494895e+02
4.340000e-06	4.749402e-09	2.211716e-09	2.526809e+01	2.510860e+02
4.350000e-06	4.781521e-09	2.221579e-09	2.543897e+01	2.526760e+02
4.360000e-06	4.813493e-09	2.233674e-09	2.560907e+01	2.542595e+02
4.370000e-06	4.845328e-09	2.249687e-09	2.577844e+01	2.558363e+02
4.380000e-06	4.877018e-09	2.267351e-09	2.594704e+01	2.574065e+02
4.390000e-06	4.908554e-09	2.285385e-09	2.611482e+01	2.589700e+02
4.400000e-06	4.939943e-09	2.302184e-09	2.628182e+01	2.605267e+02
4.410000e-06	4.971175e-09	2.316542e-09	2.644798e+01	2.620767e+02
4.420000e-06	5.002271e-09	2.328736e-09	2.661342e+01	2.636198e+02
4.430000e-06	5.033260e-09	2.338732e-09	2.677829e+01	2.651561e+02
4.440000e-06	5.064141e-09	2.346249e-09	2.694258e+01	2.666855e+02
4.450000e-06	5.094927e-09	2.352682e-09	2.710638e+01	2.682080e+02
4.460000e-06	5.125624e-09	2.361251e-09	2.726969e+01	2.697235e+02
4.470000e-06	5.156220e-09	2.375936e-09	2.743247e+01	2.712320e+02
4.480000e-06	5.186721e-09	2.395284e-09	2.759474e+01	2.727334e+02
4.490000e-06	5.217117e-09	2.413556e-09	2.775646e+01	2.742277e+02
4.500000e-06	5.247381e-09	2.428687e-09	2.791747e+01	2.757149e+02
4.510000e-06	5.277525e-09	2.439538e-09	2.807785e+01	2.771949e+02
4.520000e-06	5.307554e-09	2.448615e-09	2.823761e+01	2.786677e+02
4.530000e-06	5.337445e-09	2.458209e-09	2.839664e+01	2.801333e+02
4.540000e-06	5.367172e-09	2.466395e-09	2.855479e+01	2.815916e+02
4.550000e-06	5.396731e-09	2.473571e-09	2.871205e+01	2.830425e+02
4.560000e-06	5.426137e-09	2.483436e-09	2.886850e+01	2.844861e+02
4.570000e-06	5.455402e-09	2.499119e-09	2.902420e+01	2.859223e+02
4.580000e-06	5.484538e-09	2.517440e-09	2.917921e+01	2.873511e+02
4.590000e-06	5.513538e-09	2.533134e-09	2.933350e+01	2.887724e+02
4.600000e-06	5.542428e-09	2.543153e-09	2.948720e+01	2.901861e+02
4.610000e-06	5.571245e-09	2.548915e-09	2.964051e+01	2.915923e+02
4.620000e-06	5.599983e-09	2.555509e-09	2.979341e+01	2.929910e+02
4.630000e-06	5.628653e-09	2.566583e-09	2.994594e+01	2.943820e+02
4.640000e-06	5.657267e-09	2.579977e-09	3.009818e+01	2.957654e+02
4.650000e-06	5.685805e-09	2.591234e-09	3.025001e+01	2.971410e+02
4.660000e-06	5.714261e-09	2.599796e-09	3.040140e+01	2.985090e+02
4.670000e-06	5.742621e-09	2.609103e-09	3.055229e+01	2.998691e+02
4.680000e-06	5.770865e-09	2.622520e-09	3.070255e+01	3.012215e+02
4.690000e-06	5.798959e-09	2.637036e-09	3.085202e+01	3.025660e+02
4.700000e-06	5.826889e-09	2.648904e-09	3.100061e+01	3.039027e+02
4.710000e-06	5.854622e-09	2.658757e-09	3.114816e+01	3.052315e+02
4.720000e-06	5.882101e-09	2.670236e-09	3.129436e+01	3.065523e+02
4.730000e-06	5.909325e-09	2.684105e-09	3.143919e+01	3.078651e+02
4.740000e-06	5.936282e-09	2.696154e-09	3.158261e+01	3.091700e+02
4.750000e-06	5.962973e-09	2.703020e-09	3.172461e+01	3.104668e+02
4.760000e-06	5.989405e-09	2.707359e-09	3.186524e+01	3.117555e+02
4.770000e-06	6.015536e-09	2.717211e-09	3.200426e+01	3.130361e+02
4.780000e-06	6.041419e-09	2.733404e-09	3.214196e+01	3.143086e+02
4.790000e-06	6.067094e-09	2.749358e-09	3.227857e+01	3.155729e+02
4.800000e-06	6.092571e-09	2.760552e-09	3.241411e+01	3.168290e+02
4.810000e-06	6.117858e-09	2.768649e-09	3.254864e+01	3.180769e+02
4.820000e-06	6.142950e-09	2.777618e-09	3.268214e+01	3.193164e+02
4.830000e-06	6.167916e-09	2.787430e-09	3.281497e+01	3.205477e+02
4.840000e-06	6.192770e-09	2.796870e-09	3.294719e+01	3.217706e+02
4.850000e-06	6.217504e-09	2.804552e-09	3.307878e+01	3.229852e+02
4.860000e-06	6.242139e-09	2.811881e-09	3.320985e+01	3.241914e+02
4.870000e-06	6.266677e-09	2.822420e-09	3.334040e+01	3.253891e+02
4.880000e-06	6.291120e-09	2.835814e-09	3.347044e+01	3.265784e+02
4.890000e-06	6.315451e-09	2.849190e-09	3.359989e+01	3.277591e+02
4.900000e-06	6.339634e-09	2.859810e-09	3.372855e+01	3.289314e+02
4.910000e-06	6.363622e-09	2.869136e-09	3.385617e+01	3.300951e+02
4.920000e-06	6.387422e-09	2.878667e-09	3.398280e+01	3.312502e+02
4.930000e-06	6.411047e-09	2.889261e-09	3.410848e+01	3.323967e+02
4.940000e-06	6.434487e-09	2.900207e-09	3.423319e+01	3.335345e+02
4.950000e-06	6.457753e-09	2.907232e-09	3.435697e+01	3.346637e+02
4.960000e-06	6.480840e-09	2.912337e-09	3.447980e+01	3.357841e+02
4.970000e-06	6.503774e-09	2.919149e-09	3.460182e+01	3.368959e+02
4.980000e-06	6.526572e-09	2.928625e-09	3.472311e+01	3.379988e+02
4.990000e-06	6.549243e-09	2.940133e-09	3.484372e+01	3.390930e+02
5.000000e-06	6.571787e-09	2.952051e-09	3.496366e+01	3.401784e+02
5.010000e-06	6.594190e-09	2.964705e-09	3.508285e+01	3.412549e+02
5.020000e-06	6.616436e-09	2.975946e-09	3.520121e+01	3.423225e+02
5.030000e-06	6.638511e-09	2.983734e-09	3.531865e+01	3.433812e+02
5.040000e-06	6.660422e-09	2.988243e-09	3.543523e+01	3.444310e+02
5.050000e-06	6.682160e-09	2.991983e-09	3.555088e+01	3.454719e+02
5.060000e-06	6.703678e-09	2.998664e-09	3.566536e+01	3.465037e+02
5.070000e-06	6.724980e-09	3.008355e-09	3.577869e+01	3.475266e+02
5.080000e-06	6.746119e-09	3.018680e-09	3.589116e+01	3.485404e+02
5.090000e-06	6.767125e-09	3.028839e-09	3.600292e+01	3.495451e+02
5.100000e-06	6.787991e-09	3.039550e-09	3.611393e+01	3.505407e+02
5.110000e-06	6.808751e-09	3.049282e-09	3.622437e+01	3.515273e+02
5.120000e-06	6.829433e-09	3.056690e-09	3.633441e+01	3.525046e+02
5.130000e-06	6.850041e-09	3.060939e-09	3.644405e+01	3.534729e+02
5.140000e-06	6.870578e-09	3.063927e-09	3.655331e+01	3.544319e+02
5.150000e-06	6.891022e-09	3.068381e-09	3.666208e+01	3.553817e+02
5.160000e-06	6.911360e-09	3.075552e-09	3.677028e+01	3.563222e+02
5.170000e-06	6.931561e-09	3.085970e-09	3.687776e+01	3.572535e+02
5.180000e-06	6.951569e-09	3.097023e-09	3.698421e+01	3.581755e+02
5.190000e-06	6.971376e-09	3.105582e-09	3.708958e+01	3.590882e+02
5.200000e-06	6.990968e-09	3.111155e-09	3.719382e+01	3.599915e+02
5.210000e-06	7.010319e-09	3.117018e-09	3.729677e+01	3.608855e+02
5.220000e-06	7.029442e-09	3.124774e-09	3.739851e+01	3.617701e+02
5.230000e-06	7.048364e-09	3.132850e-09	3.749918e+01	3.626453e+02
5.240000e-06	7.067085e-09	3.140776e-09	3.759878e+01	3.635110e+02
5.250000e-06	7.085631e-09	3.147281e-09	3.769745e+01	3.643673e+02
5.260000e-06	7.104045e-09	3.155201e-09	3.779542e+01	3.652141e+02
5.270000e-06	7.122326e-09	3.164840e-09	3.789268e+01	3.660514e+02
5.280000e-06	7.140475e-09	3.171983e-09	3.798924e+01	3.668792e+02
5.290000e-06	7.158509e-09	3.177099e-09	3.808518e+01	3.676975e+02
5.300000e-06	7.176436e-09	3.179386e-09	3.818056e+01	3.685061e+02
5.310000e-06	7.194244e-09	3.184565e-09	3.827530e+01	3.693052e+02
5.320000e-06	7.211898e-09	3.191628e-09	3.836923e+01	3.700947e+02
5.330000e-06	7.229397e-09	3.199899e-09	3.846233e+01	3.708746e+02
5.340000e-06	7.246720e-09	3.210002e-09	3.855449e+01	3.716448e+02
5.350000e-06	7.263811e-09	3.216744e-09	3.864542e+01	3.724054e+02
5.360000e-06	7.280662e-09	3.223358e-09	3.873507e+01	3.731562e+02
5.370000e-06	7.297284e-09	3.226637e-09	3.882350e+01	3.738974e+02
5.380000e-06	7.313614e-09	3.227749e-09	3.891038e+01	3.746288e+02
5.390000e-06	7.329605e-09	3.228567e-09	3.899546e+01	3.753505e+02
5.400000e-06	7.345321e-09	3.233912e-09	3.907907e+01	3.760625e+02
5.410000e-06	7.360784e-09	3.246792e-09	3.916134e+01	3.767646e+02
5.420000e-06	7.376014e-09	3.262041e-09	3.924237e+01	3.774570e+02
5.430000e-06	7.391047e-09	3.274621e-09	3.932235e+01	3.781395e+02
5.440000e-06	7.405889e-09	3.277572e-09	3.940131e+01	3.788122e+02
5.450000e-06	7.420545e-09	3.276565e-09	3.947928e+01	3.794750e+02
5.460000e-06	7.435007e-09	3.275101e-09	3.955622e+01	3.801280e+02
5.470000e-06	7.449267e-09	3.277114e-09	3.963209e+01	3.807711e+02
5.480000e-06	7.463329e-09	3.284077e-09	3.970691e+01	3.814043e+02
5.490000e-06	7.477171e-09	3.295469e-09	3.978055e+01	3.820275e+02
5.500000e-06	7.490792e-09	3.309870e-09	3.985301e+01	3.826408e+02
5.510000e-06	7.504202e-09	3.320657e-09	3.992436e+01	3.832442e+02
5.520000e-06	7.517384e-09	3.326813e-09	3.999449e+01	3.838376e+02
5.530000e-06	7.530373e-09	3.325567e-09	4.006360e+01	3.844210e+02
5.540000e-06	7.543201e-09	3.322755e-09	4.013184e+01	3.849944e+02
5.550000e-06	7.555877e-09	3.324046e-09	4.019928e+01	3.855578e+02
5.560000e-06	7.568389e-09	3.331837e-09	4.026585e+01	3.861112e+02
5.570000e-06	7.580729e-09	3.341813e-09	4.033150e+01	3.866545e+02
5.580000e-06	7.592898e-09	3.348852e-09	4.039624e+01	3.871878e+02
5.590000e-06	7.604828e-09	3.354505e-09	4.045972e+01	3.877110e+02
5.600000e-06	7.616474e-09	3.358679e-09	4.052168e+01	3.882241e+02
5.610000e-06	7.627806e-09	3.363865e-09	4.058197e+01	3.887272e+02
5.620000e-06	7.638810e-09	3.365390e-09	4.064051e+01	3.892201e+02
5.630000e-06	7.649522e-09	3.365145e-09	4.069750e+01	3.897029e+02
5.640000e-06	7.659908e-09	3.366558e-09	4.075276e+01	3.901755e+02
5.650000e-06	7.669943e-09	3.371188e-09	4.080614e+01	3.906380e+02
5.660000e-06	7.679671e-09	3.378772e-09	4.085790e+01	3.910903e+02
5.670000e-06	7.689129e-09	3.384681e-09	4.090822e+01	3.915325e+02
5.680000e-06	7.698354e-09	3.389155e-09	4.095730e+01	3.919645e+02
5.690000e-06	7.707383e-09	3.392563e-09	4.100533e+01	3.923863e+02
5.700000e-06	7.716257e-09	3.398010e-09	4.105255e+01	3.927979e+02
5.710000e-06	7.725015e-09	3.401983e-09	4.109914e+01	3.931992e+02
5.720000e-06	7.733664e-09	3.403313e-09	4.114516e+01	3.935904e+02
5.730000e-06	7.742205e-09	3.403055e-09	4.119060e+01	3.939713e+02
5.740000e-06	7.750627e-09	3.402200e-09	4.123541e+01	3.943419e+02
5.750000e-06	7.758914e-09	3.404509e-09	4.127949e+01	3.947023e+02
5.760000e-06	7.767021e-09	3.408119e-09	4.132263e+01	3.950524e+02
5.770000e-06	7.774928e-09	3.411651e-09	4.136469e+01	3.953923e+02
5.780000e-06	7.782636e-09	3.413727e-09	4.140571e+01	3.957219e+02
5.790000e-06	7.790124e-09	3.417325e-09	4.144554e+01	3.960411e+02
5.800000e-06	7.797374e-09	3.422023e-09	4.148411e+01	3.963501e+02
5.810000e-06	7.804397e-09	3.424382e-09	4.152148e+01	3.966488e+02
5.820000e-06	7.811244e-09	3.423413e-09	4.155790e+01	3.969371e+02
5.830000e-06	7.817939e-09	3.419195e-09	4.159352e+01	3.972151e+02
5.840000e-06	7.824450e-09	3.418094e-09	4.162817e+01	3.974828e+02
5.850000e-06	7.830769e-09	3.421416e-09	4.166179e+01	3.977402e+02
5.860000e-06	7.836896e-09	3.427903e-09	4.169438e+01	3.979872e+02
5.870000e-06	7.842784e-09	3.433691e-09	4.172571e+01	3.982238e+02
5.880000e-06	7.848410e-09	3.436158e-09	4.175564e+01	3.984501e+02
5.890000e-06	7.853834e-09	3.436927e-09	4.178449e+01	3.986661e+02
5.900000e-06	7.859094e-09	3.433752e-09	4.181248e+01	3.988716e+02
5.910000e-06	7.864158e-09	3.428264e-09	4.183942e+01	3.990668e+02
5.920000e-06	7.869054e-09	3.421986e-09	4.186547e+01	3.992516e+02
5.930000e-06	7.873836e-09	3.421266e-09	4.189091e+01	3.994261e+02
5.940000e-06	7.878526e-09	3.429733e-09	4.191586e+01	3.995901e+02
5.950000e-06	7.883118e-09	3.441348e-09	4.194029e+01	3.997437e+02
5.960000e-06	7.887585e-09	3.450156e-09	4.196406e+01	3.998870e+02
5.970000e-06	7.891921e-09	3.452128e-09	4.198713e+01	4.000198e+02
5.980000e-06	7.896101e-09	3.449289e-09	4.200937e+01	4.001423e+02
5.990000e-06	7.900064e-09	3.442757e-09	4.203045e+01	4.002543e+02
6.000000e-06	7.903775e-09	3.435526e-09	4.205020e+01	4.003559e+02
6.010000e-06	7.907219e-09	3.430693e-09	4.206852e+01	4.004471e+02
6.020000e-06	7.910352e-09	3.431468e-09	4.208519e+01	4.005279e+02
6.030000e-06	7.913136e-09	3.438148e-09	4.210000e+01	4.005983e+02
6.040000e-06	7.915594e-09	3.446036e-09	4.211308e+01	4.006582e+02
6.050000e-06	7.917767e-09	3.451846e-09	4.212464e+01	4.007077e+02
6.060000e-06	7.919612e-09	3.451452e-09	4.213445e+01	4.007469e+02
6.070000e-06	7.921144e-09	3.444791e-09	4.214260e+01	4.007755e+02
6.080000e-06	7.922439e-09	3.435024e-09	4.214949e+01	4.007938e+02
6.090000e-06	7.923539e-09	3.427299e-09	4.215534e+01	4.008016e+02
6.100000e-06	7.924467e-09	3.425819e-09	4.216028e+01	4.007990e+02
6.110000e-06	7.925279e-09	3.430575e-09	4.216460e+01	4.007860e+02
6.120000e-06	7.925984e-09	3.436033e-09	4.216835e+01	4.007626e+02
6.130000e-06	7.926557e-09	3.438019e-09	4.217140e+01	4.007287e+02
6.140000e-06	7.927007e-09	3.438740e-09	4.217380e+01	4.006844e+02
6.150000e-06	7.927321e-09	3.438381e-09	4.217546e+01	4.006297e+02
6.160000e-06	7.927463e-09	3.436001e-09	4.217622e+01	4.005646e+02
6.170000e-06	7.927414e-09	3.429311e-09	4.217596e+01	4.004890e+02
6.180000e-06	7.927129e-09	3.408795e-09	4.217444e+01	4.004031e+02
6.190000e-06	7.926602e-09	3.368135e-09	4.217164e+01	4.003067e+02
6.200000e-06	7.925891e-09	3.339520e-09	4.216786e+01	4.001999e+02
6.210000e-06	7.924999e-09	3.390156e-09	4.216312e+01	4.000827e+02
6.220000e-06	7.923949e-09	3.535159e-09	4.215753e+01	3.999551e+02
6.230000e-06	7.922764e-09	3.695571e-09	4.215122e+01	3.998170e+02
6.240000e-06	7.921388e-09	3.630061e-09	4.214390e+01	3.996686e+02
6.250000e-06	7.919745e-09	3.321771e-09	4.213516e+01	3.995098e+02
6.260000e-06	7.917814e-09	3.293624e-09	4.212489e+01	3.993406e+02
6.270000e-06	7.915605e-09	3.219988e-09	4.211313e+01	3.991610e+02
6.280000e-06	7.913167e-09	3.075364e-09	4.210017e+01	3.989711e+02
6.290000e-06	7.910570e-09	3.269420e-09	4.208635e+01	3.987707e+02
6.300000e-06	7.907859e-09	3.477540e-09	4.207193e+01	3.985600e+02
6.310000e-06	7.905053e-09	3.692655e-09	4.205700e+01	3.983389e+02
6.320000e-06	7.902145e-09	3.617587e-09	4.204153e+01	3.981075e+02
6.330000e-06	7.899100e-09	3.430221e-09	4.202532e+01	3.978657e+02
6.340000e-06	7.895895e-09	3.246449e-09	4.200827e+01	3.976135e+02
6.350000e-06	7.892505e-09	3.093904e-09	4.199024e+01	3.973510e+02
6.360000e-06	7.888966e-09	3.283660e-09	4.197141e+01	3.970782e+02
6.370000e-06	7.885337e-09	3.464074e-09	4.195210e+01	3.967950e+02
6.380000e-06	7.881575e-09	3.527188e-09	4.193208e+01	3.965015e+02
6.390000e-06	7.877616e-09	3.447419e-09	4.191102e+01	3.961978e+02
6.400000e-06	7.873392e-09	3.524831e-09	4.188855e+01	3.958837e+02
6.410000e-06	7.868871e-09	3.482652e-09	4.186450e+01	3.955593e+02
6.420000e-06	7.864008e-09	3.139135e-09	4.183862e+01	3.952246e+02
6.430000e-06	7.858827e-09	3.119162e-09	4.181106e+01	3.948796e+02
6.440000e-06	7.853351e-09	3.453367e-09	4.178193e+01	3.945244e+02
6.450000e-06	7.847570e-09	3.674814e-09	4.175117e+01	3.941589e+02
6.460000e-06	7.841520e-09	3.461191e-09	4.171898e+01	3.937831e+02
6.470000e-06	7.835187e-09	3.338923e-09	4.168529e+01	3.933971e+02
6.480000e-06	7.828599e-09	3.389550e-09	4.165024e+01	3.930009e+02
6.490000e-06	7.821778e-09	3.306052e-09	4.161395e+01	3.925945e+02
6.500000e-06	7.814773e-09	3.220002e-09	4.157668e+01	3.921778e+02
6.510000e-06	7.807618e-09	3.340719e-09	4.153861e+01	3.917509e+02
6.520000e-06	7.800305e-09	3.498414e-09	4.149970e+01	3.913139e+02
6.530000e-06	7.792872e-09	3.415202e-09	4.146016e+01	3.908667e+02
6.540000e-06	7.785302e-09	3.388844e-09	4.141989e+01	3.904093e+02
6.550000e-06	7.777574e-09	3.419370e-09	4.137877e+01	3.899417e+02
6.560000e-06	7.769656e-09	3.288880e-09	4.133664e+01	3.894640e+02
6.570000e-06	7.761530e-09	3.169738e-09	4.129341e+01	3.889762e+02
6.580000e-06	7.753203e-09	3.296672e-09	4.124911e+01	3.884783e+02
6.590000e-06	7.744687e-09	3.454746e-09	4.120380e+01	3.879702e+02
6.600000e-06	7.735972e-09	3.395671e-09	4.115744e+01	3.874521e+02
6.610000e-06	7.727045e-09	3.349726e-09	4.110994e+01	3.869239e+02
6.620000e-06	7.717949e-09	3.330471e-09	4.106155e+01	3.863856e+02
6.630000e-06	7.708694e-09	3.251911e-09	4.101231e+01	3.858373e+02
6.640000e-06	7.699271e-09	3.233250e-09	4.096218e+01	3.852789e+02
6.650000e-06	7.689659e-09	3.333907e-09	4.091104e+01	3.847105e+02
6.660000e-06	7.679847e-09	3.361940e-09	4.085884e+01	3.841321e+02
6.670000e-06	7.669826e-09	3.296176e-09	4.080552e+01	3.835438e+02
6.680000e-06	7.659600e-09	3.305558e-09	4.075112e+01	3.829454e+02
6.690000e-06	7.649133e-09	3.300694e-09	4.069543e+01	3.823371e+02
6.700000e-06	7.638429e-09	3.258647e-09	4.063848e+01	3.817188e+02
6.710000e-06	7.627535e-09	3.247675e-09	4.058052e+01	3.810906e+02
6.720000e-06	7.616443e-09	3.259383e-09	4.052151e+01	3.804525e+02
6.730000e-06	7.605191e-09	3.254460e-09	4.046165e+01	3.798045e+02
6.740000e-06	7.593736e-09	3.289856e-09	4.040070e+01	3.791466e+02
6.750000e-06	7.582077e-09	3.316914e-09	4.033867e+01	3.784789e+02
6.760000e-06	7.570244e-09	3.247811e-09	4.027572e+01	3.778013e+02
6.770000e-06	7.558188e-09	3.191270e-09	4.021158e+01	3.771139e+02
6.780000e-06	7.545892e-09	3.188855e-09	4.014616e+01	3.764167e+02
6.790000e-06	7.533290e-09	3.220034e-09	4.007911e+01	3.757097e+02
6.800000e-06	7.520317e-09	3.254138e-09	4.001010e+01	3.749929e+02
6.810000e-06	7.506982e-09	3.260947e-09	3.993915e+01	3.742663e+02
6.820000e-06	7.493330e-09	3.219689e-09	3.986652e+01	3.735301e+02
6.830000e-06	7.479395e-09	3.193296e-09	3.979238e+01	3.727841e+02
6.840000e-06	7.465160e-09	3.200869e-09	3.971665e+01	3.720284e+02
6.850000e-06	7.450648e-09	3.183689e-09	3.963944e+01	3.712630e+02
6.860000e-06	7.435882e-09	3.179307e-09	3.956088e+01	3.704880e+02
6.870000e-06	7.420890e-09	3.176147e-09	3.948112e+01	3.697033e+02
6.880000e-06	7.405754e-09	3.167758e-09	3.940059e+01	3.689091e+02
6.890000e-06	7.390506e-09	3.175603e-09	3.931947e+01	3.681052e+02
6.900000e-06	7.375151e-09	3.181253e-09	3.923777e+01	3.672917e+02
6.910000e-06	7.359694e-09	3.149996e-09	3.915554e+01	3.664688e+02
6.920000e-06	7.344115e-09	3.117094e-09	3.907265e+01	3.656362e+02
6.930000e-06	7.328383e-09	3.122117e-09	3.898895e+01	3.647942e+02
6.940000e-06	7.312482e-09	3.129343e-09	3.890435e+01	3.639427e+02
6.950000e-06	7.296373e-09	3.138473e-09	3.881865e+01	3.630817e+02
6.960000e-06	7.280040e-09	3.125114e-09	3.873176e+01	3.622112e+02
6.970000e-06	7.263508e-09	3.092237e-09	3.864380e+01	3.613314e+02
6.980000e-06	7.246795e-09	3.076214e-09	3.855488e+01	3.604421e+02
6.990000e-06	7.229910e-09	3.081349e-09	3.846505e+01	3.595435e+02
7.000000e-06	7.212846e-09	3.086574e-09	3.837427e+01	3.586355e+02
7.010000e-06	7.195629e-09	3.077916e-09	3.828267e+01	3.577182e+02
7.020000e-06	7.178286e-09	3.064819e-09	3.819040e+01	3.567916e+02
7.030000e-06	7.160788e-09	3.049212e-09	3.809730e+01	3.558557e+02
7.040000e-06	7.143138e-09	3.048790e-09	3.800340e+01	3.549105e+02
7.050000e-06	7.125307e-09	3.042359e-09	3.790853e+01	3.539561e+02
7.060000e-06	7.107270e-09	3.022222e-09	3.781257e+01	3.529925e+02
7.070000e-06	7.089040e-09	3.008263e-09	3.771558e+01	3.520197e+02
7.080000e-06	7.070597e-09	3.003806e-09	3.761746e+01	3.510378e+02
7.090000e-06	7.051970e-09	3.006831e-09	3.751836e+01	3.500467e+02
7.100000e-06	7.033183e-09	3.000257e-09	3.741841e+01	3.490466e+02
7.110000e-06	7.014238e-09	2.983067e-09	3.731762e+01	3.480373e+02
7.120000e-06	6.995157e-09	2.961190e-09	3.721610e+01	3.470190e+02
7.130000e-06	6.975964e-09	2.950237e-09	3.711399e+01	3.459917e+02
7.140000e-06	6.956685e-09	2.949069e-09	3.701142e+01	3.449554e+02
7.150000e-06	6.937316e-09	2.947460e-09	3.690837e+01	3.439101e+02
7.160000e-06	6.917849e-09	2.937565e-09	3.680480e+01	3.428559e+02
7.170000e-06	6.898284e-09	2.918537e-09	3.670071e+01	3.417927e+02
7.180000e-06	6.878575e-09	2.907937e-09	3.659585e+01	3.407206e+02
7.190000e-06	6.858685e-09	2.903069e-09	3.649004e+01	3.396397e+02
7.200000e-06	6.838606e-09	2.897489e-09	3.638321e+01	3.385500e+02
7.210000e-06	6.818293e-09	2.885147e-09	3.627514e+01	3.374514e+02
7.220000e-06	6.797699e-09	2.872419e-09	3.616557e+01	3.363441e+02
7.230000e-06	6.776811e-09	2.867041e-09	3.605444e+01	3.352280e+02
7.240000e-06	6.755608e-09	2.863224e-09	3.594164e+01	3.341032e+02
7.250000e-06	6.734084e-09	2.852501e-09	3.582712e+01	3.329697e+02
7.260000e-06	6.712254e-09	2.832486e-09	3.571098e+01	3.318276e+02
7.270000e-06	6.690152e-09	2.817167e-09	3.559339e+01	3.306768e+02
7.280000e-06	6.667831e-09	2.811043e-09	3.547464e+01	3.295174e+02
7.290000e-06	6.645289e-09	2.810989e-09	3.535471e+01	3.283495e+02
7.300000e-06	6.622539e-09	2.804963e-09	3.523368e+01	3.271730e+02
7.310000e-06	6.599615e-09	2.790301e-09	3.511171e+01	3.259880e+02
7.320000e-06	6.576544e-09	2.774603e-09	3.498897e+01	3.247945e+02
7.330000e-06	6.553372e-09	2.761849e-09	3.486569e+01	3.235926e+02
7.340000e-06	6.530091e-09	2.754831e-09	3.474183e+01	3.223822e+02
7.350000e-06	6.506705e-09	2.745184e-09	3.461741e+01	3.211635e+02
7.360000e-06	6.483231e-09	2.731898e-09	3.449252e+01	3.199364e+02
7.370000e-06	6.459651e-09	2.718377e-09	3.436707e+01	3.187010e+02
7.380000e-06	6.435964e-09	2.709542e-09	3.424105e+01	3.174573e+02
7.390000e-06	6.412146e-09	2.701716e-09	3.411433e+01	3.162054e+02
7.400000e-06	6.388140e-09	2.689005e-09	3.398661e+01	3.149452e+02
7.410000e-06	6.363954e-09	2.673269e-09	3.385794e+01	3.136768e+02
7.420000e-06	6.339619e-09	2.659002e-09	3.372847e+01	3.124003e+02
7.430000e-06	6.315114e-09	2.652306e-09	3.359809e+01	3.111156e+02
7.440000e-06	6.290427e-09	2.648987e-09	3.346675e+01	3.098229e+02
7.450000e-06	6.265560e-09	2.640357e-09	3.333445e+01	3.085221e+02
7.460000e-06	6.240520e-09	2.621221e-09	3.320123e+01	3.072132e+02
7.470000e-06	6.215335e-09	2.600912e-09	3.306724e+01	3.058964e+02
7.480000e-06	6.190008e-09	2.588187e-09	3.293249e+01	3.045716e+02
7.490000e-06	6.164545e-09	2.581318e-09	3.279703e+01	3.032389e+02
7.500000e-06	6.138947e-09	2.573958e-09	3.266083e+01	3.018984e+02
7.510000e-06	6.113197e-09	2.562139e-09	3.252384e+01	3.005499e+02
7.520000e-06	6.087276e-09	2.550540e-09	3.238593e+01	2.991937e+02
7.530000e-06	6.061184e-09	2.540710e-09	3.224711e+01	2.978296e+02
7.540000e-06	6.034909e-09	2.531409e-09	3.210732e+01	2.964578e+02
7.550000e-06	6.008462e-09	2.516191e-09	3.196662e+01	2.950783e+02
7.560000e-06	5.981876e-09	2.496900e-09	3.182518e+01	2.936912e+02
7.570000e-06	5.955127e-09	2.481258e-09	3.168286e+01	2.922964e+02
7.580000e-06	5.928224e-09	2.468850e-09	3.153973e+01	2.908939e+02
7.590000e-06	5.901196e-09	2.457907e-09	3.139594e+01	2.894840e+02
7.600000e-06	5.874054e-09	2.444093e-09	3.125153e+01	2.880665e+02
7.610000e-06	5.846825e-09	2.428066e-09	3.110667e+01	2.866415e+02
7.620000e-06	5.819525e-09	2.414120e-09	3.096142e+01	2.852090e+02
7.630000e-06	5.792152e-09	2.406453e-09	3.081579e+01	2.837691e+02
7.640000e-06	5.764701e-09	2.401174e-09	3.066974e+01	2.823219e+02
7.650000e-06	5.737168e-09	2.388525e-09	3.052326e+01	2.808673e+02
7.660000e-06	5.709548e-09	2.369037e-09	3.037632e+01	2.794054e+02
7.670000e-06	5.681814e-09	2.348200e-09	3.022876e+01	2.779362e+02
7.680000e-06	5.653928e-09	2.330652e-09	3.008040e+01	2.764598e+02
7.690000e-06	5.625881e-09	2.317175e-09	2.993119e+01	2.749762e+02
7.700000e-06	5.597673e-09	2.303008e-09	2.978111e+01	2.734854e+02
7.710000e-06	5.569274e-09	2.288756e-09	2.963002e+01	2.719876e+02
7.720000e-06	5.540644e-09	2.279208e-09	2.947770e+01	2.704826e+02
7.730000e-06	5.511762e-09	2.271206e-09	2.932404e+01	2.689707e+02
7.740000e-06	5.482638e-09	2.258639e-09	2.916909e+01	2.674517e+02
7.750000e-06	5.453280e-09	2.239094e-09	2.901290e+01	2.659258e+02
7.760000e-06	5.423678e-09	2.217752e-09	2.885541e+01	2.643929e+02
7.770000e-06	5.393860e-09	2.199524e-09	2.869677e+01	2.628532e+02
7.780000e-06	5.363841e-09	2.186544e-09	2.853706e+01	2.613067e+02
7.790000e-06	5.333597e-09	2.177047e-09	2.837616e+01	2.597533e+02
7.800000e-06	5.303147e-09	2.168153e-09	2.821416e+01	2.581932e+02
7.810000e-06	5.272511e-09	2.157367e-09	2.805116e+01	2.566264e+02
7.820000e-06	5.241718e-09	2.143627e-09	2.788734e+01	2.550529e+02
7.830000e-06	5.210805e-09	2.128576e-09	2.772287e+01	2.534728e+02
7.840000e-06	5.179792e-09	2.110015e-09	2.755788e+01	2.518861e+02
7.850000e-06	5.148673e-09	2.089971e-09	2.739231e+01	2.502928e+02
7.860000e-06	5.117442e-09	2.071798e-09	2.722615e+01	2.486930e+02
7.870000e-06	5.086112e-09	2.056698e-09	2.705947e+01	2.470867e+02
7.880000e-06	5.054694e-09	2.046222e-09	2.689232e+01	2.454741e+02
7.890000e-06	5.023211e-09	2.036321e-09	2.672482e+01	2.438550e+02
7.900000e-06	4.991649e-09	2.023400e-09	2.655690e+01	2.422296e+02
7.910000e-06	4.959988e-09	2.006983e-09	2.638846e+01	2.405979e+02
7.920000e-06	4.928243e-09	1.988347e-09	2.621957e+01	2.389599e+02
7.930000e-06	4.896396e-09	1.970599e-09	2.605013e+01	2.373157e+02
7.940000e-06	4.864456e-09	1.953811e-09	2.588020e+01	2.356654e+02
7.950000e-06	4.832381e-09	1.937091e-09	2.570955e+01	2.340089e+02
7.960000e-06	4.800141e-09	1.920596e-09	2.553803e+01	2.323463e+02
7.970000e-06	4.767784e-09	1.906537e-09	2.536588e+01	2.306777e+02
7.980000e-06	4.735292e-09	1.894757e-09	2.519302e+01	2.290031e+02
7.990000e-06	4.702670e-09	1.882459e-09	2.501946e+01	2.273225e+02
8.000000e-06	4.669934e-09	1.867515e-09	2.484529e+01	2.256361e+02
8.010000e-06	4.637069e-09	1.850598e-09	2.467044e+01	2.239437e+02
8.020000e-06	4.604082e-09	1.833178e-09	2.449494e+01	2.222455e+02
8.030000e-06	4.570985e-09	1.817900e-09	2.431886e+01	2.205416e+02
8.040000e-06	4.537774e-09	1.803307e-09	2.414216e+01	2.188319e+02
8.050000e-06	4.504447e-09	1.788647e-09	2.396486e+01	2.171165e+02
8.060000e-06	4.471015e-09	1.776116e-09	2.378699e+01	2.153955e+02
8.070000e-06	4.437476e-09	1.763396e-09	2.360855e+01	2.136688e+02
8.080000e-06	4.403831e-09	1.749150e-09	2.342955e+01	2.119366e+02
8.090000e-06	4.370078e-09	1.733158e-09	2.324998e+01	2.101989e+02
8.100000e-06	4.336216e-09	1.715870e-09	2.306983e+01	2.084558e+02
8.110000e-06	4.302235e-09	1.697187e-09	2.288904e+01	2.067072e+02
8.120000e-06	4.268127e-09	1.678163e-09	2.270757e+01	2.049532e+02
8.130000e-06	4.233908e-09	1.661021e-09	2.252551e+01	2.031939e+02
8.140000e-06	4.199566e-09	1.645475e-09	2.234281e+01	2.014293e+02
8.150000e-06	4.165102e-09	1.631219e-09	2.215945e+01	1.996595e+02
8.160000e-06	4.130508e-09	1.616620e-09	2.197540e+01	1.978845e+02
8.170000e-06	4.095795e-09	1.601525e-09	2.179072e+01	1.961043e+02
8.180000e-06	4.060978e-09	1.586292e-09	2.160549e+01	1.943190e+02
8.190000e-06	4.026071e-09	1.570102e-09	2.141977e+01	1.925287e+02
8.200000e-06	3.991095e-09	1.552942e-09	2.123368e+01	1.907334e+02
8.210000e-06	3.956054e-09	1.535216e-09	2.104726e+01	1.889331e+02
8.220000e-06	3.920936e-09	1.518939e-09	2.086042e+01	1.871279e+02
8.230000e-06	3.885759e-09	1.503425e-09	2.067327e+01	1.853178e+02
8.240000e-06	3.850537e-09	1.487578e-09	2.048588e+01	1.835029e+02
8.250000e-06	3.815249e-09	1.470557e-09	2.029814e+01	1.816833e+02
8.260000e-06	3.779911e-09	1.451945e-09	2.011013e+01	1.798589e+02
8.270000e-06	3.744528e-09	1.433091e-09	1.992188e+01	1.780298e+02
8.280000e-06	3.709107e-09	1.413916e-09	1.973343e+01	1.761961e+02
8.290000e-06	3.673640e-09	1.394663e-09	1.954474e+01	1.743578e+02
8.300000e-06	3.638111e-09	1.376361e-09	1.935572e+01	1.725150e+02
8.310000e-06	3.602521e-09	1.360625e-09	1.916637e+01	1.706677e+02
8.320000e-06	3.566859e-09	1.346304e-09	1.897663e+01	1.688160e+02
8.330000e-06	3.531133e-09	1.331254e-09	1.878656e+01	1.669598e+02
8.340000e-06	3.495344e-09	1.315007e-09	1.859615e+01	1.650994e+02
8.350000e-06	3.459471e-09	1.297738e-09	1.840530e+01	1.632346e+02
8.360000e-06	3.423495e-09	1.279966e-09	1.821390e+01	1.613656e+02
8.370000e-06	3.387418e-09	1.261862e-09	1.802196e+01	1.594924e+02
8.380000e-06	3.351230e-09	1.243694e-09	1.782943e+01	1.576150e+02
8.390000e-06	3.314917e-09	1.225948e-09	1.763623e+01	1.557336e+02
8.400000e-06	3.278483e-09	1.208490e-09	1.744240e+01	1.538481e+02
8.410000e-06	3.241905e-09	1.191782e-09	1.724779e+01	1.519585e+02
8.420000e-06	3.205191e-09	1.175629e-09	1.705247e+01	1.500651e+02
8.430000e-06	3.168354e-09	1.158879e-09	1.685648e+01	1.481677e+02
8.440000e-06	3.131369e-09	1.142323e-09	1.665972e+01	1.462665e+02
8.450000e-06	3.094220e-09	1.125957e-09	1.646207e+01	1.443615e+02
8.460000e-06	3.056918e-09	1.107636e-09	1.626362e+01	1.424527e+02
8.470000e-06	3.019478e-09	1.087195e-09	1.606443e+01	1.405402e+02
8.480000e-06	2.981904e-09	1.068026e-09	1.586453e+01	1.386241e+02
8.490000e-06	2.944217e-09	1.051779e-09	1.566402e+01	1.367043e+02
8.500000e-06	2.906399e-09	1.037576e-09	1.546281e+01	1.347810e+02
8.510000e-06	2.868438e-09	1.024035e-09	1.526086e+01	1.328542e+02
8.520000e-06	2.830357e-09	1.008561e-09	1.505825e+01	1.309240e+02
8.530000e-06	2.792176e-09	9.914023e-10	1.485512e+01	1.289903e+02
8.540000e-06	2.753895e-09	9.740207e-10	1.465145e+01	1.270533e+02
8.550000e-06	2.715500e-09	9.561007e-10	1.444718e+01	1.251129e+02
8.560000e-06	2.677008e-09	9.381330e-10	1.424239e+01	1.231694e+02
8.570000e-06	2.638430e-09	9.194858e-10	1.403715e+01	1.212226e+02
8.580000e-06	2.599741e-09	9.008061e-10	1.383131e+01	1.192726e+02
8.590000e-06	2.560965e-09	8.844612e-10	1.362501e+01	1.173196e+02
8.600000e-06	2.522158e-09	8.686629e-10	1.341855e+01	1.153635e+02
8.610000e-06	2.483295e-09	8.526966e-10	1.321179e+01	1.134044e+02
8.620000e-06	2.444349e-09	8.360872e-10	1.300459e+01	1.114424e+02
8.630000e-06	2.405350e-09	8.174038e-10	1.279710e+01	1.094774e+02
8.640000e-06	2.366304e-09	7.983053e-10	1.258936e+01	1.075097e+02
8.650000e-06	2.327211e-09	7.797122e-10	1.238138e+01	1.055391e+02
8.660000e-06	2.288089e-09	7.627122e-10	1.217324e+01	1.035658e+02
8.670000e-06	2.248940e-09	7.462862e-10	1.196496e+01	1.015897e+02
8.680000e-06	2.209757e-09	7.295628e-10	1.175649e+01	9.961107e+01
8.690000e-06	2.170533e-09	7.127842e-10	1.154781e+01	9.762982e+01
8.700000e-06	2.131282e-09	6.957312e-10	1.133898e+01	9.564603e+01
8.710000e-06	2.092008e-09	6.794047e-10	1.113004e+01	9.365975e+01
8.720000e-06	2.052699e-09	6.630957e-10	1.092090e+01	9.167103e+01
8.730000e-06	2.013362e-09	6.465778e-10	1.071161e+01	8.967993e+01
8.740000e-06	1.974004e-09	6.297117e-10	1.050222e+01	8.768650e+01
8.750000e-06	1.934609e-09	6.130339e-10	1.029263e+01	8.569079e+01
8.760000e-06	1.895190e-09	5.974709e-10	1.008291e+01	8.369285e+01
8.770000e-06	1.855756e-09	5.811374e-10	9.873109e+00	8.169273e+01
8.780000e-06	1.816311e-09	5.625480e-10	9.663254e+00	7.969049e+01
8.790000e-06	1.776852e-09	5.433304e-10	9.453320e+00	7.768617e+01
8.800000e-06	1.737359e-09	5.261706e-10	9.243203e+00	7.567984e+01
8.810000e-06	1.697849e-09	5.109390e-10	9.033000e+00	7.367153e+01
8.820000e-06	1.658304e-09	4.953015e-10	8.822609e+00	7.166131e+01
8.830000e-06	1.618710e-09	4.765532e-10	8.611963e+00	6.964923e+01
8.840000e-06	1.579089e-09	4.554978e-10	8.401167e+00	6.763534e+01
8.850000e-06	1.539434e-09	4.368475e-10	8.190191e+00	6.561968e+01
8.860000e-06	1.499751e-09	4.226454e-10	7.979064e+00	6.360232e+01
8.870000e-06	1.460047e-09	4.106020e-10	7.767832e+00	6.158331e+01
8.880000e-06	1.420318e-09	3.972271e-10	7.556460e+00	5.956269e+01
8.890000e-06	1.380559e-09	3.809444e-10	7.344935e+00	5.754053e+01
8.900000e-06	1.340799e-09	3.622004e-10	7.133398e+00	5.551687e+01
8.910000e-06	1.301021e-09	3.430820e-10	6.921772e+00	5.349176e+01
8.920000e-06	1.261188e-09	3.256602e-10	6.709848e+00	5.146527e+01
8.930000e-06	1.221324e-09	3.088121e-10	6.497758e+00	4.943743e+01
8.940000e-06	1.181455e-09	2.921120e-10	6.285646e+00	4.740831e+01
8.950000e-06	1.141553e-09	2.757269e-10	6.073357e+00	4.537796e+01
8.960000e-06	1.101609e-09	2.606993e-10	5.860846e+00	4.334643e+01
8.970000e-06	1.061632e-09	2.465488e-10	5.648158e+00	4.131377e+01
8.980000e-06	1.021642e-09	2.311743e-10	5.435400e+00	3.928004e+01
8.990000e-06	9.816350e-10	2.143831e-10	5.222550e+00	3.724528e+01
9.000000e-06	9.415810e-10	1.962084e-10	5.009452e+00	3.520956e+01
9.010000e-06	9.014847e-10	1.781525e-10	4.796130e+00	3.317292e+01
9.020000e-06	8.613815e-10	1.615478e-10	4.582770e+00	3.113542e+01
9.030000e-06	8.212606e-10	1.455950e-10	4.369316e+00	2.909710e+01
9.040000e-06	7.810858e-10	1.292393e-10	4.155576e+00	2.705804e+01
9.050000e-06	7.409145e-10	1.129140e-10	3.941854e+00	2.501826e+01
9.060000e-06	7.007508e-10	9.746045e-11	3.728172e+00	2.297784e+01
9.070000e-06	6.605681e-10	8.142340e-11	3.514389e+00	2.093682e+01
9.080000e-06	6.203569e-10	6.347300e-11	3.300455e+00	1.889526e+01
9.090000e-06	5.801031e-10	4.379436e-11	3.086294e+00	1.685321e+01
9.100000e-06	5.398479e-10	2.399791e-11	2.872126e+00	1.481071e+01
9.110000e-06	4.996034e-10	6.705450e-12	2.658015e+00	1.276784e+01
9.120000e-06	4.593337e-10	-7.237479e-12	2.443769e+00	1.072463e+01
9.130000e-06	4.190383e-10	-2.008577e-11	2.229387e+00	8.681140e+00
9.140000e-06	3.787363e-10	-3.490489e-11	2.014969e+00	6.637426e+00
9.150000e-06	3.384375e-10	-5.166387e-11	1.800569e+00	4.593541e+00
9.160000e-06	2.981310e-10	-6.907130e-11	1.586128e+00	2.549536e+00
9.170000e-06	2.578196e-10	-8.560786e-11	1.371661e+00	5.054655e-01
9.180000e-06	2.174937e-10	-1.014809e-10	1.157116e+00	-1.538618e+00
9.190000e-06	1.771806e-10	-1.181295e-10	9.426399e-01	-3.582661e+00
9.200000e-06	1.368841e-10	-1.354527e-10	7.282517e-01	-5.626611e+00
9.210000e-06	9.655692e-11	-1.527032e-10	5.137004e-01	-7.670413e+00
9.220000e-06	5.622047e-11	-1.693856e-10	2.991000e-01	-9.714016e+00
9.230000e-06	1.588189e-11	-1.853053e-10	8.448805e-02	-1.175737e+01
9.240000e-06	-2.445686e-11	-2.007864e-10	-1.301248e-01	-1.380041e+01
9.250000e-06	-6.479935e-11	-2.170857e-10	-3.447576e-01	-1.584309e+01
9.260000e-06	-1.051593e-10	-2.323251e-10	-5.594830e-01	-1.788537e+01
9.270000e-06	-1.455069e-10	-2.459170e-10	-7.741430e-01	-1.992717e+01
9.280000e-06	-1.858378e-10	-2.597150e-10	-9.887134e-01	-2.196846e+01
9.290000e-06	-2.261557e-10	-2.764220e-10	-1.203215e+00	-2.400918e+01
9.300000e-06	-2.664626e-10	-2.967202e-10	-1.417659e+00	-2.604927e+01
9.310000e-06	-3.067579e-10	-3.146959e-10	-1.632040e+00	-2.808868e+01
9.320000e-06	-3.470477e-10	-3.281137e-10	-1.846393e+00	-3.012736e+01
9.330000e-06	-3.873448e-10	-3.385183e-10	-2.060784e+00	-3.216526e+01
9.340000e-06	-4.276205e-10	-3.508540e-10	-2.275061e+00	-3.420232e+01
9.350000e-06	-4.678774e-10	-3.677703e-10	-2.489239e+00	-3.623849e+01
9.360000e-06	-5.081185e-10	-3.863314e-10	-2.703332e+00	-3.827372e+01
9.370000e-06	-5.483636e-10	-4.044532e-10	-2.917447e+00	-4.030795e+01
9.380000e-06	-5.885855e-10	-4.203291e-10	-3.131438e+00	-4.234114e+01
9.390000e-06	-6.287681e-10	-4.361419e-10	-3.345220e+00	-4.437322e+01
9.400000e-06	-6.689485e-10	-4.532329e-10	-3.558991e+00	-4.640415e+01
9.410000e-06	-7.090886e-10	-4.689496e-10	-3.772547e+00	-4.843386e+01
9.420000e-06	-7.492004e-10	-4.822734e-10	-3.985952e+00	-5.046232e+01
9.430000e-06	-7.893092e-10	-4.946158e-10	-4.199341e+00	-5.248947e+01
9.440000e-06	-8.293754e-10	-5.098980e-10	-4.412504e+00	-5.451525e+01
9.450000e-06	-8.694241e-10	-5.279354e-10	-4.625573e+00	-5.653961e+01
9.460000e-06	-9.094494e-10	-5.432300e-10	-4.838519e+00	-5.856251e+01
9.470000e-06	-9.494529e-10	-5.548936e-10	-5.051348e+00	-6.058387e+01
9.480000e-06	-9.894524e-10	-5.669909e-10	-5.264156e+00	-6.260366e+01
9.490000e-06	-1.029418e-09	-5.835674e-10	-5.476784e+00	-6.462183e+01
9.500000e-06	-1.069349e-09	-6.044399e-10	-5.689230e+00	-6.663831e+01
9.510000e-06	-1.109250e-09	-6.234581e-10	-5.901513e+00	-6.865306e+01
9.520000e-06	-1.149132e-09	-6.367288e-10	-6.113693e+00	-7.066602e+01
9.530000e-06	-1.188999e-09	-6.468507e-10	-6.325797e+00	-7.267714e+01
9.540000e-06	-1.228822e-09	-6.595562e-10	-6.537666e+00	-7.468637e+01
9.550000e-06	-1.268594e-09	-6.765594e-10	-6.749263e+00	-7.669366e+01
9.560000e-06	-1.308345e-09	-6.946842e-10	-6.960751e+00	-7.869896e+01
9.570000e-06	-1.348072e-09	-7.119861e-10	-7.172110e+00	-8.070220e+01
9.580000e-06	-1.387787e-09	-7.265704e-10	-7.383403e+00	-8.270335e+01
9.590000e-06	-1.427483e-09	-7.397903e-10	-7.594599e+00	-8.470235e+01
9.600000e-06	-1.467141e-09	-7.547153e-10	-7.805587e+00	-8.669914e+01
9.610000e-06	-1.506777e-09	-7.686832e-10	-8.016464e+00	-8.869367e+01
9.620000e-06	-1.546377e-09	-7.821750e-10	-8.227145e+00	-9.068590e+01
9.630000e-06	-1.585943e-09	-7.980754e-10	-8.437647e+00	-9.267577e+01
9.640000e-06	-1.625482e-09	-8.154714e-10	-8.648003e+00	-9.466323e+01
9.650000e-06	-1.664987e-09	-8.339745e-10	-8.858183e+00	-9.664823e+01
9.660000e-06	-1.704480e-09	-8.493383e-10	-9.068297e+00	-9.863071e+01
9.670000e-06	-1.743954e-09	-8.638915e-10	-9.278311e+00	-1.006106e+02
9.680000e-06	-1.783403e-09	-8.787279e-10	-9.488187e+00	-1.025879e+02
9.690000e-06	-1.822828e-09	-8.936142e-10	-9.697943e+00	-1.045626e+02
9.700000e-06	-1.862222e-09	-9.083597e-10	-9.907530e+00	-1.065345e+02
9.710000e-06	-1.901586e-09	-9.212104e-10	-1.011696e+01	-1.085036e+02
9.720000e-06	-1.940943e-09	-9.362994e-10	-1.032634e+01	-1.104699e+02
9.730000e-06	-1.980289e-09	-9.508149e-10	-1.053567e+01	-1.124334e+02
9.740000e-06	-2.019611e-09	-9.677083e-10	-1.074488e+01	-1.143939e+02
9.750000e-06	-2.058914e-09	-9.865447e-10	-1.095398e+01	-1.163514e+02
9.760000e-06	-2.098180e-09	-1.005731e-09	-1.116289e+01	-1.183059e+02
9.770000e-06	-2.137418e-09	-1.025216e-09	-1.137165e+01	-1.202574e+02
9.780000e-06	-2.176648e-09	-1.040471e-09	-1.158036e+01	-1.222057e+02
9.790000e-06	-2.215823e-09	-1.052443e-09	-1.178878e+01	-1.241508e+02
9.800000e-06	-2.254949e-09	-1.061154e-09	-1.199695e+01	-1.260927e+02
9.810000e-06	-2.294051e-09	-1.072686e-09	-1.220498e+01	-1.280313e+02
9.820000e-06	-2.333115e-09	-1.089913e-09	-1.241281e+01	-1.299666e+02
9.830000e-06	-2.372137e-09	-1.110929e-09	-1.262042e+01	-1.318985e+02
9.840000e-06	-2.411106e-09	-1.132204e-09	-1.282774e+01	-1.338270e+02
9.850000e-06	-2.450021e-09	-1.149776e-09	-1.303478e+01	-1.357520e+02
9.860000e-06	-2.488874e-09	-1.164285e-09	-1.324149e+01	-1.376734e+02
9.870000e-06	-2.527658e-09	-1.176464e-09	-1.344783e+01	-1.395913e+02
9.880000e-06	-2.566368e-09	-1.189807e-09	-1.365378e+01	-1.415056e+02
9.890000e-06	-2.605002e-09	-1.204609e-09	-1.385932e+01	-1.434161e+02
9.900000e-06	-2.643550e-09	-1.221357e-09	-1.406441e+01	-1.453230e+02
9.910000e-06	-2.682004e-09	-1.240169e-09	-1.426899e+01	-1.472260e+02
9.920000e-06	-2.720376e-09	-1.258439e-09	-1.447314e+01	-1.491253e+02
9.930000e-06	-2.758666e-09	-1.274125e-09	-1.467685e+01	-1.510206e+02
9.940000e-06	-2.796837e-09	-1.286076e-09	-1.487993e+01	-1.529120e+02
9.950000e-06	-2.834885e-09	-1.297067e-09	-1.508236e+01	-1.547995e+02
9.960000e-06	-2.872844e-09	-1.310343e-09	-1.528431e+01	-1.566829e+02
9.970000e-06	-2.910682e-09	-1.327051e-09	-1.548562e+01	-1.585622e+02
9.980000e-06	-2.948335e-09	-1.344658e-09	-1.568594e+01	-1.604374e+02
9.990000e-06	-2.985831e-09	-1.360304e-09	-1.588543e+01	-1.623085e+02
1.000000e-05	-3.023197e-09	-1.372718e-09	-1.608422e+01	-1.641753e+02
1.001000e-05	-3.060413e-09	-1.384001e-09	-1.628223e+01	-1.660378e+02
1.002000e-05	-3.097502e-09	-1.397036e-09	-1.647955e+01	-1.678961e+02
1.003000e-05	-3.134467e-09	-1.412066e-09	-1.667621e+01	-1.697499e+02
1.004000e-05	-3.171290e-09	-1.428654e-09	-1.687212e+01	-1.715994e+02
1.005000e-05	-3.207967e-09	-1.444118e-09	-1.706725e+01	-1.734444e+02
1.006000e-05	-3.244491e-09	-1.459144e-09	-1.726156e+01	-1.752848e+02
1.007000e-05	-3.280879e-09	-1.473641e-09	-1.745516e+01	-1.771207e+02
1.008000e-05	-3.317132e-09	-1.486822e-09	-1.764804e+01	-1.789520e+02
1.009000e-05	-3.353260e-09	-1.498492e-09	-1.784024e+01	-1.807787e+02
1.010000e-05	-3.389286e-09	-1.509554e-09	-1.803191e+01	-1.826006e+02
1.011000e-05	-3.425203e-09	-1.523613e-09	-1.822300e+01	-1.844178e+02
1.012000e-05	-3.461043e-09	-1.541027e-09	-1.841368e+01	-1.862302e+02
1.013000e-05	-3.496789e-09	-1.557385e-09	-1.860386e+01	-1.880378e+02
1.014000e-05	-3.532441e-09	-1.570406e-09	-1.879353e+01	-1.898404e+02
1.015000e-05	-3.568035e-09	-1.583053e-09	-1.898290e+01	-1.916382e+02
1.016000e-05	-3.603548e-09	-1.596533e-09	-1.917184e+01	-1.934309e+02
1.017000e-05	-3.639007e-09	-1.610394e-09	-1.936050e+01	-1.952186e+02
1.018000e-05	-3.674454e-09	-1.623578e-09	-1.954908e+01	-1.970012e+02
1.019000e-05	-3.709866e-09	-1.635782e-09	-1.973748e+01	-1.987787e+02
1.020000e-05	-3.745223e-09	-1.648980e-09	-1.992559e+01	-2.005511e+02
1.021000e-05	-3.780529e-09	-1.664346e-09	-2.011343e+01	-2.023182e+02
1.022000e-05	-3.815798e-09	-1.680693e-09	-2.030107e+01	-2.040800e+02
1.023000e-05	-3.851030e-09	-1.695535e-09	-2.048852e+01	-2.058366e+02
1.024000e-05	-3.886217e-09	-1.708958e-09	-2.067572e+01	-2.075877e+02
1.025000e-05	-3.921337e-09	-1.721553e-09	-2.086257e+01	-2.093335e+02
1.026000e-05	-3.956377e-09	-1.734461e-09	-2.104899e+01	-2.110739e+02
1.027000e-05	-3.991354e-09	-1.748763e-09	-2.123508e+01	-2.128087e+02
1.028000e-05	-4.026241e-09	-1.763367e-09	-2.142069e+01	-2.145380e+02
1.029000e-05	-4.061006e-09	-1.777218e-09	-2.160564e+01	-2.162618e+02
1.030000e-05	-4.095664e-09	-1.791176e-09	-2.179003e+01	-2.179799e+02
1.031000e-05	-4.130229e-09	-1.807306e-09	-2.197393e+01	-2.196923e+02
1.032000e-05	-4.164666e-09	-1.824274e-09	-2.215714e+01	-2.213990e+02
1.033000e-05	-4.198969e-09	-1.839940e-09	-2.233964e+01	-2.231000e+02
1.034000e-05	-4.233163e-09	-1.851693e-09	-2.252156e+01	-2.247952e+02
1.035000e-05	-4.267248e-09	-1.861563e-09	-2.270291e+01	-2.264845e+02
1.036000e-05	-4.301198e-09	-1.873342e-09	-2.288353e+01	-2.281679e+02
1.037000e-05	-4.335007e-09	-1.887402e-09	-2.306340e+01	-2.298454e+02
1.038000e-05	-4.368704e-09	-1.901926e-09	-2.324268e+01	-2.315169e+02
1.039000e-05	-4.402286e-09	-1.915608e-09	-2.342135e+01	-2.331824e+02
1.040000e-05	-4.435741e-09	-1.931188e-09	-2.359934e+01	-2.348418e+02
1.041000e-05	-4.469119e-09	-1.947635e-09	-2.377691e+01	-2.364951e+02
1.042000e-05	-4.502422e-09	-1.961073e-09	-2.395410e+01	-2.381423e+02
1.043000e-05	-4.535604e-09	-1.970109e-09	-2.413063e+01	-2.397832e+02
1.044000e-05	-4.568674e-09	-1.978030e-09	-2.430657e+01	-2.414180e+02
1.045000e-05	-4.601657e-09	-1.989486e-09	-2.448205e+01	-2.430464e+02
1.046000e-05	-4.634526e-09	-2.004502e-09	-2.465692e+01	-2.446685e+02
1.047000e-05	-4.667258e-09	-2.020922e-09	-2.483107e+01	-2.462843e+02
1.048000e-05	-4.699849e-09	-2.035880e-09	-2.500446e+01	-2.478936e+02
1.049000e-05	-4.732291e-09	-2.049232e-09	-2.517706e+01	-2.494965e+02
1.050000e-05	-4.764604e-09	-2.062076e-09	-2.534897e+01	-2.510930e+02
1.051000e-05	-4.796797e-09	-2.074313e-09	-2.552025e+01	-2.526828e+02
1.052000e-05	-4.828836e-09	-2.086271e-09	-2.569070e+01	-2.542661e+02
1.053000e-05	-4.860727e-09	-2.098474e-09	-2.586037e+01	-2.558428e+02
1.054000e-05	-4.892500e-09	-2.111571e-09	-2.602941e+01	-2.574129e+02
1.055000e-05	-4.924156e-09	-2.124605e-09	-2.619783e+01	-2.589762e+02
1.056000e-05	-4.955737e-09	-2.137379e-09	-2.636585e+01	-2.605328e+02
1.057000e-05	-4.987242e-09	-2.150519e-09	-2.653346e+01	-2.620827e+02
1.058000e-05	-5.018667e-09	-2.164411e-09	-2.670065e+01	-2.636257e+02
1.059000e-05	-5.050029e-09	-2.178131e-09	-2.686751e+01	-2.651618e+02
1.060000e-05	-5.081317e-09	-2.190530e-09	-2.703397e+01	-2.666911e+02
1.061000e-05	-5.112527e-09	-2.202318e-09	-2.720001e+01	-2.682134e+02
1.062000e-05	-5.143632e-09	-2.214754e-09	-2.736550e+01	-2.697287e+02
1.063000e-05	-5.174636e-09	-2.227741e-09	-2.753045e+01	-2.712371e+02
1.064000e-05	-5.205526e-09	-2.240068e-09	-2.769480e+01	-2.727383e+02
1.065000e-05	-5.236276e-09	-2.251669e-09	-2.785840e+01	-2.742325e+02
1.066000e-05	-5.266871e-09	-2.263581e-09	-2.802117e+01	-2.757196e+02
1.067000e-05	-5.297277e-09	-2.276935e-09	-2.818294e+01	-2.771994e+02
1.068000e-05	-5.327484e-09	-2.290735e-09	-2.834364e+01	-2.786721e+02
1.069000e-05	-5.357502e-09	-2.302753e-09	-2.850335e+01	-2.801375e+02
1.070000e-05	-5.387321e-09	-2.313955e-09	-2.866199e+01	-2.815956e+02
1.071000e-05	-5.416889e-09	-2.325659e-09	-2.881930e+01	-2.830464e+02
1.072000e-05	-5.446195e-09	-2.337619e-09	-2.897522e+01	-2.844898e+02
1.073000e-05	-5.475272e-09	-2.348617e-09	-2.912991e+01	-2.859259e+02
1.074000e-05	-5.504116e-09	-2.358533e-09	-2.928337e+01	-2.873545e+02
1.075000e-05	-5.532708e-09	-2.370047e-09	-2.943549e+01	-2.887756e+02
1.076000e-05	-5.561085e-09	-2.383061e-09	-2.958646e+01	-2.901892e+02
1.077000e-05	-5.589258e-09	-2.396488e-09	-2.973635e+01	-2.915953e+02
1.078000e-05	-5.617223e-09	-2.407834e-09	-2.988513e+01	-2.929937e+02
1.079000e-05	-5.645016e-09	-2.417068e-09	-3.003299e+01	-2.943846e+02
1.080000e-05	-5.672675e-09	-2.427227e-09	-3.018015e+01	-2.957678e+02
1.081000e-05	-5.700236e-09	-2.439581e-09	-3.032678e+01	-2.971433e+02
1.082000e-05	-5.727726e-09	-2.453004e-09	-3.047303e+01	-2.985111e+02
1.083000e-05	-5.755160e-09	-2.464999e-09	-3.061899e+01	-2.998711e+02
1.084000e-05	-5.782525e-09	-2.474667e-09	-3.076458e+01	-3.012233e+02
1.085000e-05	-5.809815e-09	-2.483924e-09	-3.090977e+01	-3.025677e+02
1.086000e-05	-5.837032e-09	-2.495060e-09	-3.105458e+01	-3.039042e+02
1.087000e-05	-5.864165e-09	-2.506330e-09	-3.119893e+01	-3.052327e+02
1.088000e-05	-5.891212e-09	-2.515655e-09	-3.134282e+01	-3.065534e+02
1.089000e-05	-5.918134e-09	-2.524783e-09	-3.148606e+01	-3.078661e+02
1.090000e-05	-5.944914e-09	-2.536710e-09	-3.162854e+01	-3.091708e+02
1.091000e-05	-5.971536e-09	-2.551112e-09	-3.177017e+01	-3.104674e+02
1.092000e-05	-5.997968e-09	-2.565019e-09	-3.191080e+01	-3.117559e+02
1.093000e-05	-6.024225e-09	-2.574192e-09	-3.205049e+01	-3.130364e+02
1.094000e-05	-6.050305e-09	-2.580300e-09	-3.218924e+01	-3.143087e+02
1.095000e-05	-6.076211e-09	-2.588006e-09	-3.232707e+01	-3.155728e+02
1.096000e-05	-6.101963e-09	-2.599605e-09	-3.246408e+01	-3.168287e+02
1.097000e-05	-6.127550e-09	-2.613498e-09	-3.260021e+01	-3.180764e+02
1.098000e-05	-6.152988e-09	-2.624021e-09	-3.273555e+01	-3.193158e+02
1.099000e-05	-6.178293e-09	-2.631394e-09	-3.287017e+01	-3.205469e+02
1.100000e-05	-6.203474e-09	-2.639259e-09	-3.300414e+01	-3.217697e+02
1.101000e-05	-6.228524e-09	-2.649619e-09	-3.313742e+01	-3.229840e+02
1.102000e-05	-6.253410e-09	-2.662044e-09	-3.326982e+01	-3.241900e+02
1.103000e-05	-6.278114e-09	-2.672328e-09	-3.340125e+01	-3.253876e+02
1.104000e-05	-6.302630e-09	-2.679984e-09	-3.353168e+01	-3.265767e+02
1.105000e-05	-6.326964e-09	-2.687772e-09	-3.366114e+01	-3.277573e+02
1.106000e-05	-6.351130e-09	-2.698647e-09	-3.378971e+01	-3.289293e+02
1.107000e-05	-6.375122e-09	-2.711009e-09	-3.391736e+01	-3.300928e+02
1.108000e-05	-6.398924e-09	-2.719610e-09	-3.404399e+01	-3.312478e+02
1.109000e-05	-6.422579e-09	-2.726506e-09	-3.416984e+01	-3.323941e+02
1.110000e-05	-6.446128e-09	-2.737403e-09	-3.429513e+01	-3.335317e+02
1.111000e-05	-6.469586e-09	-2.753205e-09	-3.441993e+01	-3.346607e+02
1.112000e-05	-6.492973e-09	-2.767046e-09	-3.454436e+01	-3.357810e+02
1.113000e-05	-6.516283e-09	-2.773773e-09	-3.466837e+01	-3.368925e+02
1.114000e-05	-6.539513e-09	-2.775483e-09	-3.479196e+01	-3.379953e+02
1.115000e-05	-6.562645e-09	-2.780515e-09	-3.491503e+01	-3.390893e+02
1.116000e-05	-6.585662e-09	-2.792636e-09	-3.503749e+01	-3.401745e+02
1.117000e-05	-6.608541e-09	-2.806270e-09	-3.515921e+01	-3.412508e+02
1.118000e-05	-6.631230e-09	-2.817611e-09	-3.527992e+01	-3.423182e+02
1.119000e-05	-6.653705e-09	-2.825762e-09	-3.539950e+01	-3.433768e+02
1.120000e-05	-6.675922e-09	-2.835740e-09	-3.551769e+01	-3.444264e+02
1.121000e-05	-6.697875e-09	-2.846794e-09	-3.563449e+01	-3.454670e+02
1.122000e-05	-6.719562e-09	-2.854572e-09	-3.574987e+01	-3.464987e+02
1.123000e-05	-6.740955e-09	-2.857258e-09	-3.586369e+01	-3.475213e+02
1.124000e-05	-6.762062e-09	-2.858881e-09	-3.597598e+01	-3.485349e+02
1.125000e-05	-6.782860e-09	-2.868398e-09	-3.608663e+01	-3.495395e+02
1.126000e-05	-6.803361e-09	-2.882692e-09	-3.619570e+01	-3.505349e+02
1.127000e-05	-6.823599e-09	-2.896636e-09	-3.630337e+01	-3.515213e+02
1.128000e-05	-6.843613e-09	-2.903615e-09	-3.640985e+01	-3.524984e+02
1.129000e-05	-6.863433e-09	-2.907117e-09	-3.651530e+01	-3.534665e+02
1.130000e-05	-6.883105e-09	-2.913272e-09	-3.661996e+01	-3.544253e+02
1.131000e-05	-6.902658e-09	-2.921072e-09	-3.672399e+01	-3.553749e+02
1.132000e-05	-6.922100e-09	-2.929633e-09	-3.682742e+01	-3.563152e+02
1.133000e-05	-6.941459e-09	-2.934442e-09	-3.693042e+01	-3.572463e+02
1.134000e-05	-6.960745e-09	-2.941455e-09	-3.703302e+01	-3.581681e+02
1.135000e-05	-6.979940e-09	-2.953214e-09	-3.713515e+01	-3.590806e+02
1.136000e-05	-6.999013e-09	-2.965821e-09	-3.723662e+01	-3.599837e+02
1.137000e-05	-7.017969e-09	-2.973993e-09	-3.733747e+01	-3.608775e+02
1.138000e-05	-7.036777e-09	-2.976696e-09	-3.743754e+01	-3.617619e+02
1.139000e-05	-7.055371e-09	-2.982263e-09	-3.753646e+01	-3.626369e+02
1.140000e-05	-7.073752e-09	-2.993112e-09	-3.763426e+01	-3.635024e+02
1.141000e-05	-7.091934e-09	-3.006203e-09	-3.773099e+01	-3.643585e+02
1.142000e-05	-7.109915e-09	-3.013823e-09	-3.782665e+01	-3.652051e+02
1.143000e-05	-7.127721e-09	-3.016180e-09	-3.792138e+01	-3.660422e+02
1.144000e-05	-7.145380e-09	-3.020168e-09	-3.801533e+01	-3.668698e+02
1.145000e-05	-7.162889e-09	-3.029492e-09	-3.810849e+01	-3.676879e+02
1.146000e-05	-7.180240e-09	-3.042808e-09	-3.820080e+01	-3.684963e+02
1.147000e-05	-7.197428e-09	-3.052741e-09	-3.829224e+01	-3.692952e+02
1.148000e-05	-7.214460e-09	-3.058779e-09	-3.838286e+01	-3.700845e+02
1.149000e-05	-7.231336e-09	-3.064446e-09	-3.847264e+01	-3.708642e+02
1.150000e-05	-7.248045e-09	-3.071546e-09	-3.856154e+01	-3.716342e+02
1.151000e-05	-7.264547e-09	-3.077386e-09	-3.864933e+01	-3.723946e+02
1.152000e-05	-7.280820e-09	-3.081390e-09	-3.873591e+01	-3.731452e+02
1.153000e-05	-7.296888e-09	-3.085589e-09	-3.882140e+01	-3.738862e+02
1.154000e-05	-7.312769e-09	-3.092748e-09	-3.890589e+01	-3.746174e+02
1.155000e-05	-7.328497e-09	-3.104424e-09	-3.898956e+01	-3.753389e+02
1.156000e-05	-7.344096e-09	-3.114148e-09	-3.907255e+01	-3.760506e+02
1.157000e-05	-7.359581e-09	-3.119847e-09	-3.915494e+01	-3.767525e+02
1.158000e-05	-7.374962e-09	-3.123424e-09	-3.923677e+01	-3.774447e+02
1.159000e-05	-7.390219e-09	-3.129129e-09	-3.931794e+01	-3.781270e+02
1.160000e-05	-7.405346e-09	-3.137546e-09	-3.939842e+01	-3.787995e+02
1.161000e-05	-7.420320e-09	-3.145715e-09	-3.947809e+01	-3.794621e+02
1.162000e-05	-7.435118e-09	-3.153148e-09	-3.955682e+01	-3.801149e+02
1.163000e-05	-7.449655e-09	-3.159179e-09	-3.963416e+01	-3.807577e+02
1.164000e-05	-7.463877e-09	-3.166752e-09	-3.970982e+01	-3.813907e+02
1.165000e-05	-7.477780e-09	-3.174628e-09	-3.978379e+01	-3.820138e+02
1.166000e-05	-7.491342e-09	-3.180592e-09	-3.985594e+01	-3.826269e+02
1.167000e-05	-7.504547e-09	-3.186079e-09	-3.992620e+01	-3.832300e+02
1.168000e-05	-7.517393e-09	-3.192407e-09	-3.999454e+01	-3.838232e+02
1.169000e-05	-7.529923e-09	-3.200835e-09	-4.006120e+01	-3.844064e+02
1.170000e-05	-7.542173e-09	-3.208773e-09	-4.012638e+01	-3.849796e+02
1.171000e-05	-7.554187e-09	-3.214710e-09	-4.019029e+01	-3.855428e+02
1.172000e-05	-7.565997e-09	-3.218371e-09	-4.025313e+01	-3.860960e+02
1.173000e-05	-7.577627e-09	-3.222605e-09	-4.031500e+01	-3.866391e+02
1.174000e-05	-7.589101e-09	-3.229077e-09	-4.037604e+01	-3.871721e+02
1.175000e-05	-7.600437e-09	-3.235163e-09	-4.043636e+01	-3.876951e+02
1.176000e-05	-7.611641e-09	-3.241019e-09	-4.049596e+01	-3.882080e+02
1.177000e-05	-7.622677e-09	-3.246334e-09	-4.055468e+01	-3.887108e+02
1.178000e-05	-7.633517e-09	-3.251797e-09	-4.061235e+01	-3.892035e+02
1.179000e-05	-7.644147e-09	-3.257587e-09	-4.066890e+01	-3.896861e+02
1.180000e-05	-7.654551e-09	-3.261463e-09	-4.072426e+01	-3.901585e+02
1.181000e-05	-7.664750e-09	-3.265463e-09	-4.077852e+01	-3.906208e+02
1.182000e-05	-7.674747e-09	-3.272360e-09	-4.083170e+01	-3.910729e+02
1.183000e-05	-7.684545e-09	-3.280884e-09	-4.088383e+01	-3.915149e+02
1.184000e-05	-7.694162e-09	-3.287975e-09	-4.093500e+01	-3.919467e+02
1.185000e-05	-7.703620e-09	-3.290920e-09	-4.098532e+01	-3.923682e+02
1.186000e-05	-7.712930e-09	-3.291938e-09	-4.103485e+01	-3.927796e+02
1.187000e-05	-7.722064e-09	-3.293521e-09	-4.108344e+01	-3.931807e+02
1.188000e-05	-7.731023e-09	-3.297627e-09	-4.113111e+01	-3.935717e+02
1.189000e-05	-7.739794e-09	-3.304598e-09	-4.117777e+01	-3.939523e+02
1.190000e-05	-7.748333e-09	-3.311492e-09	-4.122320e+01	-3.943228e+02
1.191000e-05	-7.756634e-09	-3.317662e-09	-4.126737e+01	-3.946829e+02
1.192000e-05	-7.764713e-09	-3.322922e-09	-4.131035e+01	-3.950329e+02
1.193000e-05	-7.772588e-09	-3.326146e-09	-4.135225e+01	-3.953725e+02
1.194000e-05	-7.780296e-09	-3.327673e-09	-4.139325e+01	-3.957018e+02
1.195000e-05	-7.787866e-09	-3.328878e-09	-4.143353e+01	-3.960209e+02
1.196000e-05	-7.795331e-09	-3.330196e-09	-4.147324e+01	-3.963297e+02
1.197000e-05	-7.802708e-09	-3.333853e-09	-4.151249e+01	-3.966281e+02
1.198000e-05	-7.809975e-09	-3.339362e-09	-4.155116e+01	-3.969162e+02
1.199000e-05	-7.817112e-09	-3.343503e-09	-4.158912e+01	-3.971940e+02
1.200000e-05	-7.824098e-09	-3.346622e-09	-4.162629e+01	-3.974615e+02
1.201000e-05	-7.830911e-09	-3.348661e-09	-4.166254e+01	-3.977186e+02
1.202000e-05	-7.837510e-09	-3.351953e-09	-4.169765e+01	-3.979654e+02
1.203000e-05	-7.843841e-09	-3.355574e-09	-4.173133e+01	-3.982018e+02
1.204000e-05	-7.849869e-09	-3.359038e-09	-4.176340e+01	-3.984279e+02
1.205000e-05	-7.855579e-09	-3.360500e-09	-4.179378e+01	-3.986436e+02
1.206000e-05	-7.860946e-09	-3.359630e-09	-4.182233e+01	-3.988490e+02
1.207000e-05	-7.865981e-09	-3.361632e-09	-4.184912e+01	-3.990439e+02
1.208000e-05	-7.870720e-09	-3.366101e-09	-4.187433e+01	-3.992285e+02
1.209000e-05	-7.875152e-09	-3.372137e-09	-4.189791e+01	-3.994027e+02
1.210000e-05	-7.879287e-09	-3.375075e-09	-4.191991e+01	-3.995665e+02
1.211000e-05	-7.883187e-09	-3.375123e-09	-4.194066e+01	-3.997200e+02
1.212000e-05	-7.886898e-09	-3.375416e-09	-4.196040e+01	-3.998630e+02
1.213000e-05	-7.890466e-09	-3.376853e-09	-4.197938e+01	-3.999956e+02
1.214000e-05	-7.893922e-09	-3.380321e-09	-4.199777e+01	-4.001178e+02
1.215000e-05	-7.897282e-09	-3.381996e-09	-4.201565e+01	-4.002296e+02
1.216000e-05	-7.900556e-09	-3.383726e-09	-4.203307e+01	-4.003310e+02
1.217000e-05	-7.903713e-09	-3.388100e-09	-4.204986e+01	-4.004220e+02
1.218000e-05	-7.906729e-09	-3.392687e-09	-4.206591e+01	-4.005026e+02
1.219000e-05	-7.909563e-09	-3.395197e-09	-4.208099e+01	-4.005727e+02
1.220000e-05	-7.912158e-09	-3.393856e-09	-4.209479e+01	-4.006324e+02
1.221000e-05	-7.914519e-09	-3.390876e-09	-4.210735e+01	-4.006818e+02
1.222000e-05	-7.916647e-09	-3.391914e-09	-4.211868e+01	-4.007206e+02
1.223000e-05	-7.918569e-09	-3.399194e-09	-4.212890e+01	-4.007491e+02
1.224000e-05	-7.920320e-09	-3.406760e-09	-4.213821e+01	-4.007671e+02
1.225000e-05	-7.921897e-09	-3.408809e-09	-4.214661e+01	-4.007747e+02
1.226000e-05	-7.923345e-09	-3.405233e-09	-4.215431e+01	-4.007719e+02
1.227000e-05	-7.924669e-09	-3.401517e-09	-4.216135e+01	-4.007587e+02
1.228000e-05	-7.925840e-09	-3.402829e-09	-4.216758e+01	-4.007350e+02
1.229000e-05	-7.926772e-09	-3.406798e-09	-4.217254e+01	-4.007009e+02
1.230000e-05	-7.927378e-09	-3.409108e-09	-4.217577e+01	-4.006564e+02
1.231000e-05	-7.927789e-09	-3.409429e-09	-4.217795e+01	-4.006015e+02
