# Temperatura_=_20.0
# Concentracion g/m^3_=_10000.0
# C_Vs_to_Am_M_A/Vsm_=_116720831517.84952
# pendiente_HvsI_1/m_=_3716.3
# ordenada_HvsI_A/m_=_1297.0
# frecuencia_Hz_=_135171.75467706381
# Promedio de 22 ciclos

Tiempo_(s)	Campo_(V.s)	Magnetizacion_(V.s)	Campo_(kA/m)	Magnetizacion_(A/m)
0.000000e+00	-6.691526e-09	-3.077300e-09	-3.472212e+01	-3.660085e+02
1.000000e-08	-6.691460e-09	-3.077987e-09	-3.472177e+01	-3.659760e+02
2.000000e-08	-6.691100e-09	-3.077421e-09	-3.471991e+01	-3.659171e+02
3.000000e-08	-6.690412e-09	-3.075179e-09	-3.471634e+01	-3.658318e+02
4.000000e-08	-6.689277e-09	-3.071729e-09	-3.471045e+01	-3.657201e+02
5.000000e-08	-6.687544e-09	-3.071262e-09	-3.470146e+01	-3.655820e+02
6.000000e-08	-6.685080e-09	-3.083027e-09	-3.468867e+01	-3.654174e+02
7.000000e-08	-6.681875e-09	-3.090705e-09	-3.467204e+01	-3.652265e+02
8.000000e-08	-6.678016e-09	-3.045563e-09	-3.465202e+01	-3.650093e+02
9.000000e-08	-6.673540e-09	-2.997585e-09	-3.462879e+01	-3.647657e+02
1.000000e-07	-6.668537e-09	-3.053398e-09	-3.460283e+01	-3.644957e+02
1.100000e-07	-6.663264e-09	-3.112803e-09	-3.457547e+01	-3.641995e+02
1.200000e-07	-6.657837e-09	-3.040094e-09	-3.454731e+01	-3.638769e+02
1.300000e-07	-6.652034e-09	-3.002192e-09	-3.451720e+01	-3.635281e+02
1.400000e-07	-6.645669e-09	-3.110428e-09	-3.448417e+01	-3.631531e+02
1.500000e-07	-6.638845e-09	-3.153825e-09	-3.444876e+01	-3.627518e+02
1.600000e-07	-6.631672e-09	-3.004377e-09	-3.441154e+01	-3.623243e+02
1.700000e-07	-6.624063e-09	-2.942238e-09	-3.437206e+01	-3.618707e+02
1.800000e-07	-6.615969e-09	-3.060593e-09	-3.433006e+01	-3.613910e+02
1.900000e-07	-6.607533e-09	-3.123038e-09	-3.428628e+01	-3.608852e+02
2.000000e-07	-6.598721e-09	-3.011366e-09	-3.424056e+01	-3.603533e+02
2.100000e-07	-6.589235e-09	-2.968741e-09	-3.419134e+01	-3.597954e+02
2.200000e-07	-6.578942e-09	-3.074883e-09	-3.413793e+01	-3.592115e+02
2.300000e-07	-6.567978e-09	-3.085929e-09	-3.408103e+01	-3.586018e+02
2.400000e-07	-6.556481e-09	-2.976683e-09	-3.402138e+01	-3.579661e+02
2.500000e-07	-6.544479e-09	-2.963867e-09	-3.395910e+01	-3.573046e+02
2.600000e-07	-6.531965e-09	-3.045219e-09	-3.389416e+01	-3.566173e+02
2.700000e-07	-6.518976e-09	-3.028185e-09	-3.382677e+01	-3.559042e+02
2.800000e-07	-6.505500e-09	-2.979555e-09	-3.375684e+01	-3.551655e+02
2.900000e-07	-6.491512e-09	-2.998416e-09	-3.368426e+01	-3.544011e+02
3.000000e-07	-6.477021e-09	-2.998853e-09	-3.360906e+01	-3.536111e+02
3.100000e-07	-6.461926e-09	-2.939580e-09	-3.353074e+01	-3.527956e+02
3.200000e-07	-6.446128e-09	-2.961436e-09	-3.344876e+01	-3.519547e+02
3.300000e-07	-6.429659e-09	-3.011101e-09	-3.336330e+01	-3.510883e+02
3.400000e-07	-6.412631e-09	-2.968132e-09	-3.327495e+01	-3.501966e+02
3.500000e-07	-6.395173e-09	-2.912495e-09	-3.318436e+01	-3.492796e+02
3.600000e-07	-6.377362e-09	-2.958346e-09	-3.309194e+01	-3.483374e+02
3.700000e-07	-6.359198e-09	-2.965105e-09	-3.299768e+01	-3.473701e+02
3.800000e-07	-6.340624e-09	-2.895861e-09	-3.290130e+01	-3.463776e+02
3.900000e-07	-6.321537e-09	-2.888018e-09	-3.280226e+01	-3.453602e+02
4.000000e-07	-6.301929e-09	-2.936903e-09	-3.270052e+01	-3.443179e+02
4.100000e-07	-6.281948e-09	-2.918702e-09	-3.259683e+01	-3.432506e+02
4.200000e-07	-6.261693e-09	-2.885406e-09	-3.249173e+01	-3.421586e+02
4.300000e-07	-6.241179e-09	-2.895831e-09	-3.238529e+01	-3.410419e+02
4.400000e-07	-6.220367e-09	-2.875824e-09	-3.227729e+01	-3.399006e+02
4.500000e-07	-6.199122e-09	-2.841109e-09	-3.216706e+01	-3.387348e+02
4.600000e-07	-6.177392e-09	-2.855429e-09	-3.205430e+01	-3.375445e+02
4.700000e-07	-6.155238e-09	-2.861275e-09	-3.193934e+01	-3.363298e+02
4.800000e-07	-6.132670e-09	-2.826037e-09	-3.182224e+01	-3.350909e+02
4.900000e-07	-6.109662e-09	-2.825150e-09	-3.170285e+01	-3.338277e+02
5.000000e-07	-6.086200e-09	-2.837798e-09	-3.158111e+01	-3.325405e+02
5.100000e-07	-6.062344e-09	-2.808787e-09	-3.145732e+01	-3.312292e+02
5.200000e-07	-6.038178e-09	-2.782799e-09	-3.133192e+01	-3.298941e+02
5.300000e-07	-6.013695e-09	-2.791312e-09	-3.120488e+01	-3.285351e+02
5.400000e-07	-5.988808e-09	-2.777241e-09	-3.107574e+01	-3.271524e+02
5.500000e-07	-5.963361e-09	-2.757435e-09	-3.094370e+01	-3.257461e+02
5.600000e-07	-5.937236e-09	-2.757352e-09	-3.080814e+01	-3.243163e+02
5.700000e-07	-5.910473e-09	-2.747468e-09	-3.066926e+01	-3.228631e+02
5.800000e-07	-5.883160e-09	-2.721226e-09	-3.052754e+01	-3.213865e+02
5.900000e-07	-5.855377e-09	-2.714047e-09	-3.038337e+01	-3.198868e+02
6.000000e-07	-5.827270e-09	-2.707673e-09	-3.023753e+01	-3.183639e+02
6.100000e-07	-5.798909e-09	-2.693587e-09	-3.009036e+01	-3.168181e+02
6.200000e-07	-5.770258e-09	-2.686066e-09	-2.994169e+01	-3.152494e+02
6.300000e-07	-5.741236e-09	-2.676844e-09	-2.979110e+01	-3.136580e+02
6.400000e-07	-5.711776e-09	-2.653718e-09	-2.963824e+01	-3.120439e+02
6.500000e-07	-5.681898e-09	-2.637363e-09	-2.948320e+01	-3.104073e+02
6.600000e-07	-5.651636e-09	-2.624292e-09	-2.932617e+01	-3.087482e+02
6.700000e-07	-5.621001e-09	-2.610068e-09	-2.916720e+01	-3.070669e+02
6.800000e-07	-5.589967e-09	-2.599942e-09	-2.900617e+01	-3.053634e+02
6.900000e-07	-5.558521e-09	-2.594239e-09	-2.884300e+01	-3.036379e+02
7.000000e-07	-5.526729e-09	-2.583320e-09	-2.867803e+01	-3.018905e+02
7.100000e-07	-5.494665e-09	-2.572661e-09	-2.851165e+01	-3.001212e+02
7.200000e-07	-5.462360e-09	-2.558371e-09	-2.834402e+01	-2.983303e+02
7.300000e-07	-5.429787e-09	-2.537509e-09	-2.817500e+01	-2.965179e+02
7.400000e-07	-5.396859e-09	-2.519122e-09	-2.800414e+01	-2.946840e+02
7.500000e-07	-5.363444e-09	-2.505591e-09	-2.783075e+01	-2.928289e+02
7.600000e-07	-5.329435e-09	-2.491927e-09	-2.765428e+01	-2.909526e+02
7.700000e-07	-5.294826e-09	-2.478183e-09	-2.747469e+01	-2.890553e+02
7.800000e-07	-5.259646e-09	-2.468698e-09	-2.729215e+01	-2.871372e+02
7.900000e-07	-5.223966e-09	-2.455748e-09	-2.710701e+01	-2.851983e+02
8.000000e-07	-5.187917e-09	-2.442015e-09	-2.691995e+01	-2.832388e+02
8.100000e-07	-5.151619e-09	-2.426658e-09	-2.673160e+01	-2.812589e+02
8.200000e-07	-5.115107e-09	-2.409323e-09	-2.654214e+01	-2.792587e+02
8.300000e-07	-5.078311e-09	-2.390109e-09	-2.635120e+01	-2.772383e+02
8.400000e-07	-5.041161e-09	-2.370482e-09	-2.615843e+01	-2.751979e+02
8.500000e-07	-5.003626e-09	-2.351670e-09	-2.596367e+01	-2.731377e+02
8.600000e-07	-4.965743e-09	-2.335857e-09	-2.576709e+01	-2.710577e+02
8.700000e-07	-4.927556e-09	-2.318289e-09	-2.556894e+01	-2.689581e+02
8.800000e-07	-4.889057e-09	-2.299746e-09	-2.536917e+01	-2.668392e+02
8.900000e-07	-4.850221e-09	-2.282986e-09	-2.516765e+01	-2.647009e+02
9.000000e-07	-4.810997e-09	-2.269355e-09	-2.496412e+01	-2.625436e+02
9.100000e-07	-4.771410e-09	-2.252845e-09	-2.475871e+01	-2.603673e+02
9.200000e-07	-4.731530e-09	-2.233995e-09	-2.455177e+01	-2.581722e+02
9.300000e-07	-4.691405e-09	-2.212311e-09	-2.434356e+01	-2.559584e+02
9.400000e-07	-4.651060e-09	-2.191040e-09	-2.413421e+01	-2.537262e+02
9.500000e-07	-4.610476e-09	-2.172066e-09	-2.392362e+01	-2.514757e+02
9.600000e-07	-4.569602e-09	-2.155271e-09	-2.371153e+01	-2.492070e+02
9.700000e-07	-4.528357e-09	-2.136899e-09	-2.349751e+01	-2.469203e+02
9.800000e-07	-4.486670e-09	-2.117522e-09	-2.328120e+01	-2.446158e+02
9.900000e-07	-4.444469e-09	-2.098150e-09	-2.306222e+01	-2.422936e+02
1.000000e-06	-4.401762e-09	-2.079087e-09	-2.284061e+01	-2.399539e+02
1.010000e-06	-4.358617e-09	-2.060806e-09	-2.261674e+01	-2.375969e+02
1.020000e-06	-4.315073e-09	-2.042592e-09	-2.239079e+01	-2.352227e+02
1.030000e-06	-4.271192e-09	-2.021994e-09	-2.216309e+01	-2.328316e+02
1.040000e-06	-4.227055e-09	-2.000772e-09	-2.193407e+01	-2.304237e+02
1.050000e-06	-4.182710e-09	-1.983107e-09	-2.170396e+01	-2.279991e+02
1.060000e-06	-4.138171e-09	-1.968078e-09	-2.147285e+01	-2.255580e+02
1.070000e-06	-4.093412e-09	-1.950489e-09	-2.124060e+01	-2.231007e+02
1.080000e-06	-4.048371e-09	-1.929975e-09	-2.100688e+01	-2.206272e+02
1.090000e-06	-4.003017e-09	-1.909216e-09	-2.077154e+01	-2.181379e+02
1.100000e-06	-3.957373e-09	-1.891249e-09	-2.053470e+01	-2.156327e+02
1.110000e-06	-3.911431e-09	-1.876181e-09	-2.029631e+01	-2.131120e+02
1.120000e-06	-3.865188e-09	-1.859908e-09	-2.005635e+01	-2.105759e+02
1.130000e-06	-3.818674e-09	-1.841676e-09	-1.981499e+01	-2.080246e+02
1.140000e-06	-3.771895e-09	-1.820533e-09	-1.957225e+01	-2.054583e+02
1.150000e-06	-3.724861e-09	-1.798986e-09	-1.932820e+01	-2.028772e+02
1.160000e-06	-3.677564e-09	-1.777107e-09	-1.908277e+01	-2.002814e+02
1.170000e-06	-3.630002e-09	-1.755840e-09	-1.883598e+01	-1.976711e+02
1.180000e-06	-3.582205e-09	-1.734023e-09	-1.858796e+01	-1.950466e+02
1.190000e-06	-3.534204e-09	-1.713385e-09	-1.833888e+01	-1.924079e+02
1.200000e-06	-3.486011e-09	-1.694843e-09	-1.808881e+01	-1.897554e+02
1.210000e-06	-3.437602e-09	-1.677163e-09	-1.783762e+01	-1.870892e+02
1.220000e-06	-3.388950e-09	-1.657465e-09	-1.758517e+01	-1.844095e+02
1.230000e-06	-3.340013e-09	-1.634010e-09	-1.733123e+01	-1.817164e+02
1.240000e-06	-3.290748e-09	-1.607206e-09	-1.707560e+01	-1.790102e+02
1.250000e-06	-3.241164e-09	-1.582470e-09	-1.681831e+01	-1.762911e+02
1.260000e-06	-3.191257e-09	-1.562138e-09	-1.655934e+01	-1.735593e+02
1.270000e-06	-3.140985e-09	-1.543394e-09	-1.629849e+01	-1.708149e+02
1.280000e-06	-3.090344e-09	-1.522208e-09	-1.603571e+01	-1.680582e+02
1.290000e-06	-3.039329e-09	-1.500748e-09	-1.577100e+01	-1.652894e+02
1.300000e-06	-2.987997e-09	-1.480692e-09	-1.550464e+01	-1.625086e+02
1.310000e-06	-2.936419e-09	-1.460407e-09	-1.523700e+01	-1.597161e+02
1.320000e-06	-2.884575e-09	-1.438304e-09	-1.496798e+01	-1.569121e+02
1.330000e-06	-2.832492e-09	-1.412197e-09	-1.469773e+01	-1.540967e+02
1.340000e-06	-2.780205e-09	-1.385035e-09	-1.442641e+01	-1.512701e+02
1.350000e-06	-2.727710e-09	-1.361998e-09	-1.415402e+01	-1.484327e+02
1.360000e-06	-2.675034e-09	-1.342196e-09	-1.388068e+01	-1.455845e+02
1.370000e-06	-2.622182e-09	-1.320828e-09	-1.360643e+01	-1.427259e+02
1.380000e-06	-2.569150e-09	-1.294751e-09	-1.333125e+01	-1.398569e+02
1.390000e-06	-2.515942e-09	-1.268209e-09	-1.305516e+01	-1.369778e+02
1.400000e-06	-2.462555e-09	-1.245273e-09	-1.277814e+01	-1.340888e+02
1.410000e-06	-2.408982e-09	-1.224772e-09	-1.250015e+01	-1.311901e+02
1.420000e-06	-2.355209e-09	-1.202759e-09	-1.222112e+01	-1.282820e+02
1.430000e-06	-2.301279e-09	-1.176242e-09	-1.194128e+01	-1.253645e+02
1.440000e-06	-2.247238e-09	-1.149704e-09	-1.166086e+01	-1.224381e+02
1.450000e-06	-2.193061e-09	-1.125442e-09	-1.137974e+01	-1.195027e+02
1.460000e-06	-2.138723e-09	-1.103039e-09	-1.109778e+01	-1.165588e+02
1.470000e-06	-2.084220e-09	-1.077830e-09	-1.081497e+01	-1.136064e+02
1.480000e-06	-2.029568e-09	-1.048839e-09	-1.053138e+01	-1.106458e+02
1.490000e-06	-1.974764e-09	-1.019314e-09	-1.024700e+01	-1.076772e+02
1.500000e-06	-1.919812e-09	-9.934788e-10	-9.961857e+00	-1.047009e+02
1.510000e-06	-1.864716e-09	-9.723373e-10	-9.675968e+00	-1.017169e+02
1.520000e-06	-1.809480e-09	-9.511169e-10	-9.389350e+00	-9.872566e+01
1.530000e-06	-1.754119e-09	-9.274928e-10	-9.102082e+00	-9.572724e+01
1.540000e-06	-1.698656e-09	-9.010303e-10	-8.814288e+00	-9.272191e+01
1.550000e-06	-1.643088e-09	-8.719746e-10	-8.525946e+00	-8.970987e+01
1.560000e-06	-1.587406e-09	-8.424875e-10	-8.237017e+00	-8.669135e+01
1.570000e-06	-1.531627e-09	-8.130303e-10	-7.947582e+00	-8.366656e+01
1.580000e-06	-1.475762e-09	-7.839288e-10	-7.657696e+00	-8.063573e+01
1.590000e-06	-1.419816e-09	-7.581325e-10	-7.367394e+00	-7.759906e+01
1.600000e-06	-1.363785e-09	-7.368476e-10	-7.076653e+00	-7.455678e+01
1.610000e-06	-1.307686e-09	-7.156235e-10	-6.785555e+00	-7.150912e+01
1.620000e-06	-1.251532e-09	-6.916651e-10	-6.494175e+00	-6.845628e+01
1.630000e-06	-1.195331e-09	-6.648499e-10	-6.202547e+00	-6.539849e+01
1.640000e-06	-1.139092e-09	-6.359419e-10	-5.910726e+00	-6.233597e+01
1.650000e-06	-1.082808e-09	-6.075058e-10	-5.618672e+00	-5.926894e+01
1.660000e-06	-1.026489e-09	-5.802023e-10	-5.326434e+00	-5.619762e+01
1.670000e-06	-9.701395e-10	-5.539110e-10	-5.034037e+00	-5.312224e+01
1.680000e-06	-9.137581e-10	-5.277014e-10	-4.741476e+00	-5.004301e+01
1.690000e-06	-8.573391e-10	-5.006392e-10	-4.448720e+00	-4.696016e+01
1.700000e-06	-8.008993e-10	-4.740905e-10	-4.155855e+00	-4.387391e+01
1.710000e-06	-7.444430e-10	-4.480927e-10	-3.862905e+00	-4.078449e+01
1.720000e-06	-6.879345e-10	-4.208518e-10	-3.569684e+00	-3.769211e+01
1.730000e-06	-6.313748e-10	-3.935134e-10	-3.276197e+00	-3.459699e+01
1.740000e-06	-5.747835e-10	-3.678891e-10	-2.982547e+00	-3.149937e+01
1.750000e-06	-5.181703e-10	-3.420238e-10	-2.688782e+00	-2.839947e+01
1.760000e-06	-4.615300e-10	-3.134598e-10	-2.394878e+00	-2.529750e+01
1.770000e-06	-4.048620e-10	-2.833592e-10	-2.100829e+00	-2.219370e+01
1.780000e-06	-3.481744e-10	-2.530211e-10	-1.806679e+00	-1.908829e+01
1.790000e-06	-2.914677e-10	-2.246683e-10	-1.512429e+00	-1.598148e+01
1.800000e-06	-2.347444e-10	-1.992377e-10	-1.218094e+00	-1.287352e+01
1.810000e-06	-1.780129e-10	-1.742731e-10	-9.237160e-01	-9.764609e+00
1.820000e-06	-1.212976e-10	-1.494121e-10	-6.294224e-01	-6.654984e+00
1.830000e-06	-6.458220e-11	-1.250633e-10	-3.351278e-01	-3.544869e+00
1.840000e-06	-7.837107e-12	-9.923262e-11	-4.067924e-02	-4.344857e-01
1.850000e-06	4.889449e-11	-6.992361e-11	2.536993e-01	2.675940e+00
1.860000e-06	1.056076e-10	-3.888114e-11	5.479820e-01	5.786184e+00
1.870000e-06	1.623157e-10	-8.781443e-12	8.422387e-01	8.896022e+00
1.880000e-06	2.190084e-10	1.828474e-11	1.136415e+00	1.200523e+01
1.890000e-06	2.756891e-10	4.371951e-11	1.430530e+00	1.511358e+01
1.900000e-06	3.323782e-10	7.021503e-11	1.724688e+00	1.822086e+01
1.910000e-06	3.890613e-10	9.747227e-11	2.018815e+00	2.132683e+01
1.920000e-06	4.456971e-10	1.252093e-10	2.312696e+00	2.443127e+01
1.930000e-06	5.023035e-10	1.539464e-10	2.606425e+00	2.753396e+01
1.940000e-06	5.588920e-10	1.845732e-10	2.900061e+00	3.063468e+01
1.950000e-06	6.154391e-10	2.158035e-10	3.193482e+00	3.373319e+01
1.960000e-06	6.719331e-10	2.456068e-10	3.486628e+00	3.682929e+01
1.970000e-06	7.283769e-10	2.736264e-10	3.779513e+00	3.992274e+01
1.980000e-06	7.847800e-10	3.006389e-10	4.072187e+00	4.301332e+01
1.990000e-06	8.411506e-10	3.286777e-10	4.364692e+00	4.610080e+01
2.000000e-06	8.974931e-10	3.582388e-10	4.657052e+00	4.918497e+01
2.010000e-06	9.538090e-10	3.884884e-10	4.949274e+00	5.226561e+01
2.020000e-06	1.010109e-09	4.183551e-10	5.241415e+00	5.534248e+01
2.030000e-06	1.066385e-09	4.468386e-10	5.533425e+00	5.841538e+01
2.040000e-06	1.122613e-09	4.747322e-10	5.825194e+00	6.148407e+01
2.050000e-06	1.178790e-09	5.018992e-10	6.116691e+00	6.454833e+01
2.060000e-06	1.234912e-09	5.284531e-10	6.407909e+00	6.760795e+01
2.070000e-06	1.290971e-09	5.561791e-10	6.698799e+00	7.066270e+01
2.080000e-06	1.346965e-09	5.857673e-10	6.989349e+00	7.371236e+01
2.090000e-06	1.402874e-09	6.152372e-10	7.279460e+00	7.675672e+01
2.100000e-06	1.458697e-09	6.425745e-10	7.569125e+00	7.979555e+01
2.110000e-06	1.514434e-09	6.683996e-10	7.858338e+00	8.282863e+01
2.120000e-06	1.570058e-09	6.956246e-10	8.146970e+00	8.585575e+01
2.130000e-06	1.625582e-09	7.254908e-10	8.435086e+00	8.887669e+01
2.140000e-06	1.680998e-09	7.563478e-10	8.722637e+00	9.189122e+01
2.150000e-06	1.736306e-09	7.855472e-10	9.009629e+00	9.489913e+01
2.160000e-06	1.791496e-09	8.111333e-10	9.296008e+00	9.790021e+01
2.170000e-06	1.846543e-09	8.358268e-10	9.581643e+00	1.008942e+02
2.180000e-06	1.901435e-09	8.615429e-10	9.866477e+00	1.038810e+02
2.190000e-06	1.956181e-09	8.896945e-10	1.015055e+01	1.068603e+02
2.200000e-06	2.010794e-09	9.203176e-10	1.043394e+01	1.098318e+02
2.210000e-06	2.065272e-09	9.506749e-10	1.071663e+01	1.127955e+02
2.220000e-06	2.119628e-09	9.792132e-10	1.099868e+01	1.157510e+02
2.230000e-06	2.173844e-09	1.005396e-09	1.128000e+01	1.186982e+02
2.240000e-06	2.227912e-09	1.030565e-09	1.156056e+01	1.216369e+02
2.250000e-06	2.281832e-09	1.056513e-09	1.184035e+01	1.245667e+02
2.260000e-06	2.335580e-09	1.082405e-09	1.211924e+01	1.274876e+02
2.270000e-06	2.389146e-09	1.107080e-09	1.239719e+01	1.303993e+02
2.280000e-06	2.442523e-09	1.132007e-09	1.267417e+01	1.333017e+02
2.290000e-06	2.495712e-09	1.160176e-09	1.295017e+01	1.361944e+02
2.300000e-06	2.548715e-09	1.189255e-09	1.322519e+01	1.390773e+02
2.310000e-06	2.601528e-09	1.216187e-09	1.349924e+01	1.419501e+02
2.320000e-06	2.654147e-09	1.240839e-09	1.377228e+01	1.448128e+02
2.330000e-06	2.706587e-09	1.265437e-09	1.404439e+01	1.476650e+02
2.340000e-06	2.758846e-09	1.290550e-09	1.431556e+01	1.505065e+02
2.350000e-06	2.810883e-09	1.314953e-09	1.458558e+01	1.533372e+02
2.360000e-06	2.862686e-09	1.340414e-09	1.485438e+01	1.561569e+02
2.370000e-06	2.914232e-09	1.368500e-09	1.512185e+01	1.589653e+02
2.380000e-06	2.965491e-09	1.398887e-09	1.538783e+01	1.617622e+02
2.390000e-06	3.016429e-09	1.428111e-09	1.565214e+01	1.645475e+02
2.400000e-06	3.066989e-09	1.452466e-09	1.591450e+01	1.673209e+02
2.410000e-06	3.117166e-09	1.472646e-09	1.617487e+01	1.700822e+02
2.420000e-06	3.166994e-09	1.493759e-09	1.643343e+01	1.728313e+02
2.430000e-06	3.216454e-09	1.518449e-09	1.669007e+01	1.755680e+02
2.440000e-06	3.265570e-09	1.546770e-09	1.694493e+01	1.782919e+02
2.450000e-06	3.314428e-09	1.573936e-09	1.719845e+01	1.810031e+02
2.460000e-06	3.363070e-09	1.596529e-09	1.745085e+01	1.837011e+02
2.470000e-06	3.411520e-09	1.617415e-09	1.770226e+01	1.863860e+02
2.480000e-06	3.459794e-09	1.640899e-09	1.795275e+01	1.890574e+02
2.490000e-06	3.507890e-09	1.667118e-09	1.820232e+01	1.917151e+02
2.500000e-06	3.555791e-09	1.693521e-09	1.845088e+01	1.943591e+02
2.510000e-06	3.603461e-09	1.718013e-09	1.869824e+01	1.969890e+02
2.520000e-06	3.650846e-09	1.741494e-09	1.894412e+01	1.996047e+02
2.530000e-06	3.697929e-09	1.765205e-09	1.918843e+01	2.022061e+02
2.540000e-06	3.744733e-09	1.786521e-09	1.943129e+01	2.047928e+02
2.550000e-06	3.791261e-09	1.805282e-09	1.967273e+01	2.073648e+02
2.560000e-06	3.837538e-09	1.826410e-09	1.991285e+01	2.099219e+02
2.570000e-06	3.883574e-09	1.853916e-09	2.015174e+01	2.124638e+02
2.580000e-06	3.929372e-09	1.885752e-09	2.038938e+01	2.149903e+02
2.590000e-06	3.974915e-09	1.916064e-09	2.062570e+01	2.175014e+02
2.600000e-06	4.020140e-09	1.940748e-09	2.086037e+01	2.199968e+02
2.610000e-06	4.065062e-09	1.959843e-09	2.109347e+01	2.224764e+02
2.620000e-06	4.109745e-09	1.976015e-09	2.132533e+01	2.249399e+02
2.630000e-06	4.154228e-09	1.993266e-09	2.155615e+01	2.273872e+02
2.640000e-06	4.198551e-09	2.014003e-09	2.178614e+01	2.298180e+02
2.650000e-06	4.242714e-09	2.038682e-09	2.201530e+01	2.322323e+02
2.660000e-06	4.286662e-09	2.067006e-09	2.224335e+01	2.346299e+02
2.670000e-06	4.330313e-09	2.096282e-09	2.246985e+01	2.370106e+02
2.680000e-06	4.373578e-09	2.122544e-09	2.269435e+01	2.393741e+02
2.690000e-06	4.416349e-09	2.142906e-09	2.291629e+01	2.417204e+02
2.700000e-06	4.458565e-09	2.158342e-09	2.313534e+01	2.440493e+02
2.710000e-06	4.500279e-09	2.174272e-09	2.335180e+01	2.463606e+02
2.720000e-06	4.541526e-09	2.194669e-09	2.356583e+01	2.486541e+02
2.730000e-06	4.582371e-09	2.219219e-09	2.377777e+01	2.509296e+02
2.740000e-06	4.622936e-09	2.245184e-09	2.398826e+01	2.531871e+02
2.750000e-06	4.663283e-09	2.269938e-09	2.419762e+01	2.554263e+02
2.760000e-06	4.703432e-09	2.291996e-09	2.440595e+01	2.576471e+02
2.770000e-06	4.743354e-09	2.310409e-09	2.461311e+01	2.598494e+02
2.780000e-06	4.782954e-09	2.326285e-09	2.481859e+01	2.620329e+02
2.790000e-06	4.822197e-09	2.342724e-09	2.502222e+01	2.641974e+02
2.800000e-06	4.861073e-09	2.360422e-09	2.522395e+01	2.663430e+02
2.810000e-06	4.899596e-09	2.381089e-09	2.542384e+01	2.684693e+02
2.820000e-06	4.937802e-09	2.403392e-09	2.562209e+01	2.705763e+02
2.830000e-06	4.975683e-09	2.424015e-09	2.581866e+01	2.726637e+02
2.840000e-06	5.013242e-09	2.443160e-09	2.601355e+01	2.747315e+02
2.850000e-06	5.050446e-09	2.460350e-09	2.620660e+01	2.767795e+02
2.860000e-06	5.087290e-09	2.476318e-09	2.639778e+01	2.788076e+02
2.870000e-06	5.123858e-09	2.493059e-09	2.658753e+01	2.808155e+02
2.880000e-06	5.160209e-09	2.510771e-09	2.677616e+01	2.828031e+02
2.890000e-06	5.196356e-09	2.528294e-09	2.696372e+01	2.847704e+02
2.900000e-06	5.232227e-09	2.545837e-09	2.714986e+01	2.867172e+02
2.910000e-06	5.267694e-09	2.564276e-09	2.733389e+01	2.886432e+02
2.920000e-06	5.302624e-09	2.581844e-09	2.751514e+01	2.905485e+02
2.930000e-06	5.336923e-09	2.597155e-09	2.769312e+01	2.924328e+02
2.940000e-06	5.370578e-09	2.611095e-09	2.786776e+01	2.942960e+02
2.950000e-06	5.403689e-09	2.625391e-09	2.803957e+01	2.961379e+02
2.960000e-06	5.436401e-09	2.641448e-09	2.820931e+01	2.979586e+02
2.970000e-06	5.468836e-09	2.657354e-09	2.837761e+01	2.997577e+02
2.980000e-06	5.501056e-09	2.670829e-09	2.854480e+01	3.015352e+02
2.990000e-06	5.533014e-09	2.683172e-09	2.871063e+01	3.032910e+02
3.000000e-06	5.564620e-09	2.697486e-09	2.887463e+01	3.050249e+02
3.010000e-06	5.595804e-09	2.715015e-09	2.903645e+01	3.067368e+02
3.020000e-06	5.626568e-09	2.732128e-09	2.919608e+01	3.084266e+02
3.030000e-06	5.656940e-09	2.746108e-09	2.935368e+01	3.100941e+02
3.040000e-06	5.686928e-09	2.757931e-09	2.950929e+01	3.117393e+02
3.050000e-06	5.716529e-09	2.769931e-09	2.966288e+01	3.133620e+02
3.060000e-06	5.745740e-09	2.783902e-09	2.981446e+01	3.149621e+02
3.070000e-06	5.774581e-09	2.798670e-09	2.996411e+01	3.165395e+02
3.080000e-06	5.803121e-09	2.812360e-09	3.011221e+01	3.180940e+02
3.090000e-06	5.831445e-09	2.825411e-09	3.025918e+01	3.196256e+02
3.100000e-06	5.859524e-09	2.839495e-09	3.040488e+01	3.211342e+02
3.110000e-06	5.887253e-09	2.853925e-09	3.054877e+01	3.226196e+02
3.120000e-06	5.914458e-09	2.866375e-09	3.068993e+01	3.240817e+02
3.130000e-06	5.940976e-09	2.876595e-09	3.082753e+01	3.255205e+02
3.140000e-06	5.966798e-09	2.885628e-09	3.096152e+01	3.269357e+02
3.150000e-06	5.991992e-09	2.896422e-09	3.109226e+01	3.283274e+02
3.160000e-06	6.016693e-09	2.911476e-09	3.122042e+01	3.296955e+02
3.170000e-06	6.041044e-09	2.926594e-09	3.134678e+01	3.310397e+02
3.180000e-06	6.065077e-09	2.937403e-09	3.147149e+01	3.323601e+02
3.190000e-06	6.088731e-09	2.944598e-09	3.159423e+01	3.336565e+02
3.200000e-06	6.111938e-09	2.951880e-09	3.171465e+01	3.349288e+02
3.210000e-06	6.134714e-09	2.962457e-09	3.183283e+01	3.361770e+02
3.220000e-06	6.157084e-09	2.975542e-09	3.194891e+01	3.374009e+02
3.230000e-06	6.179064e-09	2.987671e-09	3.206296e+01	3.386005e+02
3.240000e-06	6.200617e-09	2.998933e-09	3.217481e+01	3.397757e+02
3.250000e-06	6.221715e-09	3.010392e-09	3.228428e+01	3.409264e+02
3.260000e-06	6.242444e-09	3.020158e-09	3.239184e+01	3.420525e+02
3.270000e-06	6.262888e-09	3.027362e-09	3.249792e+01	3.431539e+02
3.280000e-06	6.283069e-09	3.033850e-09	3.260264e+01	3.442306e+02
3.290000e-06	6.302936e-09	3.042285e-09	3.270573e+01	3.452824e+02
3.300000e-06	6.322370e-09	3.053248e-09	3.280658e+01	3.463093e+02
3.310000e-06	6.341259e-09	3.063694e-09	3.290459e+01	3.473113e+02
3.320000e-06	6.359624e-09	3.069734e-09	3.299988e+01	3.482882e+02
3.330000e-06	6.377546e-09	3.071473e-09	3.309288e+01	3.492400e+02
3.340000e-06	6.395109e-09	3.074697e-09	3.318401e+01	3.501666e+02
3.350000e-06	6.412333e-09	3.083067e-09	3.327339e+01	3.510680e+02
3.360000e-06	6.429108e-09	3.093834e-09	3.336044e+01	3.519440e+02
3.370000e-06	6.445337e-09	3.102943e-09	3.344465e+01	3.527947e+02
3.380000e-06	6.460925e-09	3.108362e-09	3.352553e+01	3.536199e+02
3.390000e-06	6.475895e-09	3.111560e-09	3.360321e+01	3.544196e+02
3.400000e-06	6.490386e-09	3.114084e-09	3.367841e+01	3.551937e+02
3.410000e-06	6.504411e-09	3.116410e-09	3.375118e+01	3.559422e+02
3.420000e-06	6.517935e-09	3.120468e-09	3.382136e+01	3.566651e+02
3.430000e-06	6.530991e-09	3.125430e-09	3.388910e+01	3.573622e+02
3.440000e-06	6.543599e-09	3.131656e-09	3.395453e+01	3.580335e+02
3.450000e-06	6.555779e-09	3.139096e-09	3.401773e+01	3.586791e+02
3.460000e-06	6.567472e-09	3.144592e-09	3.407841e+01	3.592987e+02
3.470000e-06	6.578531e-09	3.146447e-09	3.413579e+01	3.598925e+02
3.480000e-06	6.588860e-09	3.146103e-09	3.418939e+01	3.604603e+02
3.490000e-06	6.598455e-09	3.147853e-09	3.423918e+01	3.610021e+02
3.500000e-06	6.607436e-09	3.153675e-09	3.428578e+01	3.615178e+02
3.510000e-06	6.616004e-09	3.161338e-09	3.433024e+01	3.620075e+02
3.520000e-06	6.624266e-09	3.167721e-09	3.437311e+01	3.624711e+02
3.530000e-06	6.632163e-09	3.172242e-09	3.441409e+01	3.629085e+02
3.540000e-06	6.639615e-09	3.173991e-09	3.445275e+01	3.633197e+02
3.550000e-06	6.646598e-09	3.171894e-09	3.448899e+01	3.637048e+02
3.560000e-06	6.653110e-09	3.168664e-09	3.452278e+01	3.640636e+02
3.570000e-06	6.659153e-09	3.167616e-09	3.455413e+01	3.643962e+02
3.580000e-06	6.664717e-09	3.169772e-09	3.458301e+01	3.647024e+02
3.590000e-06	6.669798e-09	3.173479e-09	3.460937e+01	3.649824e+02
3.600000e-06	6.674480e-09	3.175857e-09	3.463367e+01	3.652361e+02
3.610000e-06	6.678859e-09	3.177434e-09	3.465639e+01	3.654634e+02
3.620000e-06	6.682941e-09	3.178265e-09	3.467757e+01	3.656643e+02
3.630000e-06	6.686609e-09	3.176862e-09	3.469661e+01	3.658389e+02
3.640000e-06	6.689676e-09	3.174535e-09	3.471252e+01	3.659871e+02
3.650000e-06	6.692044e-09	3.172453e-09	3.472480e+01	3.661089e+02
3.660000e-06	6.693698e-09	3.171191e-09	3.473339e+01	3.662043e+02
3.670000e-06	6.694739e-09	3.171126e-09	3.473879e+01	3.662733e+02
3.680000e-06	6.695361e-09	3.170487e-09	3.474202e+01	3.663158e+02
3.690000e-06	6.695664e-09	3.168558e-09	3.474359e+01	3.663320e+02
3.700000e-06	6.695603e-09	3.168470e-09	3.474327e+01	3.663217e+02
3.710000e-06	6.695101e-09	3.169975e-09	3.474067e+01	3.662850e+02
3.720000e-06	6.694126e-09	3.169100e-09	3.473561e+01	3.662219e+02
3.730000e-06	6.692696e-09	3.165085e-09	3.472819e+01	3.661323e+02
3.740000e-06	6.690865e-09	3.159290e-09	3.471869e+01	3.660164e+02
3.750000e-06	6.688596e-09	3.142696e-09	3.470691e+01	3.658740e+02
3.760000e-06	6.685854e-09	3.121104e-09	3.469269e+01	3.657053e+02
3.770000e-06	6.682691e-09	3.163634e-09	3.467627e+01	3.655102e+02
3.780000e-06	6.679029e-09	3.236164e-09	3.465727e+01	3.652887e+02
3.790000e-06	6.674690e-09	3.173811e-09	3.463476e+01	3.650409e+02
3.800000e-06	6.669727e-09	3.086073e-09	3.460901e+01	3.647668e+02
3.810000e-06	6.664474e-09	3.149662e-09	3.458175e+01	3.644663e+02
3.820000e-06	6.658976e-09	3.203682e-09	3.455322e+01	3.641396e+02
3.830000e-06	6.652889e-09	3.107770e-09	3.452163e+01	3.637866e+02
3.840000e-06	6.646044e-09	3.027779e-09	3.448612e+01	3.634074e+02
3.850000e-06	6.638679e-09	3.157812e-09	3.444790e+01	3.630019e+02
3.860000e-06	6.631001e-09	3.260880e-09	3.440806e+01	3.625703e+02
3.870000e-06	6.622887e-09	3.122508e-09	3.436596e+01	3.621125e+02
3.880000e-06	6.614210e-09	2.993543e-09	3.432093e+01	3.616286e+02
3.890000e-06	6.605116e-09	3.094733e-09	3.427374e+01	3.611186e+02
3.900000e-06	6.595721e-09	3.204181e-09	3.422499e+01	3.605826e+02
3.910000e-06	6.585876e-09	3.083826e-09	3.417391e+01	3.600206e+02
3.920000e-06	6.575486e-09	2.996234e-09	3.411999e+01	3.594326e+02
3.930000e-06	6.564652e-09	3.124783e-09	3.406377e+01	3.588187e+02
3.940000e-06	6.553378e-09	3.200341e-09	3.400527e+01	3.581789e+02
3.950000e-06	6.541521e-09	3.051944e-09	3.394375e+01	3.575133e+02
3.960000e-06	6.529062e-09	2.981526e-09	3.387910e+01	3.568218e+02
3.970000e-06	6.516112e-09	3.089774e-09	3.381191e+01	3.561047e+02
3.980000e-06	6.502573e-09	3.105536e-09	3.374165e+01	3.553619e+02
3.990000e-06	6.488235e-09	3.002157e-09	3.366725e+01	3.545934e+02
4.000000e-06	6.473226e-09	3.036622e-09	3.358937e+01	3.537993e+02
4.010000e-06	6.457792e-09	3.116834e-09	3.350928e+01	3.529798e+02
4.020000e-06	6.442013e-09	3.019670e-09	3.342740e+01	3.521348e+02
4.030000e-06	6.425849e-09	2.934501e-09	3.334353e+01	3.512644e+02
4.040000e-06	6.409284e-09	3.034430e-09	3.325758e+01	3.503686e+02
4.050000e-06	6.392316e-09	3.080216e-09	3.316953e+01	3.494476e+02
4.060000e-06	6.374887e-09	2.963468e-09	3.307909e+01	3.485014e+02
4.070000e-06	6.357022e-09	2.950962e-09	3.298639e+01	3.475300e+02
4.080000e-06	6.338762e-09	3.027308e-09	3.289164e+01	3.465336e+02
4.090000e-06	6.320026e-09	2.982197e-09	3.279442e+01	3.455122e+02
4.100000e-06	6.300833e-09	2.911310e-09	3.269483e+01	3.444659e+02
4.110000e-06	6.281324e-09	2.959888e-09	3.259360e+01	3.433947e+02
4.120000e-06	6.261561e-09	2.961443e-09	3.249105e+01	3.422988e+02
4.130000e-06	6.241445e-09	2.896361e-09	3.238667e+01	3.411781e+02
4.140000e-06	6.220838e-09	2.919470e-09	3.227974e+01	3.400329e+02
4.150000e-06	6.199599e-09	2.957915e-09	3.216953e+01	3.388632e+02
4.160000e-06	6.177617e-09	2.892892e-09	3.205547e+01	3.376690e+02
4.170000e-06	6.154942e-09	2.853001e-09	3.193780e+01	3.364504e+02
4.180000e-06	6.131764e-09	2.876257e-09	3.181754e+01	3.352076e+02
4.190000e-06	6.108251e-09	2.859768e-09	3.169553e+01	3.339406e+02
4.200000e-06	6.084448e-09	2.838805e-09	3.157202e+01	3.326495e+02
4.210000e-06	6.060320e-09	2.856913e-09	3.144681e+01	3.313345e+02
4.220000e-06	6.035768e-09	2.832182e-09	3.131942e+01	3.299955e+02
4.230000e-06	6.010751e-09	2.794690e-09	3.118961e+01	3.286328e+02
4.240000e-06	5.985286e-09	2.810769e-09	3.105746e+01	3.272463e+02
4.250000e-06	5.959390e-09	2.809012e-09	3.092309e+01	3.258362e+02
4.260000e-06	5.933083e-09	2.764578e-09	3.078659e+01	3.244027e+02
4.270000e-06	5.906367e-09	2.746452e-09	3.064796e+01	3.229457e+02
4.280000e-06	5.879279e-09	2.744111e-09	3.050740e+01	3.214655e+02
4.290000e-06	5.851883e-09	2.726490e-09	3.036525e+01	3.199620e+02
4.300000e-06	5.824218e-09	2.722360e-09	3.022169e+01	3.184355e+02
4.310000e-06	5.796275e-09	2.712269e-09	3.007669e+01	3.168860e+02
4.320000e-06	5.767937e-09	2.683553e-09	2.992965e+01	3.153137e+02
4.330000e-06	5.739034e-09	2.672754e-09	2.977967e+01	3.137186e+02
4.340000e-06	5.709464e-09	2.674044e-09	2.962624e+01	3.121010e+02
4.350000e-06	5.679231e-09	2.657508e-09	2.946936e+01	3.104608e+02
4.360000e-06	5.648426e-09	2.637856e-09	2.930951e+01	3.087982e+02
4.370000e-06	5.617203e-09	2.613477e-09	2.914750e+01	3.071133e+02
4.380000e-06	5.585693e-09	2.587198e-09	2.898399e+01	3.054063e+02
4.390000e-06	5.553898e-09	2.579877e-09	2.881901e+01	3.036773e+02
4.400000e-06	5.521764e-09	2.575817e-09	2.865227e+01	3.019263e+02
4.410000e-06	5.489239e-09	2.551355e-09	2.848350e+01	3.001536e+02
4.420000e-06	5.456328e-09	2.532614e-09	2.831272e+01	2.983593e+02
4.430000e-06	5.423081e-09	2.521172e-09	2.814021e+01	2.965434e+02
4.440000e-06	5.389494e-09	2.506086e-09	2.796592e+01	2.947061e+02
4.450000e-06	5.355545e-09	2.494779e-09	2.778976e+01	2.928476e+02
4.460000e-06	5.321219e-09	2.479951e-09	2.761165e+01	2.909680e+02
4.470000e-06	5.286502e-09	2.451565e-09	2.743150e+01	2.890674e+02
4.480000e-06	5.251424e-09	2.430205e-09	2.724948e+01	2.871459e+02
4.490000e-06	5.216063e-09	2.420628e-09	2.706599e+01	2.852037e+02
4.500000e-06	5.180479e-09	2.407966e-09	2.688135e+01	2.832410e+02
4.510000e-06	5.144665e-09	2.388245e-09	2.669551e+01	2.812578e+02
4.520000e-06	5.108540e-09	2.366460e-09	2.650806e+01	2.792544e+02
4.530000e-06	5.071993e-09	2.347827e-09	2.631842e+01	2.772308e+02
4.540000e-06	5.034908e-09	2.337304e-09	2.612599e+01	2.751872e+02
4.550000e-06	4.997193e-09	2.321942e-09	2.593029e+01	2.731238e+02
4.560000e-06	4.958893e-09	2.295688e-09	2.573155e+01	2.710407e+02
4.570000e-06	4.920129e-09	2.268955e-09	2.553040e+01	2.689380e+02
4.580000e-06	4.880991e-09	2.248219e-09	2.532732e+01	2.668160e+02
4.590000e-06	4.841566e-09	2.231812e-09	2.512274e+01	2.646747e+02
4.600000e-06	4.801907e-09	2.215073e-09	2.491695e+01	2.625143e+02
4.610000e-06	4.762005e-09	2.195084e-09	2.470990e+01	2.603350e+02
4.620000e-06	4.721840e-09	2.172587e-09	2.450149e+01	2.581369e+02
4.630000e-06	4.681352e-09	2.154987e-09	2.429140e+01	2.559202e+02
4.640000e-06	4.640491e-09	2.140550e-09	2.407937e+01	2.536850e+02
4.650000e-06	4.599302e-09	2.122464e-09	2.386564e+01	2.514316e+02
4.660000e-06	4.557832e-09	2.095074e-09	2.365046e+01	2.491600e+02
4.670000e-06	4.516058e-09	2.064225e-09	2.343369e+01	2.468705e+02
4.680000e-06	4.473970e-09	2.041404e-09	2.321530e+01	2.445631e+02
4.690000e-06	4.431557e-09	2.028802e-09	2.299522e+01	2.422381e+02
4.700000e-06	4.388811e-09	2.015706e-09	2.277341e+01	2.398957e+02
4.710000e-06	4.345764e-09	1.996266e-09	2.255004e+01	2.375359e+02
4.720000e-06	4.302480e-09	1.973384e-09	2.232544e+01	2.351591e+02
4.730000e-06	4.259005e-09	1.952096e-09	2.209985e+01	2.327652e+02
4.740000e-06	4.215354e-09	1.930403e-09	2.187335e+01	2.303546e+02
4.750000e-06	4.171516e-09	1.906773e-09	2.164587e+01	2.279274e+02
4.760000e-06	4.127428e-09	1.881328e-09	2.141710e+01	2.254837e+02
4.770000e-06	4.083057e-09	1.859058e-09	2.118686e+01	2.230238e+02
4.780000e-06	4.038385e-09	1.841705e-09	2.095506e+01	2.205478e+02
4.790000e-06	3.993343e-09	1.827870e-09	2.072134e+01	2.180559e+02
4.800000e-06	3.947959e-09	1.809716e-09	2.048585e+01	2.155483e+02
4.810000e-06	3.902285e-09	1.782456e-09	2.024884e+01	2.130251e+02
4.820000e-06	3.856341e-09	1.752040e-09	2.001044e+01	2.104866e+02
4.830000e-06	3.810206e-09	1.728031e-09	1.977104e+01	2.079329e+02
4.840000e-06	3.763884e-09	1.710277e-09	1.953069e+01	2.053642e+02
4.850000e-06	3.717376e-09	1.691251e-09	1.928936e+01	2.027807e+02
4.860000e-06	3.670670e-09	1.666396e-09	1.904700e+01	2.001825e+02
4.870000e-06	3.623701e-09	1.640445e-09	1.880328e+01	1.975700e+02
4.880000e-06	3.576415e-09	1.619627e-09	1.855791e+01	1.949432e+02
4.890000e-06	3.528796e-09	1.600075e-09	1.831082e+01	1.923023e+02
4.900000e-06	3.480814e-09	1.576487e-09	1.806184e+01	1.896476e+02
4.910000e-06	3.432449e-09	1.548109e-09	1.781088e+01	1.869792e+02
4.920000e-06	3.383749e-09	1.519942e-09	1.755818e+01	1.842973e+02
4.930000e-06	3.334757e-09	1.497398e-09	1.730396e+01	1.816022e+02
4.940000e-06	3.285506e-09	1.478379e-09	1.704839e+01	1.788939e+02
4.950000e-06	3.235998e-09	1.455947e-09	1.679150e+01	1.761728e+02
4.960000e-06	3.186241e-09	1.428515e-09	1.653331e+01	1.734389e+02
4.970000e-06	3.136253e-09	1.400121e-09	1.627393e+01	1.706926e+02
4.980000e-06	3.086037e-09	1.375334e-09	1.601336e+01	1.679339e+02
4.990000e-06	3.035605e-09	1.352728e-09	1.575167e+01	1.651632e+02
5.000000e-06	2.984930e-09	1.327898e-09	1.548872e+01	1.623805e+02
5.010000e-06	2.933984e-09	1.300147e-09	1.522436e+01	1.595861e+02
5.020000e-06	2.882813e-09	1.274359e-09	1.495884e+01	1.567802e+02
5.030000e-06	2.831465e-09	1.253036e-09	1.469239e+01	1.539631e+02
5.040000e-06	2.779938e-09	1.232694e-09	1.442502e+01	1.511348e+02
5.050000e-06	2.728229e-09	1.206919e-09	1.415670e+01	1.482956e+02
5.060000e-06	2.676338e-09	1.176879e-09	1.388744e+01	1.454457e+02
5.070000e-06	2.624268e-09	1.148009e-09	1.361726e+01	1.425854e+02
5.080000e-06	2.571985e-09	1.124005e-09	1.334596e+01	1.397148e+02
5.090000e-06	2.519438e-09	1.102753e-09	1.307329e+01	1.368341e+02
5.100000e-06	2.466632e-09	1.079211e-09	1.279928e+01	1.339435e+02
5.110000e-06	2.413570e-09	1.051224e-09	1.252395e+01	1.310433e+02
5.120000e-06	2.360225e-09	1.023859e-09	1.224714e+01	1.281337e+02
5.130000e-06	2.306599e-09	9.996180e-10	1.196888e+01	1.252148e+02
5.140000e-06	2.252703e-09	9.762397e-10	1.168922e+01	1.222869e+02
5.150000e-06	2.198522e-09	9.505972e-10	1.140807e+01	1.193502e+02
5.160000e-06	2.144087e-09	9.214501e-10	1.112561e+01	1.164049e+02
5.170000e-06	2.089426e-09	8.918658e-10	1.084198e+01	1.134511e+02
5.180000e-06	2.034534e-09	8.660598e-10	1.055715e+01	1.104893e+02
5.190000e-06	1.979469e-09	8.436437e-10	1.027141e+01	1.075194e+02
5.200000e-06	1.924282e-09	8.198877e-10	9.985050e+00	1.045418e+02
5.210000e-06	1.868986e-09	7.943476e-10	9.698121e+00	1.015567e+02
5.220000e-06	1.813611e-09	7.687527e-10	9.410784e+00	9.856426e+01
5.230000e-06	1.758161e-09	7.449698e-10	9.123056e+00	9.556472e+01
5.240000e-06	1.702632e-09	7.205355e-10	8.834915e+00	9.255830e+01
5.250000e-06	1.647040e-09	6.931987e-10	8.546451e+00	8.954521e+01
5.260000e-06	1.591383e-09	6.648605e-10	8.257649e+00	8.652567e+01
5.270000e-06	1.535664e-09	6.378033e-10	7.968526e+00	8.349990e+01
5.280000e-06	1.479887e-09	6.131053e-10	7.679098e+00	8.046811e+01
5.290000e-06	1.424032e-09	5.903636e-10	7.389267e+00	7.743053e+01
5.300000e-06	1.368084e-09	5.657710e-10	7.098954e+00	7.438737e+01
5.310000e-06	1.312048e-09	5.382520e-10	6.808189e+00	7.133886e+01
5.320000e-06	1.255950e-09	5.106991e-10	6.517096e+00	6.828521e+01
5.330000e-06	1.199778e-09	4.857763e-10	6.225621e+00	6.522664e+01
5.340000e-06	1.143512e-09	4.635149e-10	5.933661e+00	6.216338e+01
5.350000e-06	1.087180e-09	4.397691e-10	5.641355e+00	5.909565e+01
5.360000e-06	1.030783e-09	4.120163e-10	5.348710e+00	5.602366e+01
5.370000e-06	9.743073e-10	3.831336e-10	5.055661e+00	5.294764e+01
5.380000e-06	9.177685e-10	3.570003e-10	4.762283e+00	4.986782e+01
5.390000e-06	8.611569e-10	3.333128e-10	4.468527e+00	4.678440e+01
5.400000e-06	8.045002e-10	3.087544e-10	4.174537e+00	4.369762e+01
5.410000e-06	7.477990e-10	2.820029e-10	3.880317e+00	4.060770e+01
5.420000e-06	6.910263e-10	2.547754e-10	3.585725e+00	3.751486e+01
5.430000e-06	6.342011e-10	2.284699e-10	3.290861e+00	3.441933e+01
5.440000e-06	5.773054e-10	2.019504e-10	2.995631e+00	3.132132e+01
5.450000e-06	5.203592e-10	1.753114e-10	2.700139e+00	2.822107e+01
5.460000e-06	4.633793e-10	1.490049e-10	2.404472e+00	2.511879e+01
5.470000e-06	4.063347e-10	1.239652e-10	2.108469e+00	2.201470e+01
5.480000e-06	3.492737e-10	1.004324e-10	1.812382e+00	1.890905e+01
5.490000e-06	2.922209e-10	7.578774e-11	1.516337e+00	1.580203e+01
5.500000e-06	2.351363e-10	4.872645e-11	1.220126e+00	1.269389e+01
5.510000e-06	1.780515e-10	1.959804e-11	9.239154e-01	9.584848e+00
5.520000e-06	1.209695e-10	-8.166999e-12	6.277185e-01	6.475122e+00
5.530000e-06	6.387710e-11	-3.173749e-11	3.314678e-01	3.364940e+00
5.540000e-06	6.799292e-12	-5.140791e-11	3.529288e-02	2.545270e-01
5.550000e-06	-5.028103e-11	-7.172278e-11	-2.608951e-01	-2.855893e+00
5.560000e-06	-1.073790e-10	-9.647257e-11	-5.571746e-01	-5.966096e+00
5.570000e-06	-1.644696e-10	-1.247827e-10	-8.534159e-01	-9.075857e+00
5.580000e-06	-2.215574e-10	-1.534393e-10	-1.149642e+00	-1.218495e+01
5.590000e-06	-2.786645e-10	-1.813347e-10	-1.445969e+00	-1.529316e+01
5.600000e-06	-3.357500e-10	-2.085596e-10	-1.742184e+00	-1.840025e+01
5.610000e-06	-3.927764e-10	-2.338958e-10	-2.038092e+00	-2.150600e+01
5.620000e-06	-4.497715e-10	-2.569699e-10	-2.333838e+00	-2.461018e+01
5.630000e-06	-5.067316e-10	-2.784115e-10	-2.629402e+00	-2.771258e+01
5.640000e-06	-5.636188e-10	-3.010139e-10	-2.924588e+00	-3.081297e+01
5.650000e-06	-6.204481e-10	-3.265381e-10	-3.219474e+00	-3.391113e+01
5.660000e-06	-6.772200e-10	-3.542710e-10	-3.514061e+00	-3.700683e+01
5.670000e-06	-7.339179e-10	-3.821415e-10	-3.808265e+00	-4.009984e+01
5.680000e-06	-7.905634e-10	-4.104892e-10	-4.102196e+00	-4.318995e+01
5.690000e-06	-8.471630e-10	-4.390137e-10	-4.395890e+00	-4.627694e+01
5.700000e-06	-9.036920e-10	-4.646995e-10	-4.689217e+00	-4.936057e+01
5.710000e-06	-9.601337e-10	-4.878137e-10	-4.982091e+00	-5.244063e+01
5.720000e-06	-1.016498e-09	-5.106514e-10	-5.274565e+00	-5.551689e+01
5.730000e-06	-1.072792e-09	-5.349785e-10	-5.566669e+00	-5.858914e+01
5.740000e-06	-1.129010e-09	-5.619237e-10	-5.858387e+00	-6.165715e+01
5.750000e-06	-1.185155e-09	-5.898712e-10	-6.149721e+00	-6.472070e+01
5.760000e-06	-1.241209e-09	-6.180437e-10	-6.440582e+00	-6.777956e+01
5.770000e-06	-1.297191e-09	-6.457923e-10	-6.731071e+00	-7.083353e+01
5.780000e-06	-1.353101e-09	-6.724100e-10	-7.021187e+00	-7.388237e+01
5.790000e-06	-1.408921e-09	-6.983591e-10	-7.310833e+00	-7.692587e+01
5.800000e-06	-1.464678e-09	-7.223849e-10	-7.600154e+00	-7.996381e+01
5.810000e-06	-1.520383e-09	-7.448224e-10	-7.889207e+00	-8.299597e+01
5.820000e-06	-1.576035e-09	-7.678965e-10	-8.177982e+00	-8.602213e+01
5.830000e-06	-1.631631e-09	-7.929605e-10	-8.466473e+00	-8.904206e+01
5.840000e-06	-1.687172e-09	-8.206944e-10	-8.754672e+00	-9.205557e+01
5.850000e-06	-1.742646e-09	-8.490046e-10	-9.042523e+00	-9.506242e+01
5.860000e-06	-1.798029e-09	-8.738088e-10	-9.329908e+00	-9.806240e+01
5.870000e-06	-1.853333e-09	-8.944495e-10	-9.616878e+00	-1.010553e+02
5.880000e-06	-1.908538e-09	-9.148461e-10	-9.903335e+00	-1.040409e+02
5.890000e-06	-1.963596e-09	-9.390477e-10	-1.018903e+01	-1.070189e+02
5.900000e-06	-2.018487e-09	-9.665282e-10	-1.047386e+01	-1.099893e+02
5.910000e-06	-2.073166e-09	-9.934294e-10	-1.075758e+01	-1.129517e+02
5.920000e-06	-2.127589e-09	-1.017894e-09	-1.103998e+01	-1.159059e+02
5.930000e-06	-2.181745e-09	-1.041872e-09	-1.132099e+01	-1.188518e+02
5.940000e-06	-2.235650e-09	-1.066560e-09	-1.160071e+01	-1.217890e+02
5.950000e-06	-2.289286e-09	-1.090182e-09	-1.187902e+01	-1.247175e+02
5.960000e-06	-2.342635e-09	-1.111781e-09	-1.215585e+01	-1.276370e+02
5.970000e-06	-2.395696e-09	-1.133664e-09	-1.243118e+01	-1.305472e+02
5.980000e-06	-2.448467e-09	-1.158438e-09	-1.270500e+01	-1.334480e+02
5.990000e-06	-2.500989e-09	-1.185009e-09	-1.297754e+01	-1.363392e+02
6.000000e-06	-2.553288e-09	-1.212005e-09	-1.324892e+01	-1.392205e+02
6.010000e-06	-2.605379e-09	-1.235861e-09	-1.351922e+01	-1.420917e+02
6.020000e-06	-2.657288e-09	-1.256216e-09	-1.378857e+01	-1.449527e+02
6.030000e-06	-2.709034e-09	-1.276044e-09	-1.405708e+01	-1.478033e+02
6.040000e-06	-2.760622e-09	-1.296222e-09	-1.432477e+01	-1.506431e+02
6.050000e-06	-2.812038e-09	-1.318747e-09	-1.459156e+01	-1.534721e+02
6.060000e-06	-2.863273e-09	-1.342786e-09	-1.485742e+01	-1.562900e+02
6.070000e-06	-2.914308e-09	-1.366894e-09	-1.512224e+01	-1.590966e+02
6.080000e-06	-2.965103e-09	-1.392053e-09	-1.538581e+01	-1.618917e+02
6.090000e-06	-3.015639e-09	-1.417586e-09	-1.564804e+01	-1.646751e+02
6.100000e-06	-3.065926e-09	-1.440447e-09	-1.590898e+01	-1.674466e+02
6.110000e-06	-3.115982e-09	-1.459877e-09	-1.616872e+01	-1.702060e+02
6.120000e-06	-3.165801e-09	-1.477819e-09	-1.642723e+01	-1.729532e+02
6.130000e-06	-3.215385e-09	-1.497761e-09	-1.668452e+01	-1.756878e+02
6.140000e-06	-3.264720e-09	-1.522344e-09	-1.694052e+01	-1.784097e+02
6.150000e-06	-3.313754e-09	-1.548912e-09	-1.719495e+01	-1.811188e+02
6.160000e-06	-3.362416e-09	-1.572849e-09	-1.744746e+01	-1.838148e+02
6.170000e-06	-3.410703e-09	-1.594109e-09	-1.769802e+01	-1.864975e+02
6.180000e-06	-3.458628e-09	-1.614592e-09	-1.794670e+01	-1.891668e+02
6.190000e-06	-3.506164e-09	-1.636731e-09	-1.819336e+01	-1.918224e+02
6.200000e-06	-3.553326e-09	-1.660222e-09	-1.843808e+01	-1.944641e+02
6.210000e-06	-3.600156e-09	-1.682281e-09	-1.868109e+01	-1.970918e+02
6.220000e-06	-3.646718e-09	-1.702011e-09	-1.892270e+01	-1.997052e+02
6.230000e-06	-3.693072e-09	-1.722393e-09	-1.916322e+01	-2.023043e+02
6.240000e-06	-3.739236e-09	-1.745842e-09	-1.940277e+01	-2.048887e+02
6.250000e-06	-3.785239e-09	-1.769292e-09	-1.964148e+01	-2.074583e+02
6.260000e-06	-3.831079e-09	-1.790102e-09	-1.987934e+01	-2.100130e+02
6.270000e-06	-3.876728e-09	-1.810235e-09	-2.011621e+01	-2.125525e+02
6.280000e-06	-3.922179e-09	-1.832637e-09	-2.035205e+01	-2.150766e+02
6.290000e-06	-3.967380e-09	-1.857743e-09	-2.058660e+01	-2.175852e+02
6.300000e-06	-4.012282e-09	-1.881329e-09	-2.081960e+01	-2.200781e+02
6.310000e-06	-4.056849e-09	-1.899849e-09	-2.105085e+01	-2.225551e+02
6.320000e-06	-4.101083e-09	-1.915596e-09	-2.128038e+01	-2.250161e+02
6.330000e-06	-4.145051e-09	-1.931422e-09	-2.150853e+01	-2.274608e+02
6.340000e-06	-4.188823e-09	-1.953045e-09	-2.173566e+01	-2.298890e+02
6.350000e-06	-4.232438e-09	-1.978519e-09	-2.196198e+01	-2.323007e+02
6.360000e-06	-4.275898e-09	-2.002840e-09	-2.218749e+01	-2.346956e+02
6.370000e-06	-4.319173e-09	-2.024807e-09	-2.241205e+01	-2.370735e+02
6.380000e-06	-4.362198e-09	-2.046544e-09	-2.263530e+01	-2.394344e+02
6.390000e-06	-4.404904e-09	-2.068415e-09	-2.285690e+01	-2.417779e+02
6.400000e-06	-4.447284e-09	-2.085872e-09	-2.307681e+01	-2.441040e+02
6.410000e-06	-4.489351e-09	-2.098591e-09	-2.329509e+01	-2.464125e+02
6.420000e-06	-4.531114e-09	-2.110502e-09	-2.351180e+01	-2.487031e+02
6.430000e-06	-4.572611e-09	-2.127962e-09	-2.372713e+01	-2.509759e+02
6.440000e-06	-4.613813e-09	-2.152607e-09	-2.394092e+01	-2.532305e+02
6.450000e-06	-4.654666e-09	-2.178972e-09	-2.415291e+01	-2.554668e+02
6.460000e-06	-4.695154e-09	-2.199382e-09	-2.436300e+01	-2.576846e+02
6.470000e-06	-4.735292e-09	-2.214162e-09	-2.457127e+01	-2.598839e+02
6.480000e-06	-4.775150e-09	-2.228540e-09	-2.477809e+01	-2.620644e+02
6.490000e-06	-4.814790e-09	-2.244391e-09	-2.498379e+01	-2.642260e+02
6.500000e-06	-4.854238e-09	-2.260988e-09	-2.518848e+01	-2.663685e+02
6.510000e-06	-4.893452e-09	-2.278845e-09	-2.539196e+01	-2.684918e+02
6.520000e-06	-4.932328e-09	-2.298416e-09	-2.559369e+01	-2.705956e+02
6.530000e-06	-4.970775e-09	-2.318006e-09	-2.579319e+01	-2.726800e+02
6.540000e-06	-5.008713e-09	-2.335503e-09	-2.599005e+01	-2.747447e+02
6.550000e-06	-5.046052e-09	-2.350521e-09	-2.618380e+01	-2.767895e+02
6.560000e-06	-5.082805e-09	-2.364752e-09	-2.637451e+01	-2.788143e+02
6.570000e-06	-5.119082e-09	-2.381348e-09	-2.656275e+01	-2.808190e+02
6.580000e-06	-5.155010e-09	-2.400545e-09	-2.674918e+01	-2.828035e+02
6.590000e-06	-5.190698e-09	-2.419285e-09	-2.693436e+01	-2.847675e+02
6.600000e-06	-5.226149e-09	-2.434940e-09	-2.711831e+01	-2.867110e+02
6.610000e-06	-5.261336e-09	-2.446819e-09	-2.730090e+01	-2.886338e+02
6.620000e-06	-5.296190e-09	-2.455926e-09	-2.748176e+01	-2.905357e+02
6.630000e-06	-5.330631e-09	-2.466959e-09	-2.766047e+01	-2.924166e+02
6.640000e-06	-5.364677e-09	-2.482914e-09	-2.783714e+01	-2.942765e+02
6.650000e-06	-5.398350e-09	-2.502245e-09	-2.801186e+01	-2.961151e+02
6.660000e-06	-5.431663e-09	-2.519546e-09	-2.818472e+01	-2.979323e+02
6.670000e-06	-5.464597e-09	-2.532515e-09	-2.835562e+01	-2.997280e+02
6.680000e-06	-5.497115e-09	-2.543512e-09	-2.852435e+01	-3.015021e+02
6.690000e-06	-5.529243e-09	-2.554238e-09	-2.869106e+01	-3.032544e+02
6.700000e-06	-5.561055e-09	-2.566346e-09	-2.885613e+01	-3.049848e+02
6.710000e-06	-5.592612e-09	-2.581006e-09	-2.901988e+01	-3.066932e+02
6.720000e-06	-5.623867e-09	-2.596937e-09	-2.918206e+01	-3.083795e+02
6.730000e-06	-5.654691e-09	-2.612138e-09	-2.934201e+01	-3.100435e+02
6.740000e-06	-5.684940e-09	-2.626051e-09	-2.949897e+01	-3.116851e+02
6.750000e-06	-5.714543e-09	-2.638488e-09	-2.965258e+01	-3.133042e+02
6.760000e-06	-5.743523e-09	-2.650222e-09	-2.980295e+01	-3.149007e+02
6.770000e-06	-5.771944e-09	-2.661312e-09	-2.995043e+01	-3.164745e+02
6.780000e-06	-5.799936e-09	-2.672286e-09	-3.009568e+01	-3.180254e+02
6.790000e-06	-5.827645e-09	-2.684157e-09	-3.023946e+01	-3.195533e+02
6.800000e-06	-5.855125e-09	-2.695959e-09	-3.038205e+01	-3.210582e+02
6.810000e-06	-5.882312e-09	-2.707518e-09	-3.052313e+01	-3.225399e+02
6.820000e-06	-5.909113e-09	-2.718913e-09	-3.066220e+01	-3.239984e+02
6.830000e-06	-5.935469e-09	-2.730134e-09	-3.079896e+01	-3.254334e+02
6.840000e-06	-5.961386e-09	-2.741703e-09	-3.093344e+01	-3.268449e+02
6.850000e-06	-5.986884e-09	-2.752813e-09	-3.106575e+01	-3.282329e+02
6.860000e-06	-6.011948e-09	-2.763586e-09	-3.119580e+01	-3.295972e+02
6.870000e-06	-6.036569e-09	-2.774300e-09	-3.132356e+01	-3.309376e+02
6.880000e-06	-6.060754e-09	-2.785448e-09	-3.144906e+01	-3.322542e+02
6.890000e-06	-6.084607e-09	-2.796446e-09	-3.157283e+01	-3.335468e+02
6.900000e-06	-6.108214e-09	-2.806870e-09	-3.169532e+01	-3.348153e+02
6.910000e-06	-6.131508e-09	-2.816384e-09	-3.181620e+01	-3.360596e+02
6.920000e-06	-6.154372e-09	-2.826078e-09	-3.193484e+01	-3.372797e+02
6.930000e-06	-6.176677e-09	-2.837455e-09	-3.205058e+01	-3.384754e+02
6.940000e-06	-6.198300e-09	-2.849263e-09	-3.216278e+01	-3.396467e+02
6.950000e-06	-6.219240e-09	-2.859038e-09	-3.227144e+01	-3.407935e+02
6.960000e-06	-6.239601e-09	-2.866830e-09	-3.237709e+01	-3.419157e+02
6.970000e-06	-6.259536e-09	-2.874984e-09	-3.248053e+01	-3.430132e+02
6.980000e-06	-6.279192e-09	-2.886328e-09	-3.258253e+01	-3.440859e+02
6.990000e-06	-6.298576e-09	-2.899951e-09	-3.268311e+01	-3.451338e+02
7.000000e-06	-6.317586e-09	-2.910462e-09	-3.278175e+01	-3.461568e+02
7.010000e-06	-6.336139e-09	-2.917385e-09	-3.287802e+01	-3.471548e+02
7.020000e-06	-6.354240e-09	-2.922501e-09	-3.297195e+01	-3.481277e+02
7.030000e-06	-6.371926e-09	-2.927723e-09	-3.306372e+01	-3.490755e+02
7.040000e-06	-6.389206e-09	-2.934329e-09	-3.315339e+01	-3.499981e+02
7.050000e-06	-6.406056e-09	-2.940992e-09	-3.324082e+01	-3.508954e+02
7.060000e-06	-6.422451e-09	-2.947898e-09	-3.332589e+01	-3.517675e+02
7.070000e-06	-6.438442e-09	-2.954854e-09	-3.340887e+01	-3.526141e+02
7.080000e-06	-6.454116e-09	-2.963217e-09	-3.349020e+01	-3.534352e+02
7.090000e-06	-6.469454e-09	-2.972191e-09	-3.356979e+01	-3.542309e+02
7.100000e-06	-6.484279e-09	-2.978827e-09	-3.364672e+01	-3.550010e+02
7.110000e-06	-6.498399e-09	-2.983048e-09	-3.371998e+01	-3.557454e+02
7.120000e-06	-6.511732e-09	-2.987929e-09	-3.378917e+01	-3.564642e+02
7.130000e-06	-6.524356e-09	-2.994869e-09	-3.385467e+01	-3.571572e+02
7.140000e-06	-6.536431e-09	-3.001243e-09	-3.391733e+01	-3.578245e+02
7.150000e-06	-6.548089e-09	-3.005307e-09	-3.397783e+01	-3.584659e+02
7.160000e-06	-6.559354e-09	-3.009244e-09	-3.403628e+01	-3.590814e+02
7.170000e-06	-6.570141e-09	-3.013683e-09	-3.409226e+01	-3.596711e+02
7.180000e-06	-6.580440e-09	-3.018654e-09	-3.414569e+01	-3.602347e+02
7.190000e-06	-6.590312e-09	-3.023848e-09	-3.419692e+01	-3.607724e+02
7.200000e-06	-6.599769e-09	-3.028235e-09	-3.424599e+01	-3.612840e+02
7.210000e-06	-6.608759e-09	-3.031737e-09	-3.429264e+01	-3.617695e+02
7.220000e-06	-6.617261e-09	-3.034731e-09	-3.433676e+01	-3.622290e+02
7.230000e-06	-6.625347e-09	-3.038407e-09	-3.437872e+01	-3.626622e+02
7.240000e-06	-6.633113e-09	-3.041193e-09	-3.441901e+01	-3.630693e+02
7.250000e-06	-6.640572e-09	-3.043001e-09	-3.445772e+01	-3.634502e+02
7.260000e-06	-6.647611e-09	-3.044247e-09	-3.449424e+01	-3.638049e+02
7.270000e-06	-6.654100e-09	-3.045891e-09	-3.452792e+01	-3.641333e+02
7.280000e-06	-6.659918e-09	-3.049280e-09	-3.455810e+01	-3.644354e+02
7.290000e-06	-6.664997e-09	-3.053697e-09	-3.458446e+01	-3.647112e+02
7.300000e-06	-6.669416e-09	-3.057282e-09	-3.460739e+01	-3.649606e+02
7.310000e-06	-6.673367e-09	-3.059826e-09	-3.462789e+01	-3.651838e+02
7.320000e-06	-6.677021e-09	-3.063172e-09	-3.464685e+01	-3.653805e+02
7.330000e-06	-6.680375e-09	-3.066036e-09	-3.466425e+01	-3.655509e+02
7.340000e-06	-6.683329e-09	-3.066867e-09	-3.467959e+01	-3.656949e+02
7.350000e-06	-6.685807e-09	-3.066152e-09	-3.469244e+01	-3.658125e+02
7.360000e-06	-6.687834e-09	-3.064666e-09	-3.470296e+01	-3.659037e+02
7.370000e-06	-6.689486e-09	-3.064982e-09	-3.471153e+01	-3.659685e+02
7.380000e-06	-6.690677e-09	-3.068311e-09	-3.471771e+01	-3.660069e+02
7.390000e-06	-6.691303e-09	-3.073652e-09	-3.472096e+01	-3.660188e+02
