# Temperatura_=_20.0
# Concentracion g/m^3_=_10000.0
# C_Vs_to_Am_M_A/Vsm_=_116720831517.84952
# pendiente_HvsI_1/m_=_3716.3
# ordenada_HvsI_A/m_=_1297.0
# frecuencia_Hz_=_135098.00150848328
# Promedio de 22 ciclos

Tiempo_(s)	Campo_(V.s)	Magnetizacion_(V.s)	Campo_(kA/m)	Magnetizacion_(A/m)
0.000000e+00	-5.269766e-09	-2.264734e-09	-2.725777e+01	-2.676037e+02
1.000000e-08	-5.269736e-09	-2.266779e-09	-2.725762e+01	-2.675964e+02
2.000000e-08	-5.269436e-09	-2.268593e-09	-2.725607e+01	-2.675699e+02
3.000000e-08	-5.268911e-09	-2.268413e-09	-2.725335e+01	-2.675240e+02
4.000000e-08	-5.268161e-09	-2.264360e-09	-2.724947e+01	-2.674588e+02
5.000000e-08	-5.267076e-09	-2.253459e-09	-2.724386e+01	-2.673743e+02
6.000000e-08	-5.265485e-09	-2.240549e-09	-2.723563e+01	-2.672705e+02
7.000000e-08	-5.263180e-09	-2.245973e-09	-2.722371e+01	-2.671474e+02
8.000000e-08	-5.260065e-09	-2.261378e-09	-2.720759e+01	-2.670051e+02
9.000000e-08	-5.256319e-09	-2.267260e-09	-2.718822e+01	-2.668435e+02
1.000000e-07	-5.252235e-09	-2.286925e-09	-2.716710e+01	-2.666626e+02
1.100000e-07	-5.247969e-09	-2.319211e-09	-2.714503e+01	-2.664625e+02
1.200000e-07	-5.243539e-09	-2.306288e-09	-2.712211e+01	-2.662432e+02
1.300000e-07	-5.238930e-09	-2.299233e-09	-2.709828e+01	-2.660047e+02
1.400000e-07	-5.234043e-09	-2.280286e-09	-2.707300e+01	-2.657469e+02
1.500000e-07	-5.228764e-09	-2.246379e-09	-2.704569e+01	-2.654700e+02
1.600000e-07	-5.223074e-09	-2.249407e-09	-2.701626e+01	-2.651740e+02
1.700000e-07	-5.217007e-09	-2.282510e-09	-2.698488e+01	-2.648588e+02
1.800000e-07	-5.210586e-09	-2.321879e-09	-2.695166e+01	-2.645245e+02
1.900000e-07	-5.203812e-09	-2.309917e-09	-2.691663e+01	-2.641711e+02
2.000000e-07	-5.196684e-09	-2.266010e-09	-2.687976e+01	-2.637986e+02
2.100000e-07	-5.189185e-09	-2.242062e-09	-2.684097e+01	-2.634072e+02
2.200000e-07	-5.181324e-09	-2.250393e-09	-2.680031e+01	-2.629967e+02
2.300000e-07	-5.173147e-09	-2.250570e-09	-2.675802e+01	-2.625672e+02
2.400000e-07	-5.164706e-09	-2.254329e-09	-2.671435e+01	-2.621188e+02
2.500000e-07	-5.156011e-09	-2.265641e-09	-2.666938e+01	-2.616515e+02
2.600000e-07	-5.146974e-09	-2.273439e-09	-2.662264e+01	-2.611653e+02
2.700000e-07	-5.137458e-09	-2.254740e-09	-2.657341e+01	-2.606602e+02
2.800000e-07	-5.127363e-09	-2.226409e-09	-2.652120e+01	-2.601364e+02
2.900000e-07	-5.116660e-09	-2.204121e-09	-2.646584e+01	-2.595937e+02
3.000000e-07	-5.105359e-09	-2.205930e-09	-2.640738e+01	-2.590324e+02
3.100000e-07	-5.093551e-09	-2.221579e-09	-2.634631e+01	-2.584523e+02
3.200000e-07	-5.081371e-09	-2.235276e-09	-2.628330e+01	-2.578537e+02
3.300000e-07	-5.068893e-09	-2.232797e-09	-2.621876e+01	-2.572363e+02
3.400000e-07	-5.056101e-09	-2.204713e-09	-2.615259e+01	-2.566005e+02
3.500000e-07	-5.042934e-09	-2.179308e-09	-2.608449e+01	-2.559461e+02
3.600000e-07	-5.029352e-09	-2.174235e-09	-2.601424e+01	-2.552733e+02
3.700000e-07	-5.015348e-09	-2.180385e-09	-2.594180e+01	-2.545820e+02
3.800000e-07	-5.000952e-09	-2.175983e-09	-2.586734e+01	-2.538724e+02
3.900000e-07	-4.986169e-09	-2.172496e-09	-2.579087e+01	-2.531444e+02
4.000000e-07	-4.970955e-09	-2.171972e-09	-2.571218e+01	-2.523982e+02
4.100000e-07	-4.955208e-09	-2.167989e-09	-2.563073e+01	-2.516338e+02
4.200000e-07	-4.938913e-09	-2.155881e-09	-2.554644e+01	-2.508512e+02
4.300000e-07	-4.922119e-09	-2.144062e-09	-2.545957e+01	-2.500505e+02
4.400000e-07	-4.904888e-09	-2.131872e-09	-2.537045e+01	-2.492317e+02
4.500000e-07	-4.887333e-09	-2.126467e-09	-2.527964e+01	-2.483950e+02
4.600000e-07	-4.869508e-09	-2.126984e-09	-2.518744e+01	-2.475404e+02
4.700000e-07	-4.851431e-09	-2.128590e-09	-2.509394e+01	-2.466679e+02
4.800000e-07	-4.833083e-09	-2.115273e-09	-2.499904e+01	-2.457776e+02
4.900000e-07	-4.814420e-09	-2.094479e-09	-2.490250e+01	-2.448695e+02
5.000000e-07	-4.795398e-09	-2.079996e-09	-2.480411e+01	-2.439438e+02
5.100000e-07	-4.775970e-09	-2.077390e-09	-2.470362e+01	-2.430005e+02
5.200000e-07	-4.756160e-09	-2.078329e-09	-2.460116e+01	-2.420397e+02
5.300000e-07	-4.736031e-09	-2.076502e-09	-2.449704e+01	-2.410614e+02
5.400000e-07	-4.715666e-09	-2.067761e-09	-2.439170e+01	-2.400656e+02
5.500000e-07	-4.695129e-09	-2.054713e-09	-2.428547e+01	-2.390526e+02
5.600000e-07	-4.674408e-09	-2.045897e-09	-2.417829e+01	-2.380223e+02
5.700000e-07	-4.653441e-09	-2.039499e-09	-2.406984e+01	-2.369749e+02
5.800000e-07	-4.632156e-09	-2.026910e-09	-2.395974e+01	-2.359103e+02
5.900000e-07	-4.610526e-09	-2.011964e-09	-2.384787e+01	-2.348287e+02
6.000000e-07	-4.588569e-09	-2.003988e-09	-2.373429e+01	-2.337302e+02
6.100000e-07	-4.566311e-09	-2.002562e-09	-2.361916e+01	-2.326148e+02
6.200000e-07	-4.543757e-09	-1.999390e-09	-2.350250e+01	-2.314826e+02
6.300000e-07	-4.520885e-09	-1.989139e-09	-2.338420e+01	-2.303337e+02
6.400000e-07	-4.497666e-09	-1.973000e-09	-2.326410e+01	-2.291682e+02
6.500000e-07	-4.474081e-09	-1.958541e-09	-2.314211e+01	-2.279862e+02
6.600000e-07	-4.450163e-09	-1.954224e-09	-2.301839e+01	-2.267876e+02
6.700000e-07	-4.425967e-09	-1.951542e-09	-2.289324e+01	-2.255728e+02
6.800000e-07	-4.401559e-09	-1.940892e-09	-2.276698e+01	-2.243416e+02
6.900000e-07	-4.376976e-09	-1.922475e-09	-2.263983e+01	-2.230943e+02
7.000000e-07	-4.352173e-09	-1.906406e-09	-2.251154e+01	-2.218308e+02
7.100000e-07	-4.327073e-09	-1.895884e-09	-2.238171e+01	-2.205514e+02
7.200000e-07	-4.301591e-09	-1.890134e-09	-2.224990e+01	-2.192560e+02
7.300000e-07	-4.275669e-09	-1.882060e-09	-2.211582e+01	-2.179448e+02
7.400000e-07	-4.249258e-09	-1.868534e-09	-2.197921e+01	-2.166179e+02
7.500000e-07	-4.222344e-09	-1.854415e-09	-2.184000e+01	-2.152754e+02
7.600000e-07	-4.194970e-09	-1.845132e-09	-2.169841e+01	-2.139173e+02
7.700000e-07	-4.167196e-09	-1.836553e-09	-2.155475e+01	-2.125437e+02
7.800000e-07	-4.139104e-09	-1.823709e-09	-2.140944e+01	-2.111549e+02
7.900000e-07	-4.110773e-09	-1.805340e-09	-2.126290e+01	-2.097508e+02
8.000000e-07	-4.082266e-09	-1.788465e-09	-2.111545e+01	-2.083315e+02
8.100000e-07	-4.053596e-09	-1.776729e-09	-2.096715e+01	-2.068972e+02
8.200000e-07	-4.024736e-09	-1.768766e-09	-2.081787e+01	-2.054480e+02
8.300000e-07	-3.995630e-09	-1.758324e-09	-2.066733e+01	-2.039839e+02
8.400000e-07	-3.966231e-09	-1.743168e-09	-2.051526e+01	-2.025052e+02
8.500000e-07	-3.936527e-09	-1.727062e-09	-2.036161e+01	-2.010118e+02
8.600000e-07	-3.906512e-09	-1.714870e-09	-2.020636e+01	-1.995039e+02
8.700000e-07	-3.876221e-09	-1.704956e-09	-2.004968e+01	-1.979816e+02
8.800000e-07	-3.845717e-09	-1.691814e-09	-1.989190e+01	-1.964450e+02
8.900000e-07	-3.815011e-09	-1.674265e-09	-1.973308e+01	-1.948942e+02
9.000000e-07	-3.784040e-09	-1.656829e-09	-1.957288e+01	-1.933294e+02
9.100000e-07	-3.752754e-09	-1.643595e-09	-1.941105e+01	-1.917506e+02
9.200000e-07	-3.721176e-09	-1.633651e-09	-1.924771e+01	-1.901580e+02
9.300000e-07	-3.689337e-09	-1.622551e-09	-1.908303e+01	-1.885516e+02
9.400000e-07	-3.657280e-09	-1.608171e-09	-1.891721e+01	-1.869316e+02
9.500000e-07	-3.625056e-09	-1.593409e-09	-1.875053e+01	-1.852982e+02
9.600000e-07	-3.592682e-09	-1.580927e-09	-1.858308e+01	-1.836513e+02
9.700000e-07	-3.560159e-09	-1.568789e-09	-1.841485e+01	-1.819912e+02
9.800000e-07	-3.527448e-09	-1.552966e-09	-1.824566e+01	-1.803180e+02
9.900000e-07	-3.494505e-09	-1.535218e-09	-1.807526e+01	-1.786317e+02
1.000000e-06	-3.461294e-09	-1.519233e-09	-1.790348e+01	-1.769326e+02
1.010000e-06	-3.427769e-09	-1.507055e-09	-1.773007e+01	-1.752206e+02
1.020000e-06	-3.393884e-09	-1.497385e-09	-1.755480e+01	-1.734960e+02
1.030000e-06	-3.359642e-09	-1.486692e-09	-1.737768e+01	-1.717589e+02
1.040000e-06	-3.325033e-09	-1.471463e-09	-1.719867e+01	-1.700094e+02
1.050000e-06	-3.290012e-09	-1.454165e-09	-1.701753e+01	-1.682476e+02
1.060000e-06	-3.254594e-09	-1.436702e-09	-1.683432e+01	-1.664737e+02
1.070000e-06	-3.218829e-09	-1.420272e-09	-1.664933e+01	-1.646878e+02
1.080000e-06	-3.182785e-09	-1.404414e-09	-1.646289e+01	-1.628899e+02
1.090000e-06	-3.146547e-09	-1.389567e-09	-1.627546e+01	-1.610803e+02
1.100000e-06	-3.110174e-09	-1.375227e-09	-1.608732e+01	-1.592591e+02
1.110000e-06	-3.073694e-09	-1.361365e-09	-1.589863e+01	-1.574264e+02
1.120000e-06	-3.037116e-09	-1.346339e-09	-1.570942e+01	-1.555823e+02
1.130000e-06	-3.000410e-09	-1.329185e-09	-1.551956e+01	-1.537269e+02
1.140000e-06	-2.963549e-09	-1.310716e-09	-1.532890e+01	-1.518605e+02
1.150000e-06	-2.926505e-09	-1.291991e-09	-1.513729e+01	-1.499831e+02
1.160000e-06	-2.889240e-09	-1.274526e-09	-1.494454e+01	-1.480948e+02
1.170000e-06	-2.851729e-09	-1.258915e-09	-1.475051e+01	-1.461959e+02
1.180000e-06	-2.813980e-09	-1.242887e-09	-1.455526e+01	-1.442864e+02
1.190000e-06	-2.776015e-09	-1.224947e-09	-1.435889e+01	-1.423665e+02
1.200000e-06	-2.737851e-09	-1.207279e-09	-1.416148e+01	-1.404363e+02
1.210000e-06	-2.699494e-09	-1.192332e-09	-1.396308e+01	-1.384960e+02
1.220000e-06	-2.660963e-09	-1.177550e-09	-1.376378e+01	-1.365456e+02
1.230000e-06	-2.622280e-09	-1.161284e-09	-1.356369e+01	-1.345854e+02
1.240000e-06	-2.583438e-09	-1.145101e-09	-1.336278e+01	-1.326155e+02
1.250000e-06	-2.544432e-09	-1.129560e-09	-1.316103e+01	-1.306360e+02
1.260000e-06	-2.505255e-09	-1.115437e-09	-1.295838e+01	-1.286470e+02
1.270000e-06	-2.465878e-09	-1.101202e-09	-1.275471e+01	-1.266488e+02
1.280000e-06	-2.426299e-09	-1.084807e-09	-1.254998e+01	-1.246414e+02
1.290000e-06	-2.386523e-09	-1.065525e-09	-1.234424e+01	-1.226250e+02
1.300000e-06	-2.346579e-09	-1.047584e-09	-1.213763e+01	-1.205998e+02
1.310000e-06	-2.306483e-09	-1.033048e-09	-1.193023e+01	-1.185658e+02
1.320000e-06	-2.266246e-09	-1.019609e-09	-1.172211e+01	-1.165233e+02
1.330000e-06	-2.225906e-09	-1.003392e-09	-1.151346e+01	-1.144723e+02
1.340000e-06	-2.185491e-09	-9.844348e-10	-1.130441e+01	-1.124131e+02
1.350000e-06	-2.144999e-09	-9.663079e-10	-1.109496e+01	-1.103457e+02
1.360000e-06	-2.104421e-09	-9.492312e-10	-1.088508e+01	-1.082704e+02
1.370000e-06	-2.063756e-09	-9.306320e-10	-1.067473e+01	-1.061872e+02
1.380000e-06	-2.023000e-09	-9.100481e-10	-1.046393e+01	-1.040964e+02
1.390000e-06	-1.982131e-09	-8.899728e-10	-1.025253e+01	-1.019981e+02
1.400000e-06	-1.941134e-09	-8.731675e-10	-1.004047e+01	-9.989233e+01
1.410000e-06	-1.899992e-09	-8.586639e-10	-9.827668e+00	-9.777938e+01
1.420000e-06	-1.858698e-09	-8.438942e-10	-9.614075e+00	-9.565937e+01
1.430000e-06	-1.817264e-09	-8.268797e-10	-9.399759e+00	-9.353243e+01
1.440000e-06	-1.775647e-09	-8.081323e-10	-9.184496e+00	-9.139873e+01
1.450000e-06	-1.733797e-09	-7.896452e-10	-8.968029e+00	-8.925843e+01
1.460000e-06	-1.691707e-09	-7.716749e-10	-8.750319e+00	-8.711167e+01
1.470000e-06	-1.649395e-09	-7.534565e-10	-8.531460e+00	-8.495860e+01
1.480000e-06	-1.606867e-09	-7.353286e-10	-8.311487e+00	-8.279939e+01
1.490000e-06	-1.564117e-09	-7.176486e-10	-8.090362e+00	-8.063420e+01
1.500000e-06	-1.521168e-09	-7.007599e-10	-7.868207e+00	-7.846316e+01
1.510000e-06	-1.478042e-09	-6.826201e-10	-7.645139e+00	-7.628645e+01
1.520000e-06	-1.434759e-09	-6.612933e-10	-7.421260e+00	-7.410422e+01
1.530000e-06	-1.391303e-09	-6.386693e-10	-7.196485e+00	-7.191663e+01
1.540000e-06	-1.347684e-09	-6.180372e-10	-6.970865e+00	-6.972383e+01
1.550000e-06	-1.303952e-09	-6.012307e-10	-6.744665e+00	-6.752599e+01
1.560000e-06	-1.260108e-09	-5.846441e-10	-6.517882e+00	-6.532325e+01
1.570000e-06	-1.216160e-09	-5.661324e-10	-6.290561e+00	-6.311579e+01
1.580000e-06	-1.172128e-09	-5.461076e-10	-6.062805e+00	-6.090375e+01
1.590000e-06	-1.128005e-09	-5.260293e-10	-5.834579e+00	-5.868730e+01
1.600000e-06	-1.083789e-09	-5.072127e-10	-5.605873e+00	-5.646660e+01
1.610000e-06	-1.039505e-09	-4.897512e-10	-5.376815e+00	-5.424181e+01
1.620000e-06	-9.951845e-10	-4.737112e-10	-5.147568e+00	-5.201308e+01
1.630000e-06	-9.508288e-10	-4.571695e-10	-4.918139e+00	-4.978059e+01
1.640000e-06	-9.064342e-10	-4.393242e-10	-4.688509e+00	-4.754448e+01
1.650000e-06	-8.620164e-10	-4.194149e-10	-4.458758e+00	-4.530493e+01
1.660000e-06	-8.175766e-10	-3.977813e-10	-4.228894e+00	-4.306208e+01
1.670000e-06	-7.731128e-10	-3.767658e-10	-3.998906e+00	-4.081612e+01
1.680000e-06	-7.286320e-10	-3.570673e-10	-3.768830e+00	-3.856718e+01
1.690000e-06	-6.841355e-10	-3.403707e-10	-3.538672e+00	-3.631545e+01
1.700000e-06	-6.396169e-10	-3.256009e-10	-3.308400e+00	-3.406107e+01
1.710000e-06	-5.950694e-10	-3.090618e-10	-3.077979e+00	-3.180422e+01
1.720000e-06	-5.505028e-10	-2.892734e-10	-2.847459e+00	-2.954505e+01
1.730000e-06	-5.059310e-10	-2.677014e-10	-2.616911e+00	-2.728373e+01
1.740000e-06	-4.613456e-10	-2.464115e-10	-2.386294e+00	-2.502043e+01
1.750000e-06	-4.167347e-10	-2.263967e-10	-2.155545e+00	-2.275529e+01
1.760000e-06	-3.721077e-10	-2.074050e-10	-1.924712e+00	-2.048850e+01
1.770000e-06	-3.274638e-10	-1.894598e-10	-1.693793e+00	-1.822020e+01
1.780000e-06	-2.828009e-10	-1.730294e-10	-1.462774e+00	-1.595057e+01
1.790000e-06	-2.381260e-10	-1.567490e-10	-1.231694e+00	-1.367977e+01
1.800000e-06	-1.934469e-10	-1.380443e-10	-1.000592e+00	-1.140796e+01
1.810000e-06	-1.487635e-10	-1.161708e-10	-7.694680e-01	-9.135299e+00
1.820000e-06	-1.040794e-10	-9.343488e-11	-5.383403e-01	-6.861962e+00
1.830000e-06	-5.940939e-11	-7.257896e-11	-3.072852e-01	-4.588107e+00
1.840000e-06	-1.474816e-11	-5.467689e-11	-7.627561e-02	-2.313899e+00
1.850000e-06	2.992475e-11	-3.899972e-11	1.547943e-01	-3.950153e-02
1.860000e-06	7.461213e-11	-2.318907e-11	3.859391e-01	2.234921e+00
1.870000e-06	1.192964e-10	-5.341413e-12	6.170678e-01	4.509206e+00
1.880000e-06	1.639740e-10	1.608734e-11	8.481621e-01	6.783188e+00
1.890000e-06	2.086458e-10	3.928538e-11	1.079226e+00	9.056704e+00
1.900000e-06	2.533099e-10	6.106039e-11	1.310251e+00	1.132959e+01
1.910000e-06	2.979689e-10	7.983582e-11	1.541248e+00	1.360168e+01
1.920000e-06	3.426194e-10	9.657047e-11	1.772202e+00	1.587282e+01
1.930000e-06	3.872529e-10	1.142742e-10	2.003068e+00	1.814283e+01
1.940000e-06	4.318663e-10	1.346498e-10	2.233830e+00	2.041156e+01
1.950000e-06	4.764536e-10	1.567539e-10	2.464458e+00	2.267884e+01
1.960000e-06	5.210216e-10	1.784774e-10	2.694985e+00	2.494451e+01
1.970000e-06	5.655747e-10	1.990639e-10	2.925435e+00	2.720840e+01
1.980000e-06	6.101111e-10	2.181829e-10	3.155799e+00	2.947036e+01
1.990000e-06	6.546383e-10	2.378387e-10	3.386115e+00	3.173021e+01
2.000000e-06	6.991526e-10	2.583124e-10	3.616365e+00	3.398780e+01
2.010000e-06	7.436499e-10	2.782906e-10	3.846527e+00	3.624296e+01
2.020000e-06	7.881254e-10	2.997255e-10	4.076576e+00	3.849554e+01
2.030000e-06	8.325744e-10	3.221066e-10	4.306487e+00	4.074536e+01
2.040000e-06	8.769996e-10	3.425395e-10	4.536276e+00	4.299227e+01
2.050000e-06	9.213969e-10	3.597869e-10	4.765920e+00	4.523610e+01
2.060000e-06	9.657516e-10	3.759907e-10	4.995344e+00	4.747669e+01
2.070000e-06	1.010065e-09	3.945605e-10	5.224557e+00	4.971389e+01
2.080000e-06	1.054342e-09	4.162360e-10	5.453576e+00	5.194753e+01
2.090000e-06	1.098540e-09	4.393032e-10	5.682189e+00	5.417744e+01
2.100000e-06	1.142659e-09	4.615249e-10	5.910395e+00	5.640347e+01
2.110000e-06	1.186714e-09	4.816946e-10	6.138271e+00	5.862546e+01
2.120000e-06	1.230674e-09	4.996846e-10	6.365650e+00	6.084325e+01
2.130000e-06	1.274511e-09	5.176648e-10	6.592399e+00	6.305668e+01
2.140000e-06	1.318227e-09	5.368004e-10	6.818518e+00	6.526558e+01
2.150000e-06	1.361821e-09	5.566467e-10	7.044008e+00	6.746981e+01
2.160000e-06	1.405270e-09	5.775686e-10	7.268747e+00	6.966919e+01
2.170000e-06	1.448553e-09	5.999384e-10	7.492626e+00	7.186358e+01
2.180000e-06	1.491663e-09	6.232747e-10	7.715612e+00	7.405281e+01
2.190000e-06	1.534585e-09	6.449806e-10	7.937622e+00	7.623672e+01
2.200000e-06	1.577308e-09	6.626902e-10	8.158610e+00	7.841517e+01
2.210000e-06	1.619823e-09	6.793573e-10	8.378517e+00	8.058798e+01
2.220000e-06	1.662099e-09	6.974407e-10	8.597190e+00	8.275501e+01
2.230000e-06	1.704144e-09	7.167142e-10	8.814667e+00	8.491610e+01
2.240000e-06	1.745981e-09	7.363028e-10	9.031063e+00	8.707109e+01
2.250000e-06	1.787627e-09	7.545796e-10	9.246478e+00	8.921983e+01
2.260000e-06	1.829075e-09	7.713392e-10	9.460869e+00	9.136216e+01
2.270000e-06	1.870325e-09	7.896619e-10	9.674235e+00	9.349793e+01
2.280000e-06	1.911417e-09	8.109070e-10	9.886782e+00	9.562699e+01
2.290000e-06	1.952380e-09	8.322294e-10	1.009866e+01	9.774917e+01
2.300000e-06	1.993229e-09	8.523382e-10	1.030995e+01	9.986433e+01
2.310000e-06	2.033976e-09	8.711737e-10	1.052071e+01	1.019723e+02
2.320000e-06	2.074629e-09	8.876661e-10	1.073099e+01	1.040730e+02
2.330000e-06	2.115195e-09	9.031266e-10	1.094082e+01	1.061662e+02
2.340000e-06	2.155689e-09	9.204597e-10	1.115027e+01	1.082517e+02
2.350000e-06	2.196104e-09	9.403870e-10	1.135932e+01	1.103295e+02
2.360000e-06	2.236421e-09	9.618984e-10	1.156786e+01	1.123994e+02
2.370000e-06	2.276624e-09	9.821981e-10	1.177581e+01	1.144611e+02
2.380000e-06	2.316715e-09	9.986806e-10	1.198318e+01	1.165147e+02
2.390000e-06	2.356647e-09	1.012003e-09	1.218972e+01	1.185598e+02
2.400000e-06	2.396386e-09	1.025240e-09	1.239527e+01	1.205965e+02
2.410000e-06	2.435934e-09	1.041634e-09	1.259984e+01	1.226245e+02
2.420000e-06	2.475289e-09	1.062279e-09	1.280340e+01	1.246436e+02
2.430000e-06	2.514479e-09	1.083594e-09	1.300611e+01	1.266538e+02
2.440000e-06	2.553477e-09	1.101960e-09	1.320783e+01	1.286549e+02
2.450000e-06	2.592283e-09	1.119686e-09	1.340855e+01	1.306468e+02
2.460000e-06	2.630935e-09	1.138886e-09	1.360848e+01	1.326293e+02
2.470000e-06	2.669434e-09	1.156326e-09	1.380761e+01	1.346022e+02
2.480000e-06	2.707774e-09	1.171317e-09	1.400592e+01	1.365654e+02
2.490000e-06	2.745934e-09	1.186591e-09	1.420331e+01	1.385189e+02
2.500000e-06	2.783901e-09	1.205748e-09	1.439969e+01	1.404623e+02
2.510000e-06	2.821667e-09	1.228176e-09	1.459503e+01	1.423957e+02
2.520000e-06	2.859193e-09	1.249299e-09	1.478914e+01	1.443188e+02
2.530000e-06	2.896479e-09	1.266043e-09	1.498200e+01	1.462316e+02
2.540000e-06	2.933556e-09	1.278936e-09	1.517378e+01	1.481338e+02
2.550000e-06	2.970445e-09	1.291822e-09	1.536458e+01	1.500254e+02
2.560000e-06	3.007182e-09	1.306778e-09	1.555461e+01	1.519062e+02
2.570000e-06	3.043800e-09	1.323769e-09	1.574401e+01	1.537760e+02
2.580000e-06	3.080322e-09	1.340562e-09	1.593292e+01	1.556348e+02
2.590000e-06	3.116747e-09	1.357347e-09	1.612133e+01	1.574824e+02
2.600000e-06	3.153046e-09	1.375642e-09	1.630908e+01	1.593187e+02
2.610000e-06	3.189184e-09	1.394436e-09	1.649601e+01	1.611436e+02
2.620000e-06	3.225103e-09	1.411351e-09	1.668180e+01	1.629568e+02
2.630000e-06	3.260739e-09	1.425249e-09	1.686612e+01	1.647583e+02
2.640000e-06	3.296044e-09	1.438408e-09	1.704874e+01	1.665480e+02
2.650000e-06	3.330954e-09	1.454435e-09	1.722931e+01	1.683256e+02
2.660000e-06	3.365431e-09	1.473101e-09	1.740764e+01	1.700912e+02
2.670000e-06	3.399475e-09	1.490937e-09	1.758374e+01	1.718446e+02
2.680000e-06	3.433113e-09	1.505781e-09	1.775773e+01	1.735855e+02
2.690000e-06	3.466415e-09	1.519848e-09	1.792998e+01	1.753140e+02
2.700000e-06	3.499452e-09	1.536894e-09	1.810086e+01	1.770299e+02
2.710000e-06	3.532276e-09	1.556281e-09	1.827064e+01	1.787330e+02
2.720000e-06	3.564936e-09	1.573564e-09	1.843958e+01	1.804233e+02
2.730000e-06	3.597450e-09	1.586261e-09	1.860776e+01	1.821006e+02
2.740000e-06	3.629827e-09	1.596923e-09	1.877523e+01	1.837648e+02
2.750000e-06	3.662053e-09	1.608827e-09	1.894191e+01	1.854158e+02
2.760000e-06	3.694061e-09	1.623136e-09	1.910748e+01	1.870535e+02
2.770000e-06	3.725791e-09	1.639336e-09	1.927160e+01	1.886776e+02
2.780000e-06	3.757218e-09	1.656053e-09	1.943416e+01	1.902883e+02
2.790000e-06	3.788321e-09	1.671983e-09	1.959503e+01	1.918852e+02
2.800000e-06	3.819127e-09	1.687345e-09	1.975437e+01	1.934683e+02
2.810000e-06	3.849698e-09	1.702086e-09	1.991250e+01	1.950375e+02
2.820000e-06	3.880054e-09	1.714612e-09	2.006952e+01	1.965926e+02
2.830000e-06	3.910192e-09	1.724995e-09	2.022541e+01	1.981337e+02
2.840000e-06	3.940082e-09	1.736122e-09	2.038001e+01	1.996604e+02
2.850000e-06	3.969682e-09	1.749874e-09	2.053312e+01	2.011728e+02
2.860000e-06	3.998988e-09	1.764625e-09	2.068470e+01	2.026707e+02
2.870000e-06	4.028023e-09	1.778874e-09	2.083489e+01	2.041540e+02
2.880000e-06	4.056828e-09	1.792959e-09	2.098388e+01	2.056227e+02
2.890000e-06	4.085455e-09	1.806436e-09	2.113195e+01	2.070765e+02
2.900000e-06	4.113938e-09	1.819816e-09	2.127928e+01	2.085155e+02
2.910000e-06	4.142267e-09	1.833524e-09	2.142581e+01	2.099394e+02
2.920000e-06	4.170390e-09	1.846975e-09	2.157128e+01	2.113483e+02
2.930000e-06	4.198210e-09	1.859946e-09	2.171518e+01	2.127419e+02
2.940000e-06	4.225598e-09	1.871995e-09	2.185684e+01	2.141202e+02
2.950000e-06	4.252498e-09	1.881390e-09	2.199598e+01	2.154831e+02
2.960000e-06	4.278868e-09	1.889372e-09	2.213238e+01	2.168305e+02
2.970000e-06	4.304697e-09	1.899426e-09	2.226598e+01	2.181623e+02
2.980000e-06	4.330080e-09	1.912887e-09	2.239727e+01	2.194784e+02
2.990000e-06	4.355125e-09	1.927695e-09	2.252681e+01	2.207787e+02
3.000000e-06	4.379887e-09	1.939408e-09	2.265490e+01	2.220631e+02
3.010000e-06	4.404415e-09	1.946355e-09	2.278177e+01	2.233315e+02
3.020000e-06	4.428723e-09	1.951695e-09	2.290750e+01	2.245839e+02
3.030000e-06	4.452776e-09	1.959975e-09	2.303191e+01	2.258201e+02
3.040000e-06	4.476507e-09	1.970883e-09	2.315466e+01	2.270400e+02
3.050000e-06	4.499897e-09	1.981760e-09	2.327565e+01	2.282436e+02
3.060000e-06	4.522978e-09	1.991509e-09	2.339503e+01	2.294308e+02
3.070000e-06	4.545762e-09	2.000757e-09	2.351288e+01	2.306015e+02
3.080000e-06	4.568265e-09	2.010179e-09	2.362928e+01	2.317555e+02
3.090000e-06	4.590486e-09	2.019000e-09	2.374421e+01	2.328929e+02
3.100000e-06	4.612397e-09	2.028036e-09	2.385755e+01	2.340136e+02
3.110000e-06	4.633970e-09	2.038239e-09	2.396913e+01	2.351174e+02
3.120000e-06	4.655195e-09	2.049085e-09	2.407892e+01	2.362042e+02
3.130000e-06	4.676119e-09	2.058510e-09	2.418715e+01	2.372741e+02
3.140000e-06	4.696812e-09	2.065868e-09	2.429419e+01	2.383269e+02
3.150000e-06	4.717318e-09	2.071392e-09	2.440025e+01	2.393625e+02
3.160000e-06	4.737644e-09	2.075664e-09	2.450539e+01	2.403809e+02
3.170000e-06	4.757720e-09	2.081619e-09	2.460923e+01	2.413820e+02
3.180000e-06	4.777457e-09	2.089918e-09	2.471132e+01	2.423658e+02
3.190000e-06	4.796813e-09	2.100144e-09	2.481144e+01	2.433320e+02
3.200000e-06	4.815768e-09	2.110709e-09	2.490948e+01	2.442808e+02
3.210000e-06	4.834307e-09	2.119577e-09	2.500538e+01	2.452120e+02
3.220000e-06	4.852483e-09	2.126449e-09	2.509939e+01	2.461256e+02
3.230000e-06	4.870401e-09	2.132055e-09	2.519207e+01	2.470214e+02
3.240000e-06	4.888090e-09	2.136434e-09	2.528357e+01	2.478994e+02
3.250000e-06	4.905513e-09	2.139856e-09	2.537369e+01	2.487596e+02
3.260000e-06	4.922605e-09	2.145135e-09	2.546210e+01	2.496019e+02
3.270000e-06	4.939282e-09	2.153560e-09	2.554835e+01	2.504263e+02
3.280000e-06	4.955487e-09	2.163660e-09	2.563218e+01	2.512326e+02
3.290000e-06	4.971174e-09	2.172978e-09	2.571332e+01	2.520208e+02
3.300000e-06	4.986390e-09	2.179552e-09	2.579202e+01	2.527909e+02
3.310000e-06	5.001217e-09	2.184561e-09	2.586871e+01	2.535428e+02
3.320000e-06	5.015673e-09	2.189510e-09	2.594349e+01	2.542764e+02
3.330000e-06	5.029785e-09	2.195124e-09	2.601648e+01	2.549918e+02
3.340000e-06	5.043526e-09	2.201405e-09	2.608756e+01	2.556888e+02
3.350000e-06	5.056866e-09	2.207361e-09	2.615656e+01	2.563673e+02
3.360000e-06	5.069829e-09	2.212739e-09	2.622361e+01	2.570275e+02
3.370000e-06	5.082475e-09	2.217125e-09	2.628902e+01	2.576691e+02
3.380000e-06	5.094839e-09	2.219487e-09	2.635297e+01	2.582922e+02
3.390000e-06	5.106855e-09	2.219214e-09	2.641512e+01	2.588967e+02
3.400000e-06	5.118397e-09	2.219540e-09	2.647483e+01	2.594825e+02
3.410000e-06	5.129363e-09	2.225233e-09	2.653155e+01	2.600497e+02
3.420000e-06	5.139714e-09	2.235594e-09	2.658509e+01	2.605982e+02
3.430000e-06	5.149486e-09	2.245380e-09	2.663563e+01	2.611278e+02
3.440000e-06	5.158772e-09	2.251796e-09	2.668366e+01	2.616388e+02
3.450000e-06	5.167685e-09	2.255321e-09	2.672976e+01	2.621308e+02
3.460000e-06	5.176323e-09	2.256250e-09	2.677444e+01	2.626040e+02
3.470000e-06	5.184733e-09	2.254370e-09	2.681794e+01	2.630583e+02
3.480000e-06	5.192879e-09	2.251109e-09	2.686008e+01	2.634937e+02
3.490000e-06	5.200690e-09	2.249120e-09	2.690048e+01	2.639101e+02
3.500000e-06	5.208127e-09	2.252489e-09	2.693895e+01	2.643075e+02
3.510000e-06	5.215183e-09	2.262219e-09	2.697545e+01	2.646859e+02
3.520000e-06	5.221871e-09	2.272060e-09	2.701004e+01	2.650452e+02
3.530000e-06	5.228208e-09	2.275488e-09	2.704282e+01	2.653854e+02
3.540000e-06	5.234172e-09	2.272041e-09	2.707367e+01	2.657066e+02
3.550000e-06	5.239747e-09	2.266543e-09	2.710251e+01	2.660086e+02
3.560000e-06	5.244957e-09	2.263936e-09	2.712945e+01	2.662914e+02
3.570000e-06	5.249848e-09	2.264416e-09	2.715475e+01	2.665551e+02
3.580000e-06	5.254507e-09	2.267355e-09	2.717885e+01	2.667996e+02
3.590000e-06	5.258965e-09	2.273899e-09	2.720191e+01	2.670249e+02
3.600000e-06	5.263153e-09	2.281152e-09	2.722357e+01	2.672310e+02
3.610000e-06	5.266972e-09	2.285511e-09	2.724333e+01	2.674179e+02
3.620000e-06	5.270316e-09	2.285253e-09	2.726062e+01	2.675855e+02
3.630000e-06	5.273102e-09	2.280911e-09	2.727503e+01	2.677338e+02
3.640000e-06	5.275301e-09	2.276818e-09	2.728641e+01	2.678629e+02
3.650000e-06	5.276939e-09	2.275056e-09	2.729488e+01	2.679726e+02
3.660000e-06	5.278125e-09	2.275518e-09	2.730101e+01	2.680631e+02
3.670000e-06	5.278988e-09	2.277680e-09	2.730548e+01	2.681343e+02
3.680000e-06	5.279603e-09	2.279491e-09	2.730866e+01	2.681862e+02
3.690000e-06	5.279975e-09	2.280133e-09	2.731058e+01	2.682188e+02
3.700000e-06	5.280050e-09	2.280809e-09	2.731097e+01	2.682321e+02
3.710000e-06	5.279747e-09	2.280399e-09	2.730940e+01	2.682261e+02
3.720000e-06	5.279049e-09	2.276452e-09	2.730579e+01	2.682007e+02
3.730000e-06	5.277992e-09	2.272920e-09	2.730032e+01	2.681561e+02
3.740000e-06	5.276602e-09	2.279608e-09	2.729313e+01	2.680922e+02
3.750000e-06	5.274884e-09	2.295559e-09	2.728425e+01	2.680089e+02
3.760000e-06	5.272804e-09	2.300239e-09	2.727349e+01	2.679064e+02
3.770000e-06	5.270326e-09	2.283247e-09	2.726067e+01	2.677846e+02
3.780000e-06	5.267438e-09	2.254265e-09	2.724573e+01	2.676435e+02
3.790000e-06	5.264189e-09	2.236401e-09	2.722893e+01	2.674831e+02
3.800000e-06	5.260636e-09	2.254289e-09	2.721055e+01	2.673035e+02
3.810000e-06	5.256807e-09	2.284228e-09	2.719075e+01	2.671046e+02
3.820000e-06	5.252737e-09	2.295814e-09	2.716969e+01	2.668866e+02
3.830000e-06	5.248423e-09	2.299459e-09	2.714738e+01	2.666493e+02
3.840000e-06	5.243712e-09	2.311302e-09	2.712301e+01	2.663928e+02
3.850000e-06	5.238381e-09	2.303376e-09	2.709544e+01	2.661171e+02
3.860000e-06	5.232392e-09	2.270002e-09	2.706446e+01	2.658223e+02
3.870000e-06	5.225926e-09	2.207929e-09	2.703101e+01	2.655083e+02
3.880000e-06	5.219108e-09	2.214936e-09	2.699575e+01	2.651753e+02
3.890000e-06	5.211975e-09	2.266112e-09	2.695885e+01	2.648231e+02
3.900000e-06	5.204556e-09	2.303285e-09	2.692047e+01	2.644519e+02
3.910000e-06	5.196869e-09	2.277126e-09	2.688071e+01	2.640617e+02
3.920000e-06	5.188890e-09	2.245183e-09	2.683944e+01	2.636524e+02
3.930000e-06	5.180518e-09	2.252707e-09	2.679614e+01	2.632242e+02
3.940000e-06	5.171694e-09	2.254745e-09	2.675050e+01	2.627770e+02
3.950000e-06	5.162469e-09	2.230452e-09	2.670278e+01	2.623109e+02
3.960000e-06	5.152901e-09	2.223939e-09	2.665329e+01	2.618259e+02
3.970000e-06	5.142970e-09	2.263845e-09	2.660192e+01	2.613221e+02
3.980000e-06	5.132663e-09	2.280326e-09	2.654861e+01	2.607994e+02
3.990000e-06	5.122016e-09	2.250912e-09	2.649354e+01	2.602580e+02
4.000000e-06	5.111049e-09	2.209522e-09	2.643681e+01	2.596979e+02
4.010000e-06	5.099717e-09	2.207786e-09	2.637820e+01	2.591190e+02
4.020000e-06	5.087986e-09	2.210193e-09	2.631752e+01	2.585215e+02
4.030000e-06	5.075853e-09	2.219457e-09	2.625476e+01	2.579054e+02
4.040000e-06	5.063226e-09	2.232382e-09	2.618945e+01	2.572708e+02
4.050000e-06	5.049992e-09	2.242336e-09	2.612100e+01	2.566176e+02
4.060000e-06	5.036159e-09	2.207969e-09	2.604944e+01	2.559459e+02
4.070000e-06	5.021787e-09	2.176677e-09	2.597511e+01	2.552559e+02
4.080000e-06	5.006971e-09	2.177754e-09	2.589847e+01	2.545474e+02
4.090000e-06	4.991801e-09	2.191317e-09	2.582001e+01	2.538207e+02
4.100000e-06	4.976368e-09	2.180327e-09	2.574018e+01	2.530756e+02
4.110000e-06	4.960693e-09	2.178858e-09	2.565910e+01	2.523124e+02
4.120000e-06	4.944711e-09	2.190996e-09	2.557643e+01	2.515309e+02
4.130000e-06	4.928391e-09	2.187485e-09	2.549201e+01	2.507314e+02
4.140000e-06	4.911734e-09	2.163030e-09	2.540586e+01	2.499139e+02
4.150000e-06	4.894728e-09	2.150043e-09	2.531789e+01	2.490783e+02
4.160000e-06	4.877384e-09	2.141411e-09	2.522818e+01	2.482248e+02
4.170000e-06	4.859726e-09	2.129864e-09	2.513685e+01	2.473535e+02
4.180000e-06	4.841742e-09	2.131652e-09	2.504382e+01	2.464643e+02
4.190000e-06	4.823403e-09	2.142395e-09	2.494897e+01	2.455574e+02
4.200000e-06	4.804710e-09	2.132114e-09	2.485228e+01	2.446329e+02
4.210000e-06	4.785711e-09	2.107521e-09	2.475401e+01	2.436907e+02
4.220000e-06	4.766475e-09	2.100321e-09	2.465451e+01	2.427310e+02
4.230000e-06	4.747055e-09	2.099828e-09	2.455406e+01	2.417538e+02
4.240000e-06	4.727444e-09	2.092713e-09	2.445262e+01	2.407592e+02
4.250000e-06	4.707554e-09	2.080841e-09	2.434974e+01	2.397473e+02
4.260000e-06	4.687272e-09	2.070457e-09	2.424483e+01	2.387181e+02
4.270000e-06	4.666512e-09	2.056554e-09	2.413745e+01	2.376718e+02
4.280000e-06	4.645232e-09	2.051181e-09	2.402738e+01	2.366083e+02
4.290000e-06	4.623392e-09	2.047545e-09	2.391442e+01	2.355278e+02
4.300000e-06	4.600998e-09	2.036041e-09	2.379858e+01	2.344304e+02
4.310000e-06	4.578169e-09	2.019029e-09	2.368050e+01	2.333161e+02
4.320000e-06	4.555049e-09	2.013730e-09	2.356091e+01	2.321850e+02
4.330000e-06	4.531720e-09	2.007937e-09	2.344024e+01	2.310372e+02
4.340000e-06	4.508200e-09	1.996640e-09	2.331859e+01	2.298727e+02
4.350000e-06	4.484461e-09	1.981361e-09	2.319580e+01	2.286918e+02
4.360000e-06	4.460431e-09	1.969155e-09	2.307150e+01	2.274943e+02
4.370000e-06	4.436052e-09	1.957447e-09	2.294540e+01	2.262805e+02
4.380000e-06	4.411343e-09	1.952417e-09	2.281759e+01	2.250504e+02
4.390000e-06	4.386327e-09	1.945666e-09	2.268820e+01	2.238041e+02
4.400000e-06	4.361014e-09	1.932649e-09	2.255727e+01	2.225417e+02
4.410000e-06	4.335424e-09	1.916428e-09	2.242490e+01	2.212633e+02
4.420000e-06	4.309549e-09	1.905893e-09	2.229107e+01	2.199690e+02
4.430000e-06	4.283358e-09	1.895411e-09	2.215559e+01	2.186588e+02
4.440000e-06	4.256824e-09	1.883855e-09	2.201834e+01	2.173329e+02
4.450000e-06	4.229979e-09	1.870782e-09	2.187949e+01	2.159913e+02
4.460000e-06	4.202887e-09	1.858804e-09	2.173936e+01	2.146342e+02
4.470000e-06	4.175601e-09	1.848509e-09	2.159822e+01	2.132617e+02
4.480000e-06	4.148153e-09	1.839762e-09	2.145625e+01	2.118738e+02
4.490000e-06	4.120541e-09	1.828219e-09	2.131343e+01	2.104707e+02
4.500000e-06	4.092689e-09	1.814175e-09	2.116936e+01	2.090524e+02
4.510000e-06	4.064520e-09	1.801586e-09	2.102366e+01	2.076191e+02
4.520000e-06	4.035975e-09	1.790198e-09	2.087601e+01	2.061709e+02
4.530000e-06	4.006998e-09	1.778544e-09	2.072612e+01	2.047078e+02
4.540000e-06	3.977550e-09	1.763584e-09	2.057380e+01	2.032300e+02
4.550000e-06	3.947621e-09	1.747283e-09	2.041900e+01	2.017375e+02
4.560000e-06	3.917264e-09	1.732552e-09	2.026198e+01	2.002305e+02
4.570000e-06	3.886552e-09	1.721577e-09	2.010312e+01	1.987092e+02
4.580000e-06	3.855541e-09	1.709804e-09	1.994272e+01	1.971735e+02
4.590000e-06	3.824309e-09	1.696388e-09	1.978117e+01	1.956237e+02
4.600000e-06	3.792908e-09	1.681709e-09	1.961875e+01	1.940597e+02
4.610000e-06	3.761338e-09	1.668950e-09	1.945545e+01	1.924818e+02
4.620000e-06	3.729572e-09	1.655235e-09	1.929115e+01	1.908901e+02
4.630000e-06	3.697573e-09	1.640029e-09	1.912563e+01	1.892846e+02
4.640000e-06	3.665308e-09	1.622501e-09	1.895874e+01	1.876655e+02
4.650000e-06	3.632767e-09	1.607321e-09	1.879042e+01	1.860329e+02
4.660000e-06	3.599979e-09	1.594017e-09	1.862082e+01	1.843870e+02
4.670000e-06	3.566956e-09	1.581065e-09	1.845001e+01	1.827277e+02
4.680000e-06	3.533712e-09	1.564945e-09	1.827806e+01	1.810553e+02
4.690000e-06	3.500253e-09	1.548040e-09	1.810499e+01	1.793699e+02
4.700000e-06	3.466565e-09	1.531817e-09	1.793074e+01	1.776716e+02
4.710000e-06	3.432611e-09	1.518880e-09	1.775512e+01	1.759605e+02
4.720000e-06	3.398399e-09	1.508195e-09	1.757816e+01	1.742367e+02
4.730000e-06	3.363944e-09	1.497321e-09	1.739994e+01	1.725004e+02
4.740000e-06	3.329222e-09	1.482532e-09	1.722034e+01	1.707517e+02
4.750000e-06	3.294261e-09	1.464274e-09	1.703951e+01	1.689907e+02
4.760000e-06	3.259117e-09	1.444387e-09	1.685772e+01	1.672176e+02
4.770000e-06	3.223831e-09	1.425950e-09	1.667521e+01	1.654324e+02
4.780000e-06	3.188437e-09	1.410461e-09	1.649213e+01	1.636353e+02
4.790000e-06	3.152934e-09	1.398079e-09	1.630849e+01	1.618265e+02
4.800000e-06	3.117304e-09	1.386446e-09	1.612420e+01	1.600060e+02
4.810000e-06	3.081510e-09	1.373142e-09	1.593905e+01	1.581740e+02
4.820000e-06	3.045487e-09	1.356696e-09	1.575272e+01	1.563307e+02
4.830000e-06	3.009195e-09	1.337258e-09	1.556500e+01	1.544760e+02
4.840000e-06	2.972585e-09	1.316685e-09	1.537564e+01	1.526103e+02
4.850000e-06	2.935613e-09	1.296848e-09	1.518440e+01	1.507336e+02
4.860000e-06	2.898290e-09	1.279957e-09	1.499135e+01	1.488461e+02
4.870000e-06	2.860604e-09	1.266393e-09	1.479642e+01	1.469479e+02
4.880000e-06	2.822537e-09	1.255062e-09	1.459952e+01	1.450390e+02
4.890000e-06	2.784118e-09	1.241817e-09	1.440080e+01	1.431198e+02
4.900000e-06	2.745409e-09	1.225103e-09	1.420058e+01	1.411903e+02
4.910000e-06	2.706490e-09	1.205913e-09	1.399927e+01	1.392506e+02
4.920000e-06	2.667393e-09	1.186016e-09	1.379704e+01	1.373009e+02
4.930000e-06	2.628157e-09	1.166011e-09	1.359409e+01	1.353413e+02
4.940000e-06	2.588824e-09	1.147538e-09	1.339064e+01	1.333720e+02
4.950000e-06	2.549403e-09	1.129241e-09	1.318674e+01	1.313931e+02
4.960000e-06	2.509889e-09	1.111637e-09	1.298235e+01	1.294048e+02
4.970000e-06	2.470273e-09	1.094863e-09	1.277744e+01	1.274072e+02
4.980000e-06	2.430544e-09	1.079533e-09	1.257194e+01	1.254004e+02
4.990000e-06	2.390672e-09	1.064250e-09	1.236570e+01	1.233846e+02
5.000000e-06	2.350610e-09	1.047038e-09	1.215849e+01	1.213599e+02
5.010000e-06	2.310373e-09	1.027148e-09	1.195036e+01	1.193265e+02
5.020000e-06	2.269962e-09	1.007760e-09	1.174133e+01	1.172845e+02
5.030000e-06	2.229369e-09	9.905928e-10	1.153137e+01	1.152341e+02
5.040000e-06	2.188609e-09	9.742941e-10	1.132054e+01	1.131754e+02
5.050000e-06	2.147686e-09	9.567156e-10	1.110886e+01	1.111086e+02
5.060000e-06	2.106597e-09	9.375915e-10	1.089633e+01	1.090338e+02
5.070000e-06	2.065366e-09	9.185909e-10	1.068306e+01	1.069511e+02
5.080000e-06	2.024015e-09	9.009750e-10	1.046918e+01	1.048608e+02
5.090000e-06	1.982547e-09	8.840423e-10	1.025468e+01	1.027629e+02
5.100000e-06	1.940964e-09	8.654273e-10	1.003960e+01	1.006577e+02
5.110000e-06	1.899253e-09	8.437794e-10	9.823849e+00	9.854519e+01
5.120000e-06	1.857404e-09	8.215069e-10	9.607382e+00	9.642563e+01
5.130000e-06	1.815421e-09	8.019078e-10	9.390229e+00	9.429915e+01
5.140000e-06	1.773311e-09	7.843963e-10	9.172412e+00	9.216589e+01
5.150000e-06	1.731036e-09	7.658460e-10	8.953749e+00	9.002601e+01
5.160000e-06	1.688584e-09	7.457458e-10	8.734168e+00	8.787967e+01
5.170000e-06	1.645989e-09	7.272827e-10	8.513844e+00	8.572701e+01
5.180000e-06	1.603261e-09	7.091139e-10	8.292833e+00	8.356820e+01
5.190000e-06	1.560415e-09	6.868174e-10	8.071215e+00	8.140340e+01
5.200000e-06	1.517484e-09	6.636225e-10	7.849152e+00	7.923274e+01
5.210000e-06	1.474469e-09	6.428808e-10	7.626662e+00	7.705640e+01
5.220000e-06	1.431383e-09	6.269428e-10	7.403799e+00	7.487453e+01
5.230000e-06	1.388232e-09	6.132559e-10	7.180599e+00	7.268729e+01
5.240000e-06	1.345005e-09	5.965897e-10	6.957011e+00	7.049483e+01
5.250000e-06	1.301729e-09	5.758112e-10	6.733163e+00	6.829731e+01
5.260000e-06	1.258420e-09	5.538490e-10	6.509151e+00	6.609489e+01
5.270000e-06	1.215074e-09	5.353164e-10	6.284944e+00	6.388773e+01
5.280000e-06	1.171691e-09	5.177101e-10	6.060544e+00	6.167600e+01
5.290000e-06	1.128269e-09	4.983062e-10	5.835943e+00	5.945983e+01
5.300000e-06	1.084812e-09	4.771900e-10	5.611166e+00	5.723941e+01
5.310000e-06	1.041334e-09	4.571850e-10	5.386272e+00	5.501489e+01
5.320000e-06	9.978353e-10	4.389562e-10	5.161278e+00	5.278642e+01
5.330000e-06	9.543013e-10	4.200183e-10	4.936099e+00	5.055417e+01
5.340000e-06	9.107239e-10	3.997692e-10	4.710695e+00	4.831830e+01
5.350000e-06	8.671037e-10	3.807108e-10	4.485070e+00	4.607897e+01
5.360000e-06	8.234388e-10	3.651927e-10	4.259214e+00	4.383634e+01
5.370000e-06	7.797387e-10	3.509157e-10	4.033176e+00	4.159058e+01
5.380000e-06	7.360010e-10	3.318894e-10	3.806943e+00	3.934184e+01
5.390000e-06	6.922316e-10	3.071367e-10	3.580547e+00	3.709029e+01
5.400000e-06	6.484391e-10	2.819127e-10	3.354031e+00	3.483609e+01
5.410000e-06	6.046112e-10	2.631541e-10	3.127332e+00	3.257940e+01
5.420000e-06	5.607576e-10	2.501242e-10	2.900500e+00	3.032038e+01
5.430000e-06	5.168723e-10	2.363922e-10	2.673504e+00	2.805921e+01
5.440000e-06	4.729233e-10	2.182792e-10	2.446178e+00	2.579603e+01
5.450000e-06	4.289141e-10	1.976907e-10	2.218541e+00	2.353102e+01
5.460000e-06	3.848716e-10	1.765941e-10	1.990732e+00	2.126433e+01
5.470000e-06	3.407887e-10	1.553408e-10	1.762714e+00	1.899614e+01
5.480000e-06	2.966856e-10	1.335724e-10	1.534592e+00	1.672660e+01
5.490000e-06	2.525835e-10	1.123516e-10	1.306474e+00	1.445587e+01
5.500000e-06	2.084476e-10	9.343406e-11	1.078182e+00	1.218413e+01
5.510000e-06	1.642852e-10	7.693102e-11	8.497536e-01	9.911530e+00
5.520000e-06	1.201319e-10	5.986847e-11	6.213711e-01	7.638240e+00
5.530000e-06	7.598788e-11	3.885187e-11	3.930373e-01	5.364422e+00
5.540000e-06	3.182217e-11	1.522496e-11	1.645911e-01	3.090241e+00
5.550000e-06	-1.235489e-11	-6.756760e-12	-6.391393e-02	8.158592e-01
5.560000e-06	-5.652059e-11	-2.406470e-11	-2.923602e-01	-1.458558e+00
5.570000e-06	-1.006832e-10	-3.930154e-11	-5.207904e-01	-3.732848e+00
5.580000e-06	-1.448371e-10	-5.685338e-11	-7.491757e-01	-6.006846e+00
5.590000e-06	-1.889776e-10	-7.834113e-11	-9.774919e-01	-8.280388e+00
5.600000e-06	-2.330871e-10	-1.020634e-10	-1.205648e+00	-1.055331e+01
5.610000e-06	-2.771661e-10	-1.250409e-10	-1.433645e+00	-1.282545e+01
5.620000e-06	-3.212315e-10	-1.444237e-10	-1.661572e+00	-1.509664e+01
5.630000e-06	-3.652883e-10	-1.606942e-10	-1.889455e+00	-1.736672e+01
5.640000e-06	-4.093208e-10	-1.774635e-10	-2.117212e+00	-1.963553e+01
5.650000e-06	-4.532933e-10	-1.967800e-10	-2.344660e+00	-2.190290e+01
5.660000e-06	-4.971962e-10	-2.185372e-10	-2.571747e+00	-2.416867e+01
5.670000e-06	-5.410582e-10	-2.421090e-10	-2.798622e+00	-2.643267e+01
5.680000e-06	-5.849004e-10	-2.656492e-10	-3.025395e+00	-2.869475e+01
5.690000e-06	-6.287090e-10	-2.871272e-10	-3.251994e+00	-3.095473e+01
5.700000e-06	-6.724866e-10	-3.056862e-10	-3.478433e+00	-3.321246e+01
5.710000e-06	-7.162324e-10	-3.211826e-10	-3.704707e+00	-3.546778e+01
5.720000e-06	-7.599368e-10	-3.357086e-10	-3.930767e+00	-3.772052e+01
5.730000e-06	-8.035978e-10	-3.537525e-10	-4.156604e+00	-3.997051e+01
5.740000e-06	-8.472105e-10	-3.757757e-10	-4.382190e+00	-4.221760e+01
5.750000e-06	-8.907824e-10	-3.990266e-10	-4.607565e+00	-4.446163e+01
5.760000e-06	-9.343149e-10	-4.193689e-10	-4.832736e+00	-4.670243e+01
5.770000e-06	-9.778086e-10	-4.366842e-10	-5.057706e+00	-4.893984e+01
5.780000e-06	-1.021277e-09	-4.542989e-10	-5.282547e+00	-5.117370e+01
5.790000e-06	-1.064726e-09	-4.736876e-10	-5.507287e+00	-5.340385e+01
5.800000e-06	-1.108144e-09	-4.939935e-10	-5.731865e+00	-5.563013e+01
5.810000e-06	-1.151539e-09	-5.126892e-10	-5.956326e+00	-5.785238e+01
5.820000e-06	-1.194920e-09	-5.302981e-10	-6.180714e+00	-6.007043e+01
5.830000e-06	-1.238267e-09	-5.484413e-10	-6.404923e+00	-6.228413e+01
5.840000e-06	-1.281567e-09	-5.674470e-10	-6.628894e+00	-6.449332e+01
5.850000e-06	-1.324824e-09	-5.866977e-10	-6.852642e+00	-6.669785e+01
5.860000e-06	-1.368030e-09	-6.057565e-10	-7.076120e+00	-6.889754e+01
5.870000e-06	-1.411175e-09	-6.242879e-10	-7.299289e+00	-7.109224e+01
5.880000e-06	-1.454249e-09	-6.429797e-10	-7.522090e+00	-7.328180e+01
5.890000e-06	-1.497222e-09	-6.624612e-10	-7.744365e+00	-7.546605e+01
5.900000e-06	-1.540090e-09	-6.813168e-10	-7.966100e+00	-7.764484e+01
5.910000e-06	-1.582838e-09	-6.991173e-10	-8.187213e+00	-7.981801e+01
5.920000e-06	-1.625439e-09	-7.166042e-10	-8.407563e+00	-8.198541e+01
5.930000e-06	-1.667878e-09	-7.340526e-10	-8.627081e+00	-8.414688e+01
5.940000e-06	-1.710158e-09	-7.522384e-10	-8.845775e+00	-8.630226e+01
5.950000e-06	-1.752299e-09	-7.719720e-10	-9.063747e+00	-8.845139e+01
5.960000e-06	-1.794299e-09	-7.922196e-10	-9.280991e+00	-9.059413e+01
5.970000e-06	-1.836169e-09	-8.125701e-10	-9.497561e+00	-9.273032e+01
5.980000e-06	-1.877919e-09	-8.325550e-10	-9.713515e+00	-9.485980e+01
5.990000e-06	-1.919548e-09	-8.506397e-10	-9.928841e+00	-9.698243e+01
6.000000e-06	-1.961070e-09	-8.666721e-10	-1.014361e+01	-9.909804e+01
6.010000e-06	-2.002488e-09	-8.809771e-10	-1.035785e+01	-1.012065e+02
6.020000e-06	-2.043798e-09	-8.954014e-10	-1.057152e+01	-1.033076e+02
6.030000e-06	-2.084997e-09	-9.121256e-10	-1.078462e+01	-1.054013e+02
6.040000e-06	-2.126061e-09	-9.317446e-10	-1.099702e+01	-1.074873e+02
6.050000e-06	-2.166955e-09	-9.535340e-10	-1.120855e+01	-1.095656e+02
6.060000e-06	-2.207668e-09	-9.751521e-10	-1.141914e+01	-1.116359e+02
6.070000e-06	-2.248176e-09	-9.943520e-10	-1.162866e+01	-1.136982e+02
6.080000e-06	-2.288462e-09	-1.010151e-09	-1.183704e+01	-1.157523e+02
6.090000e-06	-2.328552e-09	-1.023607e-09	-1.204440e+01	-1.177980e+02
6.100000e-06	-2.368473e-09	-1.038340e-09	-1.225090e+01	-1.198352e+02
6.110000e-06	-2.408241e-09	-1.055580e-09	-1.245660e+01	-1.218637e+02
6.120000e-06	-2.447877e-09	-1.073870e-09	-1.266161e+01	-1.238835e+02
6.130000e-06	-2.487412e-09	-1.092206e-09	-1.286610e+01	-1.258942e+02
6.140000e-06	-2.526863e-09	-1.110020e-09	-1.307016e+01	-1.278959e+02
6.150000e-06	-2.566243e-09	-1.127111e-09	-1.327386e+01	-1.298884e+02
6.160000e-06	-2.605546e-09	-1.143434e-09	-1.347715e+01	-1.318714e+02
6.170000e-06	-2.644737e-09	-1.158937e-09	-1.367987e+01	-1.338450e+02
6.180000e-06	-2.683804e-09	-1.173991e-09	-1.388194e+01	-1.358088e+02
6.190000e-06	-2.722716e-09	-1.189788e-09	-1.408321e+01	-1.377629e+02
6.200000e-06	-2.761412e-09	-1.206292e-09	-1.428336e+01	-1.397070e+02
6.210000e-06	-2.799824e-09	-1.222649e-09	-1.448205e+01	-1.416410e+02
6.220000e-06	-2.837912e-09	-1.239016e-09	-1.467906e+01	-1.435648e+02
6.230000e-06	-2.875665e-09	-1.255551e-09	-1.487434e+01	-1.454782e+02
6.240000e-06	-2.913069e-09	-1.273042e-09	-1.506781e+01	-1.473811e+02
6.250000e-06	-2.950119e-09	-1.291594e-09	-1.525945e+01	-1.492733e+02
6.260000e-06	-2.986811e-09	-1.309958e-09	-1.544924e+01	-1.511548e+02
6.270000e-06	-3.023147e-09	-1.327216e-09	-1.563718e+01	-1.530254e+02
6.280000e-06	-3.059183e-09	-1.342300e-09	-1.582358e+01	-1.548849e+02
6.290000e-06	-3.094993e-09	-1.354589e-09	-1.600881e+01	-1.567332e+02
6.300000e-06	-3.130623e-09	-1.366424e-09	-1.619310e+01	-1.585702e+02
6.310000e-06	-3.166119e-09	-1.380120e-09	-1.637670e+01	-1.603958e+02
6.320000e-06	-3.201518e-09	-1.395480e-09	-1.655981e+01	-1.622098e+02
6.330000e-06	-3.236822e-09	-1.412543e-09	-1.674241e+01	-1.640120e+02
6.340000e-06	-3.271997e-09	-1.430436e-09	-1.692436e+01	-1.658024e+02
6.350000e-06	-3.306992e-09	-1.446656e-09	-1.710537e+01	-1.675809e+02
6.360000e-06	-3.341754e-09	-1.459608e-09	-1.728518e+01	-1.693472e+02
6.370000e-06	-3.376257e-09	-1.470411e-09	-1.746364e+01	-1.711014e+02
6.380000e-06	-3.410480e-09	-1.481275e-09	-1.764066e+01	-1.728431e+02
6.390000e-06	-3.444429e-09	-1.494584e-09	-1.781626e+01	-1.745724e+02
6.400000e-06	-3.478126e-09	-1.510861e-09	-1.799056e+01	-1.762891e+02
6.410000e-06	-3.511592e-09	-1.528984e-09	-1.816366e+01	-1.779931e+02
6.420000e-06	-3.544847e-09	-1.546730e-09	-1.833567e+01	-1.796842e+02
6.430000e-06	-3.577874e-09	-1.561870e-09	-1.850650e+01	-1.813623e+02
6.440000e-06	-3.610614e-09	-1.574029e-09	-1.867585e+01	-1.830273e+02
6.450000e-06	-3.643044e-09	-1.584850e-09	-1.884359e+01	-1.846792e+02
6.460000e-06	-3.675181e-09	-1.596639e-09	-1.900982e+01	-1.863177e+02
6.470000e-06	-3.707071e-09	-1.609497e-09	-1.917477e+01	-1.879427e+02
6.480000e-06	-3.738759e-09	-1.623305e-09	-1.933868e+01	-1.895542e+02
6.490000e-06	-3.770270e-09	-1.637438e-09	-1.950167e+01	-1.911520e+02
6.500000e-06	-3.801626e-09	-1.651350e-09	-1.966385e+01	-1.927360e+02
6.510000e-06	-3.832786e-09	-1.665529e-09	-1.982503e+01	-1.943060e+02
6.520000e-06	-3.863692e-09	-1.679508e-09	-1.998489e+01	-1.958621e+02
6.530000e-06	-3.894311e-09	-1.693614e-09	-2.014326e+01	-1.974040e+02
6.540000e-06	-3.924559e-09	-1.707477e-09	-2.029972e+01	-1.989317e+02
6.550000e-06	-3.954351e-09	-1.720127e-09	-2.045382e+01	-2.004450e+02
6.560000e-06	-3.983670e-09	-1.731588e-09	-2.060547e+01	-2.019438e+02
6.570000e-06	-4.012515e-09	-1.742135e-09	-2.075467e+01	-2.034281e+02
6.580000e-06	-4.040915e-09	-1.752702e-09	-2.090157e+01	-2.048977e+02
6.590000e-06	-4.068945e-09	-1.763632e-09	-2.104655e+01	-2.063525e+02
6.600000e-06	-4.096701e-09	-1.776033e-09	-2.119012e+01	-2.077924e+02
6.610000e-06	-4.124257e-09	-1.790387e-09	-2.133265e+01	-2.092173e+02
6.620000e-06	-4.151665e-09	-1.804517e-09	-2.147442e+01	-2.106271e+02
6.630000e-06	-4.178923e-09	-1.816584e-09	-2.161541e+01	-2.120217e+02
6.640000e-06	-4.205977e-09	-1.825554e-09	-2.175535e+01	-2.134010e+02
6.650000e-06	-4.232770e-09	-1.832537e-09	-2.189394e+01	-2.147648e+02
6.660000e-06	-4.259241e-09	-1.840025e-09	-2.203086e+01	-2.161132e+02
6.670000e-06	-4.285366e-09	-1.850410e-09	-2.216599e+01	-2.174460e+02
6.680000e-06	-4.311172e-09	-1.863517e-09	-2.229947e+01	-2.187631e+02
6.690000e-06	-4.336680e-09	-1.877287e-09	-2.243141e+01	-2.200644e+02
6.700000e-06	-4.361878e-09	-1.889063e-09	-2.256174e+01	-2.213499e+02
6.710000e-06	-4.386765e-09	-1.896658e-09	-2.269047e+01	-2.226193e+02
6.720000e-06	-4.411329e-09	-1.901891e-09	-2.281753e+01	-2.238727e+02
6.730000e-06	-4.435553e-09	-1.907151e-09	-2.294283e+01	-2.251099e+02
6.740000e-06	-4.459479e-09	-1.913988e-09	-2.306658e+01	-2.263309e+02
6.750000e-06	-4.483155e-09	-1.924215e-09	-2.318905e+01	-2.275356e+02
6.760000e-06	-4.506629e-09	-1.938557e-09	-2.331047e+01	-2.287238e+02
6.770000e-06	-4.529928e-09	-1.953910e-09	-2.343098e+01	-2.298955e+02
6.780000e-06	-4.553004e-09	-1.965930e-09	-2.355034e+01	-2.310506e+02
6.790000e-06	-4.575769e-09	-1.972766e-09	-2.366809e+01	-2.321891e+02
6.800000e-06	-4.598139e-09	-1.975606e-09	-2.378380e+01	-2.333108e+02
6.810000e-06	-4.620032e-09	-1.979173e-09	-2.389704e+01	-2.344157e+02
6.820000e-06	-4.641395e-09	-1.985378e-09	-2.400754e+01	-2.355036e+02
6.830000e-06	-4.662223e-09	-1.993514e-09	-2.411528e+01	-2.365746e+02
6.840000e-06	-4.682571e-09	-2.003328e-09	-2.422052e+01	-2.376284e+02
6.850000e-06	-4.702525e-09	-2.013248e-09	-2.432373e+01	-2.386652e+02
6.860000e-06	-4.722194e-09	-2.024398e-09	-2.442547e+01	-2.396847e+02
6.870000e-06	-4.741670e-09	-2.035405e-09	-2.452621e+01	-2.406869e+02
6.880000e-06	-4.760958e-09	-2.045783e-09	-2.462598e+01	-2.416717e+02
6.890000e-06	-4.780016e-09	-2.055568e-09	-2.472456e+01	-2.426391e+02
6.900000e-06	-4.798782e-09	-2.063639e-09	-2.482162e+01	-2.435890e+02
6.910000e-06	-4.817187e-09	-2.070868e-09	-2.491682e+01	-2.445214e+02
6.920000e-06	-4.835215e-09	-2.076988e-09	-2.501007e+01	-2.454360e+02
6.930000e-06	-4.852933e-09	-2.083138e-09	-2.510172e+01	-2.463330e+02
6.940000e-06	-4.870383e-09	-2.090385e-09	-2.519198e+01	-2.472122e+02
6.950000e-06	-4.887540e-09	-2.100297e-09	-2.528072e+01	-2.480735e+02
6.960000e-06	-4.904358e-09	-2.111607e-09	-2.536771e+01	-2.489170e+02
6.970000e-06	-4.920796e-09	-2.120953e-09	-2.545274e+01	-2.497424e+02
6.980000e-06	-4.936862e-09	-2.126517e-09	-2.553584e+01	-2.505499e+02
6.990000e-06	-4.952620e-09	-2.129944e-09	-2.561735e+01	-2.513393e+02
7.000000e-06	-4.968138e-09	-2.132736e-09	-2.569761e+01	-2.521105e+02
7.010000e-06	-4.983421e-09	-2.137410e-09	-2.577666e+01	-2.528636e+02
7.020000e-06	-4.998401e-09	-2.145116e-09	-2.585415e+01	-2.535984e+02
7.030000e-06	-5.012962e-09	-2.154736e-09	-2.592946e+01	-2.543149e+02
7.040000e-06	-5.026933e-09	-2.165463e-09	-2.600173e+01	-2.550131e+02
7.050000e-06	-5.040239e-09	-2.174274e-09	-2.607055e+01	-2.556928e+02
7.060000e-06	-5.052962e-09	-2.178361e-09	-2.613636e+01	-2.563541e+02
7.070000e-06	-5.065215e-09	-2.178926e-09	-2.619974e+01	-2.569969e+02
7.080000e-06	-5.077084e-09	-2.179612e-09	-2.626113e+01	-2.576212e+02
7.090000e-06	-5.088639e-09	-2.183075e-09	-2.632090e+01	-2.582269e+02
7.100000e-06	-5.099884e-09	-2.191253e-09	-2.637907e+01	-2.588139e+02
7.110000e-06	-5.110781e-09	-2.202116e-09	-2.643543e+01	-2.593823e+02
7.120000e-06	-5.121309e-09	-2.210589e-09	-2.648989e+01	-2.599320e+02
7.130000e-06	-5.131449e-09	-2.214371e-09	-2.654233e+01	-2.604629e+02
7.140000e-06	-5.141220e-09	-2.214921e-09	-2.659287e+01	-2.609750e+02
7.150000e-06	-5.150677e-09	-2.215290e-09	-2.664179e+01	-2.614682e+02
7.160000e-06	-5.159813e-09	-2.217480e-09	-2.668905e+01	-2.619426e+02
7.170000e-06	-5.168581e-09	-2.221263e-09	-2.673440e+01	-2.623981e+02
7.180000e-06	-5.176971e-09	-2.225012e-09	-2.677780e+01	-2.628347e+02
7.190000e-06	-5.185003e-09	-2.228183e-09	-2.681934e+01	-2.632523e+02
7.200000e-06	-5.192728e-09	-2.232175e-09	-2.685930e+01	-2.636509e+02
7.210000e-06	-5.200217e-09	-2.236241e-09	-2.689804e+01	-2.640305e+02
7.220000e-06	-5.207506e-09	-2.239144e-09	-2.693574e+01	-2.643911e+02
7.230000e-06	-5.214511e-09	-2.240594e-09	-2.697197e+01	-2.647325e+02
7.240000e-06	-5.221099e-09	-2.242218e-09	-2.700605e+01	-2.650549e+02
7.250000e-06	-5.227180e-09	-2.245297e-09	-2.703750e+01	-2.653581e+02
7.260000e-06	-5.232680e-09	-2.248778e-09	-2.706595e+01	-2.656422e+02
7.270000e-06	-5.237597e-09	-2.251021e-09	-2.709138e+01	-2.659071e+02
7.280000e-06	-5.241987e-09	-2.252850e-09	-2.711409e+01	-2.661529e+02
7.290000e-06	-5.245951e-09	-2.254837e-09	-2.713459e+01	-2.663794e+02
7.300000e-06	-5.249611e-09	-2.256734e-09	-2.715352e+01	-2.665867e+02
7.310000e-06	-5.253043e-09	-2.258269e-09	-2.717127e+01	-2.667748e+02
7.320000e-06	-5.256256e-09	-2.258962e-09	-2.718789e+01	-2.669436e+02
7.330000e-06	-5.259186e-09	-2.258673e-09	-2.720305e+01	-2.670932e+02
7.340000e-06	-5.261755e-09	-2.258046e-09	-2.721634e+01	-2.672235e+02
7.350000e-06	-5.263929e-09	-2.258622e-09	-2.722758e+01	-2.673345e+02
7.360000e-06	-5.265746e-09	-2.261325e-09	-2.723698e+01	-2.674262e+02
7.370000e-06	-5.267270e-09	-2.265504e-09	-2.724486e+01	-2.674986e+02
7.380000e-06	-5.268486e-09	-2.268662e-09	-2.725115e+01	-2.675518e+02
7.390000e-06	-5.269295e-09	-2.268631e-09	-2.725534e+01	-2.675856e+02
7.400000e-06	-5.269645e-09	-2.265677e-09	-2.725715e+01	-2.676001e+02
