# Temperatura_=_20.0
# Concentracion g/m^3_=_10000.0
# C_Vs_to_Am_M_A/Vsm_=_116720831517.84952
# pendiente_HvsI_1/m_=_3716.3
# ordenada_HvsI_A/m_=_1297.0
# frecuencia_Hz_=_135455.09252172522
# Promedio de 22 ciclos

Tiempo_(s)	Campo_(V.s)	Magnetizacion_(V.s)	Campo_(kA/m)	Magnetizacion_(A/m)
0.000000e+00	-8.965001e-09	-3.691744e-09	-4.581748e+01	-4.391295e+02
1.000000e-08	-8.964937e-09	-3.695943e-09	-4.581715e+01	-4.391189e+02
2.000000e-08	-8.964468e-09	-3.697188e-09	-4.581475e+01	-4.390766e+02
3.000000e-08	-8.963438e-09	-3.696780e-09	-4.580949e+01	-4.390024e+02
4.000000e-08	-8.961642e-09	-3.697116e-09	-4.580031e+01	-4.388963e+02
5.000000e-08	-8.958943e-09	-3.695510e-09	-4.578652e+01	-4.387584e+02
6.000000e-08	-8.955423e-09	-3.694900e-09	-4.576852e+01	-4.385887e+02
7.000000e-08	-8.951347e-09	-3.700028e-09	-4.574769e+01	-4.383871e+02
8.000000e-08	-8.946813e-09	-3.703113e-09	-4.572452e+01	-4.381538e+02
9.000000e-08	-8.941594e-09	-3.680917e-09	-4.569785e+01	-4.378887e+02
1.000000e-07	-8.935341e-09	-3.650906e-09	-4.566589e+01	-4.375918e+02
1.100000e-07	-8.928003e-09	-3.663005e-09	-4.562839e+01	-4.372632e+02
1.200000e-07	-8.920042e-09	-3.700765e-09	-4.558770e+01	-4.369029e+02
1.300000e-07	-8.911951e-09	-3.693003e-09	-4.554635e+01	-4.365108e+02
1.400000e-07	-8.903616e-09	-3.670257e-09	-4.550375e+01	-4.360872e+02
1.500000e-07	-8.894477e-09	-3.699423e-09	-4.545704e+01	-4.356318e+02
1.600000e-07	-8.884402e-09	-3.731842e-09	-4.540555e+01	-4.351449e+02
1.700000e-07	-8.873817e-09	-3.663205e-09	-4.535146e+01	-4.346264e+02
1.800000e-07	-8.862719e-09	-3.629085e-09	-4.529474e+01	-4.340764e+02
1.900000e-07	-8.850709e-09	-3.696536e-09	-4.523336e+01	-4.334949e+02
2.000000e-07	-8.837938e-09	-3.742082e-09	-4.516809e+01	-4.328820e+02
2.100000e-07	-8.824704e-09	-3.675881e-09	-4.510045e+01	-4.322377e+02
2.200000e-07	-8.810672e-09	-3.662249e-09	-4.502874e+01	-4.315620e+02
2.300000e-07	-8.795597e-09	-3.707161e-09	-4.495170e+01	-4.308550e+02
2.400000e-07	-8.779758e-09	-3.686810e-09	-4.487074e+01	-4.301167e+02
2.500000e-07	-8.763192e-09	-3.622930e-09	-4.478608e+01	-4.293473e+02
2.600000e-07	-8.745807e-09	-3.630293e-09	-4.469723e+01	-4.285467e+02
2.700000e-07	-8.727836e-09	-3.643203e-09	-4.460538e+01	-4.277150e+02
2.800000e-07	-8.709389e-09	-3.614674e-09	-4.451111e+01	-4.268523e+02
2.900000e-07	-8.690271e-09	-3.639064e-09	-4.441340e+01	-4.259586e+02
3.000000e-07	-8.670499e-09	-3.653445e-09	-4.431235e+01	-4.250341e+02
3.100000e-07	-8.650316e-09	-3.593692e-09	-4.420920e+01	-4.240787e+02
3.200000e-07	-8.629706e-09	-3.561023e-09	-4.410387e+01	-4.230925e+02
3.300000e-07	-8.608561e-09	-3.625523e-09	-4.399580e+01	-4.220757e+02
3.400000e-07	-8.586949e-09	-3.613335e-09	-4.388535e+01	-4.210282e+02
3.500000e-07	-8.564827e-09	-3.567096e-09	-4.377229e+01	-4.199502e+02
3.600000e-07	-8.542017e-09	-3.574245e-09	-4.365572e+01	-4.188418e+02
3.700000e-07	-8.518568e-09	-3.583318e-09	-4.353587e+01	-4.177029e+02
3.800000e-07	-8.494627e-09	-3.536456e-09	-4.341352e+01	-4.165338e+02
3.900000e-07	-8.470170e-09	-3.530002e-09	-4.328852e+01	-4.153344e+02
4.000000e-07	-8.445129e-09	-3.526281e-09	-4.316055e+01	-4.141049e+02
4.100000e-07	-8.419330e-09	-3.499806e-09	-4.302870e+01	-4.128454e+02
4.200000e-07	-8.392549e-09	-3.504502e-09	-4.289183e+01	-4.115559e+02
4.300000e-07	-8.364904e-09	-3.523729e-09	-4.275054e+01	-4.102366e+02
4.400000e-07	-8.336753e-09	-3.492102e-09	-4.260667e+01	-4.088875e+02
4.500000e-07	-8.308207e-09	-3.464274e-09	-4.246078e+01	-4.075087e+02
4.600000e-07	-8.279165e-09	-3.464121e-09	-4.231235e+01	-4.061004e+02
4.700000e-07	-8.249581e-09	-3.454558e-09	-4.216116e+01	-4.046626e+02
4.800000e-07	-8.219456e-09	-3.441929e-09	-4.200720e+01	-4.031955e+02
4.900000e-07	-8.188782e-09	-3.437183e-09	-4.185043e+01	-4.016991e+02
5.000000e-07	-8.157546e-09	-3.417886e-09	-4.169079e+01	-4.001736e+02
5.100000e-07	-8.125792e-09	-3.394955e-09	-4.152850e+01	-3.986191e+02
5.200000e-07	-8.093617e-09	-3.379322e-09	-4.136407e+01	-3.970356e+02
5.300000e-07	-8.061010e-09	-3.360549e-09	-4.119742e+01	-3.954233e+02
5.400000e-07	-8.027773e-09	-3.353574e-09	-4.102756e+01	-3.937824e+02
5.500000e-07	-7.993654e-09	-3.352561e-09	-4.085319e+01	-3.921128e+02
5.600000e-07	-7.958581e-09	-3.344196e-09	-4.067394e+01	-3.904149e+02
5.700000e-07	-7.922787e-09	-3.327292e-09	-4.049101e+01	-3.886886e+02
5.800000e-07	-7.886562e-09	-3.310270e-09	-4.030587e+01	-3.869341e+02
5.900000e-07	-7.849982e-09	-3.285578e-09	-4.011892e+01	-3.851515e+02
6.000000e-07	-7.812950e-09	-3.263788e-09	-3.992966e+01	-3.833410e+02
6.100000e-07	-7.775354e-09	-3.247312e-09	-3.973752e+01	-3.815027e+02
6.200000e-07	-7.737200e-09	-3.238387e-09	-3.954252e+01	-3.796367e+02
6.300000e-07	-7.698518e-09	-3.233348e-09	-3.934483e+01	-3.777432e+02
6.400000e-07	-7.659286e-09	-3.225986e-09	-3.914433e+01	-3.758223e+02
6.500000e-07	-7.619546e-09	-3.201643e-09	-3.894123e+01	-3.738741e+02
6.600000e-07	-7.579384e-09	-3.179441e-09	-3.873597e+01	-3.718988e+02
6.700000e-07	-7.538793e-09	-3.163981e-09	-3.852852e+01	-3.698965e+02
6.800000e-07	-7.497632e-09	-3.154602e-09	-3.831816e+01	-3.678673e+02
6.900000e-07	-7.455728e-09	-3.139972e-09	-3.810400e+01	-3.658115e+02
7.000000e-07	-7.412989e-09	-3.121702e-09	-3.788558e+01	-3.637291e+02
7.100000e-07	-7.369510e-09	-3.099855e-09	-3.766337e+01	-3.616204e+02
7.200000e-07	-7.325500e-09	-3.085052e-09	-3.743844e+01	-3.594854e+02
7.300000e-07	-7.281104e-09	-3.072512e-09	-3.721155e+01	-3.573243e+02
7.400000e-07	-7.236337e-09	-3.059312e-09	-3.698276e+01	-3.551373e+02
7.500000e-07	-7.191126e-09	-3.041793e-09	-3.675170e+01	-3.529245e+02
7.600000e-07	-7.145402e-09	-3.026154e-09	-3.651801e+01	-3.506861e+02
7.700000e-07	-7.099132e-09	-3.010662e-09	-3.628154e+01	-3.484223e+02
7.800000e-07	-7.052318e-09	-2.993957e-09	-3.604229e+01	-3.461332e+02
7.900000e-07	-7.004979e-09	-2.972637e-09	-3.580035e+01	-3.438190e+02
8.000000e-07	-6.957158e-09	-2.950676e-09	-3.555596e+01	-3.414798e+02
8.100000e-07	-6.908864e-09	-2.933014e-09	-3.530914e+01	-3.391159e+02
8.200000e-07	-6.860039e-09	-2.919543e-09	-3.505961e+01	-3.367273e+02
8.300000e-07	-6.810567e-09	-2.905271e-09	-3.480677e+01	-3.343144e+02
8.400000e-07	-6.760352e-09	-2.886798e-09	-3.455014e+01	-3.318771e+02
8.500000e-07	-6.709398e-09	-2.868545e-09	-3.428973e+01	-3.294158e+02
8.600000e-07	-6.657794e-09	-2.852644e-09	-3.402600e+01	-3.269306e+02
8.700000e-07	-6.605669e-09	-2.836164e-09	-3.375960e+01	-3.244216e+02
8.800000e-07	-6.553092e-09	-2.813739e-09	-3.349089e+01	-3.218892e+02
8.900000e-07	-6.500070e-09	-2.789431e-09	-3.321991e+01	-3.193333e+02
9.000000e-07	-6.446565e-09	-2.765482e-09	-3.294646e+01	-3.167543e+02
9.100000e-07	-6.392575e-09	-2.746533e-09	-3.267053e+01	-3.141523e+02
9.200000e-07	-6.338136e-09	-2.728211e-09	-3.239231e+01	-3.115275e+02
9.300000e-07	-6.283235e-09	-2.711743e-09	-3.211173e+01	-3.088801e+02
9.400000e-07	-6.227879e-09	-2.695556e-09	-3.182882e+01	-3.062103e+02
9.500000e-07	-6.172126e-09	-2.679949e-09	-3.154388e+01	-3.035182e+02
9.600000e-07	-6.116006e-09	-2.659705e-09	-3.125707e+01	-3.008041e+02
9.700000e-07	-6.059526e-09	-2.633919e-09	-3.096842e+01	-2.980682e+02
9.800000e-07	-6.002673e-09	-2.602685e-09	-3.067786e+01	-2.953107e+02
9.900000e-07	-5.945367e-09	-2.573119e-09	-3.038499e+01	-2.925317e+02
1.000000e-06	-5.887518e-09	-2.549160e-09	-3.008934e+01	-2.897315e+02
1.010000e-06	-5.829091e-09	-2.532168e-09	-2.979073e+01	-2.869103e+02
1.020000e-06	-5.770109e-09	-2.514108e-09	-2.948930e+01	-2.840683e+02
1.030000e-06	-5.710635e-09	-2.491538e-09	-2.918534e+01	-2.812056e+02
1.040000e-06	-5.650733e-09	-2.463827e-09	-2.887920e+01	-2.783225e+02
1.050000e-06	-5.590478e-09	-2.437067e-09	-2.857125e+01	-2.754192e+02
1.060000e-06	-5.529913e-09	-2.411685e-09	-2.826172e+01	-2.724960e+02
1.070000e-06	-5.469009e-09	-2.385532e-09	-2.795046e+01	-2.695529e+02
1.080000e-06	-5.407730e-09	-2.356046e-09	-2.763728e+01	-2.665903e+02
1.090000e-06	-5.346067e-09	-2.326079e-09	-2.732214e+01	-2.636083e+02
1.100000e-06	-5.284018e-09	-2.299077e-09	-2.700502e+01	-2.606072e+02
1.110000e-06	-5.221599e-09	-2.273182e-09	-2.668602e+01	-2.575872e+02
1.120000e-06	-5.158833e-09	-2.245410e-09	-2.636524e+01	-2.545485e+02
1.130000e-06	-5.095734e-09	-2.216704e-09	-2.604276e+01	-2.514913e+02
1.140000e-06	-5.032302e-09	-2.190548e-09	-2.571858e+01	-2.484158e+02
1.150000e-06	-4.968539e-09	-2.167987e-09	-2.539270e+01	-2.453224e+02
1.160000e-06	-4.904488e-09	-2.145487e-09	-2.506536e+01	-2.422111e+02
1.170000e-06	-4.840167e-09	-2.117802e-09	-2.473663e+01	-2.390822e+02
1.180000e-06	-4.775582e-09	-2.086175e-09	-2.440655e+01	-2.359359e+02
1.190000e-06	-4.710705e-09	-2.054164e-09	-2.407499e+01	-2.327726e+02
1.200000e-06	-4.645435e-09	-2.025915e-09	-2.374141e+01	-2.295923e+02
1.210000e-06	-4.579713e-09	-1.998676e-09	-2.340552e+01	-2.263953e+02
1.220000e-06	-4.513542e-09	-1.971616e-09	-2.306734e+01	-2.231820e+02
1.230000e-06	-4.446921e-09	-1.944961e-09	-2.272686e+01	-2.199524e+02
1.240000e-06	-4.379857e-09	-1.920237e-09	-2.238412e+01	-2.167068e+02
1.250000e-06	-4.312409e-09	-1.896613e-09	-2.203941e+01	-2.134455e+02
1.260000e-06	-4.244659e-09	-1.872223e-09	-2.169316e+01	-2.101687e+02
1.270000e-06	-4.176652e-09	-1.845004e-09	-2.134560e+01	-2.068766e+02
1.280000e-06	-4.108413e-09	-1.816396e-09	-2.099685e+01	-2.035695e+02
1.290000e-06	-4.039968e-09	-1.787151e-09	-2.064704e+01	-2.002477e+02
1.300000e-06	-3.971331e-09	-1.756481e-09	-2.029626e+01	-1.969112e+02
1.310000e-06	-3.902478e-09	-1.722741e-09	-1.994437e+01	-1.935605e+02
1.320000e-06	-3.833372e-09	-1.690924e-09	-1.959120e+01	-1.901957e+02
1.330000e-06	-3.764005e-09	-1.665099e-09	-1.923668e+01	-1.868171e+02
1.340000e-06	-3.694382e-09	-1.643339e-09	-1.888086e+01	-1.834250e+02
1.350000e-06	-3.624472e-09	-1.620228e-09	-1.852357e+01	-1.800195e+02
1.360000e-06	-3.554251e-09	-1.594945e-09	-1.816469e+01	-1.766009e+02
1.370000e-06	-3.483743e-09	-1.566394e-09	-1.780434e+01	-1.731695e+02
1.380000e-06	-3.412953e-09	-1.536260e-09	-1.744255e+01	-1.697255e+02
1.390000e-06	-3.341928e-09	-1.505503e-09	-1.707957e+01	-1.662692e+02
1.400000e-06	-3.270720e-09	-1.474847e-09	-1.671564e+01	-1.628008e+02
1.410000e-06	-3.199327e-09	-1.444629e-09	-1.635077e+01	-1.593205e+02
1.420000e-06	-3.127757e-09	-1.417309e-09	-1.598500e+01	-1.558287e+02
1.430000e-06	-3.056011e-09	-1.394222e-09	-1.561833e+01	-1.523256e+02
1.440000e-06	-2.984070e-09	-1.372131e-09	-1.525066e+01	-1.488114e+02
1.450000e-06	-2.911945e-09	-1.347476e-09	-1.488205e+01	-1.452863e+02
1.460000e-06	-2.839658e-09	-1.320150e-09	-1.451261e+01	-1.417507e+02
1.470000e-06	-2.767190e-09	-1.293339e-09	-1.414225e+01	-1.382048e+02
1.480000e-06	-2.694515e-09	-1.267102e-09	-1.377082e+01	-1.346489e+02
1.490000e-06	-2.621603e-09	-1.238273e-09	-1.339819e+01	-1.310831e+02
1.500000e-06	-2.548447e-09	-1.206127e-09	-1.302432e+01	-1.275078e+02
1.510000e-06	-2.475063e-09	-1.173933e-09	-1.264927e+01	-1.239233e+02
1.520000e-06	-2.401460e-09	-1.143599e-09	-1.227311e+01	-1.203297e+02
1.530000e-06	-2.327648e-09	-1.115799e-09	-1.189588e+01	-1.167274e+02
1.540000e-06	-2.253632e-09	-1.089026e-09	-1.151760e+01	-1.131166e+02
1.550000e-06	-2.179425e-09	-1.061082e-09	-1.113836e+01	-1.094975e+02
1.560000e-06	-2.105035e-09	-1.031235e-09	-1.075817e+01	-1.058705e+02
1.570000e-06	-2.030465e-09	-1.002910e-09	-1.037707e+01	-1.022358e+02
1.580000e-06	-1.955720e-09	-9.735280e-10	-9.995069e+00	-9.859364e+01
1.590000e-06	-1.880797e-09	-9.418867e-10	-9.612160e+00	-9.494430e+01
1.600000e-06	-1.805710e-09	-9.080892e-10	-9.228412e+00	-9.128804e+01
1.610000e-06	-1.730437e-09	-8.738193e-10	-8.843714e+00	-8.762513e+01
1.620000e-06	-1.654966e-09	-8.411705e-10	-8.458005e+00	-8.395583e+01
1.630000e-06	-1.579311e-09	-8.096037e-10	-8.071356e+00	-8.028042e+01
1.640000e-06	-1.503491e-09	-7.768803e-10	-7.683860e+00	-7.659915e+01
1.650000e-06	-1.427541e-09	-7.434914e-10	-7.295701e+00	-7.291229e+01
1.660000e-06	-1.351476e-09	-7.117452e-10	-6.906956e+00	-6.922012e+01
1.670000e-06	-1.275319e-09	-6.834126e-10	-6.517741e+00	-6.552290e+01
1.680000e-06	-1.199102e-09	-6.559325e-10	-6.128217e+00	-6.182089e+01
1.690000e-06	-1.122820e-09	-6.247561e-10	-5.738364e+00	-5.811437e+01
1.700000e-06	-1.046467e-09	-5.884985e-10	-5.348144e+00	-5.440360e+01
1.710000e-06	-9.700563e-10	-5.493333e-10	-4.957631e+00	-5.068885e+01
1.720000e-06	-8.935721e-10	-5.115064e-10	-4.566742e+00	-4.697040e+01
1.730000e-06	-8.170035e-10	-4.765105e-10	-4.175422e+00	-4.324850e+01
1.740000e-06	-7.403627e-10	-4.439850e-10	-3.783734e+00	-3.952344e+01
1.750000e-06	-6.636721e-10	-4.137277e-10	-3.391790e+00	-3.579548e+01
1.760000e-06	-5.869364e-10	-3.838954e-10	-2.999617e+00	-3.206488e+01
1.770000e-06	-5.101518e-10	-3.526642e-10	-2.607193e+00	-2.833193e+01
1.780000e-06	-4.333466e-10	-3.206108e-10	-2.214664e+00	-2.459689e+01
1.790000e-06	-3.565061e-10	-2.859078e-10	-1.821955e+00	-2.086003e+01
1.800000e-06	-2.796339e-10	-2.461959e-10	-1.429083e+00	-1.712162e+01
1.810000e-06	-2.027695e-10	-2.043509e-10	-1.036252e+00	-1.338194e+01
1.820000e-06	-1.259090e-10	-1.633721e-10	-6.434400e-01	-9.641247e+00
1.830000e-06	-4.905688e-11	-1.274856e-10	-2.506713e-01	-5.899823e+00
1.840000e-06	2.777472e-11	-9.884225e-11	1.419924e-01	-2.157935e+00
1.850000e-06	1.045933e-10	-7.002207e-11	5.345896e-01	1.584146e+00
1.860000e-06	1.813867e-10	-3.786756e-11	9.270584e-01	5.326147e+00
1.870000e-06	2.581515e-10	-2.472558e-12	1.319381e+00	9.067799e+00
1.880000e-06	3.349193e-10	3.262359e-11	1.711719e+00	1.280883e+01
1.890000e-06	4.116991e-10	6.664496e-11	2.104118e+00	1.654897e+01
1.900000e-06	4.884706e-10	1.004313e-10	2.496474e+00	2.028795e+01
1.910000e-06	5.652097e-10	1.339184e-10	2.888665e+00	2.402549e+01
1.920000e-06	6.419013e-10	1.683794e-10	3.280614e+00	2.776133e+01
1.930000e-06	7.185386e-10	2.019629e-10	3.672284e+00	3.149519e+01
1.940000e-06	7.951154e-10	2.359980e-10	4.063646e+00	3.522681e+01
1.950000e-06	8.716347e-10	2.734517e-10	4.454714e+00	3.895591e+01
1.960000e-06	9.480634e-10	3.130763e-10	4.845319e+00	4.268222e+01
1.970000e-06	1.024375e-09	3.475335e-10	5.235323e+00	4.640548e+01
1.980000e-06	1.100597e-09	3.728161e-10	5.624875e+00	5.012541e+01
1.990000e-06	1.176729e-09	3.947343e-10	6.013963e+00	5.384175e+01
2.000000e-06	1.252760e-09	4.240932e-10	6.402535e+00	5.755422e+01
2.010000e-06	1.328702e-09	4.656604e-10	6.790649e+00	6.126256e+01
2.020000e-06	1.404566e-09	5.116409e-10	7.178370e+00	6.496649e+01
2.030000e-06	1.480312e-09	5.514216e-10	7.565484e+00	6.866576e+01
2.040000e-06	1.555914e-09	5.830801e-10	7.951864e+00	7.236008e+01
2.050000e-06	1.631395e-09	6.109486e-10	8.337623e+00	7.604920e+01
2.060000e-06	1.706732e-09	6.387313e-10	8.722647e+00	7.973285e+01
2.070000e-06	1.781898e-09	6.663976e-10	9.106798e+00	8.341075e+01
2.080000e-06	1.856881e-09	6.920662e-10	9.490011e+00	8.708265e+01
2.090000e-06	1.931667e-09	7.206426e-10	9.872220e+00	9.074827e+01
2.100000e-06	2.006236e-09	7.584438e-10	1.025332e+01	9.440736e+01
2.110000e-06	2.080585e-09	8.020729e-10	1.063330e+01	9.805964e+01
2.120000e-06	2.154727e-09	8.429480e-10	1.101221e+01	1.017048e+02
2.130000e-06	2.228651e-09	8.761260e-10	1.139001e+01	1.053427e+02
2.140000e-06	2.302346e-09	9.032660e-10	1.176665e+01	1.089730e+02
2.150000e-06	2.375821e-09	9.292872e-10	1.214216e+01	1.125954e+02
2.160000e-06	2.449101e-09	9.568183e-10	1.251667e+01	1.162097e+02
2.170000e-06	2.522207e-09	9.832477e-10	1.289029e+01	1.198157e+02
2.180000e-06	2.595125e-09	1.011199e-09	1.326295e+01	1.234129e+02
2.190000e-06	2.667855e-09	1.046390e-09	1.363466e+01	1.270013e+02
2.200000e-06	2.740383e-09	1.088170e-09	1.400533e+01	1.305805e+02
2.210000e-06	2.812696e-09	1.131721e-09	1.437490e+01	1.341503e+02
2.220000e-06	2.884798e-09	1.168263e-09	1.474339e+01	1.377104e+02
2.230000e-06	2.956696e-09	1.195520e-09	1.511084e+01	1.412605e+02
2.240000e-06	3.028419e-09	1.218365e-09	1.547739e+01	1.448005e+02
2.250000e-06	3.099964e-09	1.243472e-09	1.584304e+01	1.483300e+02
2.260000e-06	3.171319e-09	1.273642e-09	1.620772e+01	1.518488e+02
2.270000e-06	3.242485e-09	1.307076e-09	1.657142e+01	1.553566e+02
2.280000e-06	3.313433e-09	1.342398e-09	1.693402e+01	1.588532e+02
2.290000e-06	3.384145e-09	1.378346e-09	1.729541e+01	1.623383e+02
2.300000e-06	3.454650e-09	1.414869e-09	1.765574e+01	1.658117e+02
2.310000e-06	3.524911e-09	1.449590e-09	1.801482e+01	1.692732e+02
2.320000e-06	3.594898e-09	1.481099e-09	1.837250e+01	1.727224e+02
2.330000e-06	3.664617e-09	1.510152e-09	1.872882e+01	1.761591e+02
2.340000e-06	3.734057e-09	1.538921e-09	1.908370e+01	1.795831e+02
2.350000e-06	3.803244e-09	1.570978e-09	1.943729e+01	1.829941e+02
2.360000e-06	3.872198e-09	1.603485e-09	1.978970e+01	1.863919e+02
2.370000e-06	3.940923e-09	1.632806e-09	2.014093e+01	1.897762e+02
2.380000e-06	4.009409e-09	1.659738e-09	2.049095e+01	1.931468e+02
2.390000e-06	4.077654e-09	1.687390e-09	2.083972e+01	1.965035e+02
2.400000e-06	4.145639e-09	1.720473e-09	2.118718e+01	1.998459e+02
2.410000e-06	4.213343e-09	1.757582e-09	2.153319e+01	2.031739e+02
2.420000e-06	4.280742e-09	1.794168e-09	2.187765e+01	2.064873e+02
2.430000e-06	4.347835e-09	1.826398e-09	2.222054e+01	2.097857e+02
2.440000e-06	4.414586e-09	1.855686e-09	2.256169e+01	2.130689e+02
2.450000e-06	4.480918e-09	1.884664e-09	2.290069e+01	2.163367e+02
2.460000e-06	4.546805e-09	1.913303e-09	2.323741e+01	2.195889e+02
2.470000e-06	4.612271e-09	1.940695e-09	2.357199e+01	2.228253e+02
2.480000e-06	4.677344e-09	1.966568e-09	2.390456e+01	2.260455e+02
2.490000e-06	4.742068e-09	1.994098e-09	2.423535e+01	2.292494e+02
2.500000e-06	4.806468e-09	2.026178e-09	2.456448e+01	2.324367e+02
2.510000e-06	4.870547e-09	2.061008e-09	2.489196e+01	2.356072e+02
2.520000e-06	4.934345e-09	2.092588e-09	2.521802e+01	2.387606e+02
2.530000e-06	4.997858e-09	2.118967e-09	2.554261e+01	2.418968e+02
2.540000e-06	5.061068e-09	2.144511e-09	2.586566e+01	2.450155e+02
2.550000e-06	5.123972e-09	2.171807e-09	2.618715e+01	2.481165e+02
2.560000e-06	5.186543e-09	2.198822e-09	2.650693e+01	2.511996e+02
2.570000e-06	5.248754e-09	2.222588e-09	2.682487e+01	2.542645e+02
2.580000e-06	5.310613e-09	2.244729e-09	2.714101e+01	2.573110e+02
2.590000e-06	5.372124e-09	2.271551e-09	2.745538e+01	2.603389e+02
2.600000e-06	5.433299e-09	2.304520e-09	2.776802e+01	2.633479e+02
2.610000e-06	5.494154e-09	2.338676e-09	2.807904e+01	2.663380e+02
2.620000e-06	5.554690e-09	2.367550e-09	2.838842e+01	2.693087e+02
2.630000e-06	5.614894e-09	2.391488e-09	2.869610e+01	2.722600e+02
2.640000e-06	5.674732e-09	2.416362e-09	2.900191e+01	2.751916e+02
2.650000e-06	5.734154e-09	2.443363e-09	2.930560e+01	2.781033e+02
2.660000e-06	5.793059e-09	2.467278e-09	2.960665e+01	2.809949e+02
2.670000e-06	5.851365e-09	2.484170e-09	2.990463e+01	2.838662e+02
2.680000e-06	5.909075e-09	2.500922e-09	3.019957e+01	2.867169e+02
2.690000e-06	5.966245e-09	2.526641e-09	3.049175e+01	2.895469e+02
2.700000e-06	6.022951e-09	2.559414e-09	3.078156e+01	2.923559e+02
2.710000e-06	6.079269e-09	2.589481e-09	3.106938e+01	2.951438e+02
2.720000e-06	6.135247e-09	2.612568e-09	3.135547e+01	2.979104e+02
2.730000e-06	6.190886e-09	2.633688e-09	3.163982e+01	3.006554e+02
2.740000e-06	6.246158e-09	2.657476e-09	3.192230e+01	3.033787e+02
2.750000e-06	6.301005e-09	2.683395e-09	3.220261e+01	3.060800e+02
2.760000e-06	6.355400e-09	2.704518e-09	3.248060e+01	3.087592e+02
2.770000e-06	6.409356e-09	2.719187e-09	3.275636e+01	3.114160e+02
2.780000e-06	6.462861e-09	2.734548e-09	3.302980e+01	3.140503e+02
2.790000e-06	6.515868e-09	2.757282e-09	3.330071e+01	3.166619e+02
2.800000e-06	6.568369e-09	2.786206e-09	3.356902e+01	3.192506e+02
2.810000e-06	6.620331e-09	2.814209e-09	3.383459e+01	3.218162e+02
2.820000e-06	6.671678e-09	2.838298e-09	3.409701e+01	3.243585e+02
2.830000e-06	6.722342e-09	2.861243e-09	3.435593e+01	3.268774e+02
2.840000e-06	6.772311e-09	2.884989e-09	3.461131e+01	3.293726e+02
2.850000e-06	6.821613e-09	2.906714e-09	3.486328e+01	3.318439e+02
2.860000e-06	6.870351e-09	2.922744e-09	3.511236e+01	3.342913e+02
2.870000e-06	6.918638e-09	2.936064e-09	3.535914e+01	3.367145e+02
2.880000e-06	6.966502e-09	2.954236e-09	3.560376e+01	3.391133e+02
2.890000e-06	7.013919e-09	2.979347e-09	3.584610e+01	3.414876e+02
2.900000e-06	7.060852e-09	3.007239e-09	3.608595e+01	3.438372e+02
2.910000e-06	7.107276e-09	3.032612e-09	3.632321e+01	3.461619e+02
2.920000e-06	7.153173e-09	3.054206e-09	3.655778e+01	3.484616e+02
2.930000e-06	7.198540e-09	3.075705e-09	3.678964e+01	3.507360e+02
2.940000e-06	7.243428e-09	3.099006e-09	3.701905e+01	3.529851e+02
2.950000e-06	7.287933e-09	3.118999e-09	3.724650e+01	3.552086e+02
2.960000e-06	7.332099e-09	3.132490e-09	3.747222e+01	3.574065e+02
2.970000e-06	7.375872e-09	3.143911e-09	3.769593e+01	3.595785e+02
2.980000e-06	7.419109e-09	3.158884e-09	3.791690e+01	3.617244e+02
2.990000e-06	7.461629e-09	3.179320e-09	3.813421e+01	3.638442e+02
3.000000e-06	7.503354e-09	3.203282e-09	3.834745e+01	3.659377e+02
3.010000e-06	7.544365e-09	3.226641e-09	3.855704e+01	3.680047e+02
3.020000e-06	7.584831e-09	3.246732e-09	3.876386e+01	3.700450e+02
3.030000e-06	7.624885e-09	3.265302e-09	3.896856e+01	3.720586e+02
3.040000e-06	7.664514e-09	3.284081e-09	3.917109e+01	3.740453e+02
3.050000e-06	7.703632e-09	3.302657e-09	3.937101e+01	3.760049e+02
3.060000e-06	7.742172e-09	3.319354e-09	3.956798e+01	3.779373e+02
3.070000e-06	7.780141e-09	3.334349e-09	3.976203e+01	3.798423e+02
3.080000e-06	7.817558e-09	3.350215e-09	3.995325e+01	3.817199e+02
3.090000e-06	7.854472e-09	3.366232e-09	4.014191e+01	3.835699e+02
3.100000e-06	7.890971e-09	3.381714e-09	4.032844e+01	3.853921e+02
3.110000e-06	7.927100e-09	3.397303e-09	4.051309e+01	3.871864e+02
3.120000e-06	7.962787e-09	3.412562e-09	4.069547e+01	3.889526e+02
3.130000e-06	7.997834e-09	3.430356e-09	4.087459e+01	3.906908e+02
3.140000e-06	8.032070e-09	3.450410e-09	4.104956e+01	3.924007e+02
3.150000e-06	8.065477e-09	3.467704e-09	4.122029e+01	3.940821e+02
3.160000e-06	8.098209e-09	3.479309e-09	4.138757e+01	3.957351e+02
3.170000e-06	8.130455e-09	3.487530e-09	4.155238e+01	3.973594e+02
3.180000e-06	8.162246e-09	3.496487e-09	4.171485e+01	3.989550e+02
3.190000e-06	8.193498e-09	3.508356e-09	4.187457e+01	4.005217e+02
3.200000e-06	8.224168e-09	3.523460e-09	4.203131e+01	4.020594e+02
3.210000e-06	8.254260e-09	3.539731e-09	4.218510e+01	4.035680e+02
3.220000e-06	8.283773e-09	3.555857e-09	4.233594e+01	4.050475e+02
3.230000e-06	8.312728e-09	3.572349e-09	4.248392e+01	4.064976e+02
3.240000e-06	8.341246e-09	3.588371e-09	4.262966e+01	4.079183e+02
3.250000e-06	8.369408e-09	3.599710e-09	4.277359e+01	4.093094e+02
3.260000e-06	8.397106e-09	3.604553e-09	4.291515e+01	4.106710e+02
3.270000e-06	8.424096e-09	3.607016e-09	4.305309e+01	4.120028e+02
3.280000e-06	8.450211e-09	3.612664e-09	4.318655e+01	4.133049e+02
3.290000e-06	8.475455e-09	3.623167e-09	4.331556e+01	4.145770e+02
3.300000e-06	8.500018e-09	3.635713e-09	4.344110e+01	4.158191e+02
3.310000e-06	8.524056e-09	3.648328e-09	4.356395e+01	4.170311e+02
3.320000e-06	8.547526e-09	3.661116e-09	4.368390e+01	4.182130e+02
3.330000e-06	8.570395e-09	3.672949e-09	4.380078e+01	4.193645e+02
3.340000e-06	8.592683e-09	3.683621e-09	4.391468e+01	4.204858e+02
3.350000e-06	8.614388e-09	3.691895e-09	4.402561e+01	4.215766e+02
3.360000e-06	8.635506e-09	3.696682e-09	4.413354e+01	4.226369e+02
3.370000e-06	8.656127e-09	3.700020e-09	4.423893e+01	4.236666e+02
3.380000e-06	8.676352e-09	3.704395e-09	4.434229e+01	4.246656e+02
3.390000e-06	8.696113e-09	3.710811e-09	4.444328e+01	4.256339e+02
3.400000e-06	8.715270e-09	3.718421e-09	4.454119e+01	4.265714e+02
3.410000e-06	8.733770e-09	3.725380e-09	4.463573e+01	4.274781e+02
3.420000e-06	8.751654e-09	3.732455e-09	4.472713e+01	4.283538e+02
3.430000e-06	8.769013e-09	3.741560e-09	4.481585e+01	4.291985e+02
3.440000e-06	8.785813e-09	3.751348e-09	4.490171e+01	4.300122e+02
3.450000e-06	8.801845e-09	3.757931e-09	4.498365e+01	4.307947e+02
3.460000e-06	8.817018e-09	3.758663e-09	4.506119e+01	4.315460e+02
3.470000e-06	8.831457e-09	3.756013e-09	4.513498e+01	4.322662e+02
3.480000e-06	8.845228e-09	3.754880e-09	4.520536e+01	4.329550e+02
3.490000e-06	8.858333e-09	3.757535e-09	4.527234e+01	4.336125e+02
3.500000e-06	8.870837e-09	3.763421e-09	4.533624e+01	4.342386e+02
3.510000e-06	8.882734e-09	3.770127e-09	4.539704e+01	4.348333e+02
3.520000e-06	8.893846e-09	3.776446e-09	4.545383e+01	4.353966e+02
3.530000e-06	8.903984e-09	3.783645e-09	4.550565e+01	4.359283e+02
3.540000e-06	8.913216e-09	3.790213e-09	4.555283e+01	4.364285e+02
3.550000e-06	8.921814e-09	3.792199e-09	4.559677e+01	4.368970e+02
3.560000e-06	8.929934e-09	3.789348e-09	4.563827e+01	4.373340e+02
3.570000e-06	8.937524e-09	3.785642e-09	4.567706e+01	4.377393e+02
3.580000e-06	8.944491e-09	3.784825e-09	4.571266e+01	4.381130e+02
3.590000e-06	8.950805e-09	3.787045e-09	4.574493e+01	4.384549e+02
3.600000e-06	8.956470e-09	3.789486e-09	4.577388e+01	4.387651e+02
3.610000e-06	8.961516e-09	3.791057e-09	4.579967e+01	4.390436e+02
3.620000e-06	8.966050e-09	3.793747e-09	4.582284e+01	4.392902e+02
3.630000e-06	8.970156e-09	3.798264e-09	4.584382e+01	4.395051e+02
3.640000e-06	8.973702e-09	3.801479e-09	4.586195e+01	4.396882e+02
3.650000e-06	8.976426e-09	3.800235e-09	4.587587e+01	4.398395e+02
3.660000e-06	8.978222e-09	3.796050e-09	4.588505e+01	4.399589e+02
3.670000e-06	8.979218e-09	3.791440e-09	4.589014e+01	4.400465e+02
3.680000e-06	8.979659e-09	3.789286e-09	4.589239e+01	4.401022e+02
3.690000e-06	8.979656e-09	3.790091e-09	4.589237e+01	4.401261e+02
3.700000e-06	8.979093e-09	3.791500e-09	4.588950e+01	4.401181e+02
3.710000e-06	8.977891e-09	3.793912e-09	4.588335e+01	4.400783e+02
3.720000e-06	8.976110e-09	3.797925e-09	4.587425e+01	4.400067e+02
3.730000e-06	8.973750e-09	3.799827e-09	4.586219e+01	4.399031e+02
3.740000e-06	8.970795e-09	3.796365e-09	4.584709e+01	4.397678e+02
3.750000e-06	8.967384e-09	3.785277e-09	4.582965e+01	4.396006e+02
3.760000e-06	8.963634e-09	3.767810e-09	4.581049e+01	4.394016e+02
3.770000e-06	8.959434e-09	3.780621e-09	4.578903e+01	4.391709e+02
3.780000e-06	8.954341e-09	3.822416e-09	4.576300e+01	4.389083e+02
3.790000e-06	8.947865e-09	3.815320e-09	4.572990e+01	4.386140e+02
3.800000e-06	8.940058e-09	3.749415e-09	4.569000e+01	4.382879e+02
3.810000e-06	8.931653e-09	3.738489e-09	4.564704e+01	4.379301e+02
3.820000e-06	8.923333e-09	3.774824e-09	4.560452e+01	4.375406e+02
3.830000e-06	8.914867e-09	3.775523e-09	4.556125e+01	4.371195e+02
3.840000e-06	8.905511e-09	3.702291e-09	4.551344e+01	4.366667e+02
3.850000e-06	8.895233e-09	3.711261e-09	4.546091e+01	4.361823e+02
3.860000e-06	8.884650e-09	3.795049e-09	4.540682e+01	4.356663e+02
3.870000e-06	8.873666e-09	3.744351e-09	4.535069e+01	4.351188e+02
3.880000e-06	8.861561e-09	3.640398e-09	4.528882e+01	4.345399e+02
3.890000e-06	8.848436e-09	3.692387e-09	4.522174e+01	4.339294e+02
3.900000e-06	8.834876e-09	3.798354e-09	4.515244e+01	4.332876e+02
3.910000e-06	8.820710e-09	3.725893e-09	4.508004e+01	4.326144e+02
3.920000e-06	8.805621e-09	3.681953e-09	4.500293e+01	4.319100e+02
3.930000e-06	8.789869e-09	3.775816e-09	4.492242e+01	4.311742e+02
3.940000e-06	8.773621e-09	3.807328e-09	4.483938e+01	4.304073e+02
3.950000e-06	8.756613e-09	3.709360e-09	4.475246e+01	4.296092e+02
3.960000e-06	8.738830e-09	3.705952e-09	4.466158e+01	4.287800e+02
3.970000e-06	8.720644e-09	3.750557e-09	4.456863e+01	4.279198e+02
3.980000e-06	8.702070e-09	3.690907e-09	4.447370e+01	4.270286e+02
3.990000e-06	8.682883e-09	3.666594e-09	4.437564e+01	4.261065e+02
4.000000e-06	8.663219e-09	3.759374e-09	4.427515e+01	4.251536e+02
4.010000e-06	8.643096e-09	3.765537e-09	4.417231e+01	4.241699e+02
4.020000e-06	8.622089e-09	3.698417e-09	4.406495e+01	4.231555e+02
4.030000e-06	8.600051e-09	3.732823e-09	4.395231e+01	4.221105e+02
4.040000e-06	8.577292e-09	3.774174e-09	4.383600e+01	4.210349e+02
4.050000e-06	8.553980e-09	3.718269e-09	4.371686e+01	4.199289e+02
4.060000e-06	8.530140e-09	3.701919e-09	4.359502e+01	4.187925e+02
4.070000e-06	8.505849e-09	3.726465e-09	4.347087e+01	4.176257e+02
4.080000e-06	8.480994e-09	3.677068e-09	4.334385e+01	4.164288e+02
4.090000e-06	8.455398e-09	3.659674e-09	4.321303e+01	4.152017e+02
4.100000e-06	8.429121e-09	3.673168e-09	4.307874e+01	4.139446e+02
4.110000e-06	8.402240e-09	3.630275e-09	4.294136e+01	4.126575e+02
4.120000e-06	8.374853e-09	3.590750e-09	4.280139e+01	4.113406e+02
4.130000e-06	8.347115e-09	3.613239e-09	4.265963e+01	4.099939e+02
4.140000e-06	8.318919e-09	3.610104e-09	4.251553e+01	4.086175e+02
4.150000e-06	8.289945e-09	3.599948e-09	4.236745e+01	4.072115e+02
4.160000e-06	8.260073e-09	3.587617e-09	4.221479e+01	4.057761e+02
4.170000e-06	8.229423e-09	3.542579e-09	4.205814e+01	4.043113e+02
4.180000e-06	8.198140e-09	3.507337e-09	4.189826e+01	4.028173e+02
4.190000e-06	8.166359e-09	3.516433e-09	4.173583e+01	4.012941e+02
4.200000e-06	8.134093e-09	3.506495e-09	4.157094e+01	3.997419e+02
4.210000e-06	8.101259e-09	3.493580e-09	4.140313e+01	3.981607e+02
4.220000e-06	8.067842e-09	3.479217e-09	4.123235e+01	3.965508e+02
4.230000e-06	8.033891e-09	3.450144e-09	4.105883e+01	3.949121e+02
4.240000e-06	7.999373e-09	3.439305e-09	4.088242e+01	3.932449e+02
4.250000e-06	7.964299e-09	3.440608e-09	4.070317e+01	3.915492e+02
4.260000e-06	7.928786e-09	3.407235e-09	4.052167e+01	3.898252e+02
4.270000e-06	7.892896e-09	3.374527e-09	4.033825e+01	3.880729e+02
4.280000e-06	7.856539e-09	3.368181e-09	4.015243e+01	3.862926e+02
4.290000e-06	7.819470e-09	3.357588e-09	3.996299e+01	3.844843e+02
4.300000e-06	7.781501e-09	3.343848e-09	3.976894e+01	3.826483e+02
4.310000e-06	7.742734e-09	3.324098e-09	3.957081e+01	3.807845e+02
4.320000e-06	7.703410e-09	3.290348e-09	3.936984e+01	3.788932e+02
4.330000e-06	7.663654e-09	3.271182e-09	3.916666e+01	3.769744e+02
4.340000e-06	7.623456e-09	3.272294e-09	3.896122e+01	3.750284e+02
4.350000e-06	7.582746e-09	3.263862e-09	3.875316e+01	3.730553e+02
4.360000e-06	7.541481e-09	3.241052e-09	3.854227e+01	3.710551e+02
4.370000e-06	7.499697e-09	3.207926e-09	3.832872e+01	3.690281e+02
4.380000e-06	7.457407e-09	3.180848e-09	3.811259e+01	3.669744e+02
4.390000e-06	7.414605e-09	3.166378e-09	3.789384e+01	3.648942e+02
4.400000e-06	7.371337e-09	3.153522e-09	3.767271e+01	3.627875e+02
4.410000e-06	7.327679e-09	3.127620e-09	3.744958e+01	3.606546e+02
4.420000e-06	7.283673e-09	3.103538e-09	3.722468e+01	3.584956e+02
4.430000e-06	7.239275e-09	3.085533e-09	3.699778e+01	3.563107e+02
4.440000e-06	7.194337e-09	3.075127e-09	3.676811e+01	3.541000e+02
4.450000e-06	7.148804e-09	3.060162e-09	3.653541e+01	3.518637e+02
4.460000e-06	7.102767e-09	3.035339e-09	3.630012e+01	3.496019e+02
4.470000e-06	7.056291e-09	3.005413e-09	3.606260e+01	3.473148e+02
4.480000e-06	7.009366e-09	2.983793e-09	3.582278e+01	3.450026e+02
4.490000e-06	6.961920e-09	2.969161e-09	3.558029e+01	3.426654e+02
4.500000e-06	6.913843e-09	2.952009e-09	3.533459e+01	3.403035e+02
4.510000e-06	6.865090e-09	2.922967e-09	3.508543e+01	3.379169e+02
4.520000e-06	6.815773e-09	2.892757e-09	3.483338e+01	3.355059e+02
4.530000e-06	6.765966e-09	2.869990e-09	3.457883e+01	3.330706e+02
4.540000e-06	6.715647e-09	2.855074e-09	3.432167e+01	3.306112e+02
4.550000e-06	6.664804e-09	2.836270e-09	3.406182e+01	3.281279e+02
4.560000e-06	6.613466e-09	2.808479e-09	3.379945e+01	3.256208e+02
4.570000e-06	6.561668e-09	2.776897e-09	3.353472e+01	3.230902e+02
4.580000e-06	6.509369e-09	2.750473e-09	3.326744e+01	3.205363e+02
4.590000e-06	6.456441e-09	2.727424e-09	3.299694e+01	3.179591e+02
4.600000e-06	6.402761e-09	2.701972e-09	3.272260e+01	3.153589e+02
4.610000e-06	6.348357e-09	2.672132e-09	3.244455e+01	3.127360e+02
4.620000e-06	6.293374e-09	2.643170e-09	3.216355e+01	3.100904e+02
4.630000e-06	6.237966e-09	2.622295e-09	3.188038e+01	3.074223e+02
4.640000e-06	6.182207e-09	2.606815e-09	3.159541e+01	3.047321e+02
4.650000e-06	6.126084e-09	2.587978e-09	3.130858e+01	3.020198e+02
4.660000e-06	6.069549e-09	2.559018e-09	3.101965e+01	2.992856e+02
4.670000e-06	6.012586e-09	2.526107e-09	3.072853e+01	2.965298e+02
4.680000e-06	5.955218e-09	2.494324e-09	3.043534e+01	2.937525e+02
4.690000e-06	5.897447e-09	2.466468e-09	3.014008e+01	2.909540e+02
4.700000e-06	5.839277e-09	2.437335e-09	2.984279e+01	2.881345e+02
4.710000e-06	5.780724e-09	2.406730e-09	2.954355e+01	2.852941e+02
4.720000e-06	5.721810e-09	2.378887e-09	2.924246e+01	2.824331e+02
4.730000e-06	5.662543e-09	2.358422e-09	2.893956e+01	2.795517e+02
4.740000e-06	5.602926e-09	2.338803e-09	2.863487e+01	2.766500e+02
4.750000e-06	5.542968e-09	2.313113e-09	2.832845e+01	2.737283e+02
4.760000e-06	5.482651e-09	2.280917e-09	2.802018e+01	2.707869e+02
4.770000e-06	5.421882e-09	2.249856e-09	2.770961e+01	2.678258e+02
4.780000e-06	5.360593e-09	2.222952e-09	2.739638e+01	2.648454e+02
4.790000e-06	5.298754e-09	2.198374e-09	2.708034e+01	2.618458e+02
4.800000e-06	5.236373e-09	2.168390e-09	2.676153e+01	2.588273e+02
4.810000e-06	5.173547e-09	2.133826e-09	2.644044e+01	2.557901e+02
4.820000e-06	5.110349e-09	2.100959e-09	2.611745e+01	2.527344e+02
4.830000e-06	5.046827e-09	2.076451e-09	2.579281e+01	2.496604e+02
4.840000e-06	4.983008e-09	2.056790e-09	2.546665e+01	2.465683e+02
4.850000e-06	4.918904e-09	2.035814e-09	2.513904e+01	2.434585e+02
4.860000e-06	4.854535e-09	2.008980e-09	2.481006e+01	2.403310e+02
4.870000e-06	4.789859e-09	1.977946e-09	2.447952e+01	2.371861e+02
4.880000e-06	4.724834e-09	1.946254e-09	2.414720e+01	2.340241e+02
4.890000e-06	4.659416e-09	1.914287e-09	2.381287e+01	2.308452e+02
4.900000e-06	4.593612e-09	1.883115e-09	2.347656e+01	2.276496e+02
4.910000e-06	4.527480e-09	1.852354e-09	2.313858e+01	2.244375e+02
4.920000e-06	4.461040e-09	1.825371e-09	2.279903e+01	2.212092e+02
4.930000e-06	4.394326e-09	1.800976e-09	2.245807e+01	2.179650e+02
4.940000e-06	4.327357e-09	1.775848e-09	2.211581e+01	2.147049e+02
4.950000e-06	4.260143e-09	1.745875e-09	2.177230e+01	2.114294e+02
4.960000e-06	4.192704e-09	1.713363e-09	2.142764e+01	2.081385e+02
4.970000e-06	4.125032e-09	1.684301e-09	2.108178e+01	2.048326e+02
4.980000e-06	4.057113e-09	1.657469e-09	2.073467e+01	2.015119e+02
4.990000e-06	3.988949e-09	1.628564e-09	2.038631e+01	1.981767e+02
5.000000e-06	3.920494e-09	1.594297e-09	2.003645e+01	1.948271e+02
5.010000e-06	3.851719e-09	1.555566e-09	1.968496e+01	1.914635e+02
5.020000e-06	3.782585e-09	1.520143e-09	1.933164e+01	1.880860e+02
5.030000e-06	3.713034e-09	1.491022e-09	1.897618e+01	1.846949e+02
5.040000e-06	3.643073e-09	1.465830e-09	1.861863e+01	1.812905e+02
5.050000e-06	3.572748e-09	1.439569e-09	1.825922e+01	1.778729e+02
5.060000e-06	3.502077e-09	1.410468e-09	1.789805e+01	1.744426e+02
5.070000e-06	3.431098e-09	1.380433e-09	1.753529e+01	1.709996e+02
5.080000e-06	3.359883e-09	1.349355e-09	1.717134e+01	1.675442e+02
5.090000e-06	3.288484e-09	1.314197e-09	1.680643e+01	1.640768e+02
5.100000e-06	3.216923e-09	1.275458e-09	1.644071e+01	1.605975e+02
5.110000e-06	3.145203e-09	1.237570e-09	1.607416e+01	1.571066e+02
5.120000e-06	3.073307e-09	1.207092e-09	1.570673e+01	1.536044e+02
5.130000e-06	3.001228e-09	1.184534e-09	1.533835e+01	1.500911e+02
5.140000e-06	2.928983e-09	1.162450e-09	1.496913e+01	1.465669e+02
5.150000e-06	2.856578e-09	1.135113e-09	1.459909e+01	1.430322e+02
5.160000e-06	2.784009e-09	1.102628e-09	1.422821e+01	1.394871e+02
5.170000e-06	2.711255e-09	1.067636e-09	1.385639e+01	1.359319e+02
5.180000e-06	2.638292e-09	1.033650e-09	1.348349e+01	1.323670e+02
5.190000e-06	2.565125e-09	9.997968e-10	1.310956e+01	1.287925e+02
5.200000e-06	2.491756e-09	9.651142e-10	1.273459e+01	1.252087e+02
5.210000e-06	2.418204e-09	9.326288e-10	1.235869e+01	1.216158e+02
5.220000e-06	2.344501e-09	9.032357e-10	1.198201e+01	1.180142e+02
5.230000e-06	2.270663e-09	8.769724e-10	1.160465e+01	1.144041e+02
5.240000e-06	2.196692e-09	8.504367e-10	1.122660e+01	1.107857e+02
5.250000e-06	2.122581e-09	8.206134e-10	1.084784e+01	1.071593e+02
5.260000e-06	2.048347e-09	7.866445e-10	1.046845e+01	1.035252e+02
5.270000e-06	1.973984e-09	7.530599e-10	1.008841e+01	9.988365e+01
5.280000e-06	1.899485e-09	7.206214e-10	9.707667e+00	9.623488e+01
5.290000e-06	1.824868e-09	6.880078e-10	9.326319e+00	9.257918e+01
5.300000e-06	1.750113e-09	6.541730e-10	8.944269e+00	8.891681e+01
5.310000e-06	1.675238e-09	6.179547e-10	8.561607e+00	8.524803e+01
5.320000e-06	1.600259e-09	5.847348e-10	8.178412e+00	8.157311e+01
5.330000e-06	1.525134e-09	5.543084e-10	7.794470e+00	7.789231e+01
5.340000e-06	1.449864e-09	5.264406e-10	7.409786e+00	7.420591e+01
5.350000e-06	1.374493e-09	4.988242e-10	7.024584e+00	7.051417e+01
5.360000e-06	1.299027e-09	4.678837e-10	6.638901e+00	6.681736e+01
5.370000e-06	1.223467e-09	4.338768e-10	6.252736e+00	6.311574e+01
5.380000e-06	1.147832e-09	3.993581e-10	5.866187e+00	5.940959e+01
5.390000e-06	1.072117e-09	3.647758e-10	5.479230e+00	5.569916e+01
5.400000e-06	9.963087e-10	3.304913e-10	5.091796e+00	5.198474e+01
5.410000e-06	9.204147e-10	2.964117e-10	4.703924e+00	4.826659e+01
5.420000e-06	8.444417e-10	2.620297e-10	4.315648e+00	4.454498e+01
5.430000e-06	7.683921e-10	2.295539e-10	3.926982e+00	4.082017e+01
5.440000e-06	6.922700e-10	2.006133e-10	3.537944e+00	3.709245e+01
5.450000e-06	6.160913e-10	1.721574e-10	3.148617e+00	3.336207e+01
5.460000e-06	5.398461e-10	1.414960e-10	2.758951e+00	2.962931e+01
5.470000e-06	4.635131e-10	1.090230e-10	2.368836e+00	2.589444e+01
5.480000e-06	3.871350e-10	7.649540e-11	1.978490e+00	2.215774e+01
5.490000e-06	3.107558e-10	4.398908e-11	1.588138e+00	1.841946e+01
5.500000e-06	2.343730e-10	9.689980e-12	1.197769e+00	1.467989e+01
5.510000e-06	1.580141e-10	-2.400943e-11	8.075211e-01	1.093928e+01
5.520000e-06	8.166869e-11	-5.571112e-11	4.173428e-01	7.197926e+00
5.530000e-06	5.303760e-12	-8.426710e-11	2.706440e-02	3.456083e+00
5.540000e-06	-7.104178e-11	-1.106280e-10	-3.631148e-01	-2.859745e-01
5.550000e-06	-1.473506e-10	-1.392353e-10	-7.531067e-01	-4.027975e+00
5.560000e-06	-2.236560e-10	-1.708219e-10	-1.143081e+00	-7.769647e+00
5.570000e-06	-2.999648e-10	-2.032339e-10	-1.533072e+00	-1.151072e+01
5.580000e-06	-3.762624e-10	-2.339822e-10	-1.923007e+00	-1.525092e+01
5.590000e-06	-4.525356e-10	-2.628034e-10	-2.312816e+00	-1.898998e+01
5.600000e-06	-5.287670e-10	-2.924347e-10	-2.702412e+00	-2.272763e+01
5.610000e-06	-6.049595e-10	-3.243566e-10	-3.091809e+00	-2.646360e+01
5.620000e-06	-6.810875e-10	-3.573013e-10	-3.480877e+00	-3.019761e+01
5.630000e-06	-7.571398e-10	-3.889710e-10	-3.869558e+00	-3.392940e+01
5.640000e-06	-8.330930e-10	-4.189120e-10	-4.257732e+00	-3.765869e+01
5.650000e-06	-9.089186e-10	-4.472019e-10	-4.645254e+00	-4.138522e+01
5.660000e-06	-9.846458e-10	-4.736189e-10	-5.032274e+00	-4.510871e+01
5.670000e-06	-1.060283e-09	-4.978543e-10	-5.418834e+00	-4.882890e+01
5.680000e-06	-1.135826e-09	-5.235394e-10	-5.804909e+00	-5.254551e+01
5.690000e-06	-1.211275e-09	-5.546872e-10	-6.190508e+00	-5.625829e+01
5.700000e-06	-1.286626e-09	-5.904014e-10	-6.575604e+00	-5.996694e+01
5.710000e-06	-1.361889e-09	-6.279394e-10	-6.960255e+00	-6.367122e+01
5.720000e-06	-1.437070e-09	-6.643315e-10	-7.344482e+00	-6.737085e+01
5.730000e-06	-1.512148e-09	-6.946883e-10	-7.728180e+00	-7.106556e+01
5.740000e-06	-1.587104e-09	-7.184479e-10	-8.111262e+00	-7.475508e+01
5.750000e-06	-1.661952e-09	-7.394217e-10	-8.493785e+00	-7.843916e+01
5.760000e-06	-1.736686e-09	-7.634293e-10	-8.875732e+00	-8.211751e+01
5.770000e-06	-1.811287e-09	-7.930070e-10	-9.256991e+00	-8.578988e+01
5.780000e-06	-1.885755e-09	-8.270901e-10	-9.637575e+00	-8.945599e+01
5.790000e-06	-1.960086e-09	-8.635574e-10	-1.001746e+01	-9.311559e+01
5.800000e-06	-2.034280e-09	-8.997540e-10	-1.039664e+01	-9.676840e+01
5.810000e-06	-2.108320e-09	-9.330313e-10	-1.077504e+01	-1.004142e+02
5.820000e-06	-2.182189e-09	-9.627801e-10	-1.115256e+01	-1.040526e+02
5.830000e-06	-2.255910e-09	-9.901055e-10	-1.152933e+01	-1.076835e+02
5.840000e-06	-2.329486e-09	-1.016137e-09	-1.190535e+01	-1.113065e+02
5.850000e-06	-2.402898e-09	-1.042705e-09	-1.228054e+01	-1.149215e+02
5.860000e-06	-2.476153e-09	-1.072020e-09	-1.265493e+01	-1.185281e+02
5.870000e-06	-2.549231e-09	-1.103846e-09	-1.302841e+01	-1.221260e+02
5.880000e-06	-2.622124e-09	-1.136118e-09	-1.340094e+01	-1.257151e+02
5.890000e-06	-2.694856e-09	-1.167414e-09	-1.377266e+01	-1.292950e+02
5.900000e-06	-2.767432e-09	-1.197659e-09	-1.414357e+01	-1.328655e+02
5.910000e-06	-2.839830e-09	-1.226727e-09	-1.451358e+01	-1.364264e+02
5.920000e-06	-2.912039e-09	-1.254242e-09	-1.488261e+01	-1.399773e+02
5.930000e-06	-2.984074e-09	-1.281071e-09	-1.525076e+01	-1.435181e+02
5.940000e-06	-3.055933e-09	-1.308198e-09	-1.561802e+01	-1.470484e+02
5.950000e-06	-3.127613e-09	-1.337093e-09	-1.598435e+01	-1.505680e+02
5.960000e-06	-3.199107e-09	-1.368926e-09	-1.634974e+01	-1.540767e+02
5.970000e-06	-3.270393e-09	-1.401394e-09	-1.671406e+01	-1.575742e+02
5.980000e-06	-3.341466e-09	-1.431520e-09	-1.707729e+01	-1.610602e+02
5.990000e-06	-3.412316e-09	-1.459806e-09	-1.743938e+01	-1.645346e+02
6.000000e-06	-3.482905e-09	-1.487457e-09	-1.780014e+01	-1.679969e+02
6.010000e-06	-3.553198e-09	-1.516677e-09	-1.815939e+01	-1.714471e+02
6.020000e-06	-3.623146e-09	-1.547507e-09	-1.851687e+01	-1.748848e+02
6.030000e-06	-3.692727e-09	-1.578139e-09	-1.887248e+01	-1.783098e+02
6.040000e-06	-3.761934e-09	-1.607928e-09	-1.922617e+01	-1.817218e+02
6.050000e-06	-3.830780e-09	-1.635948e-09	-1.957802e+01	-1.851207e+02
6.060000e-06	-3.899292e-09	-1.661840e-09	-1.992817e+01	-1.885061e+02
6.070000e-06	-3.967477e-09	-1.686929e-09	-2.027665e+01	-1.918778e+02
6.080000e-06	-4.035380e-09	-1.712720e-09	-2.062367e+01	-1.952355e+02
6.090000e-06	-4.103029e-09	-1.740263e-09	-2.096941e+01	-1.985791e+02
6.100000e-06	-4.170447e-09	-1.769357e-09	-2.131397e+01	-2.019082e+02
6.110000e-06	-4.237623e-09	-1.799672e-09	-2.165728e+01	-2.052227e+02
6.120000e-06	-4.304552e-09	-1.829709e-09	-2.199934e+01	-2.085223e+02
6.130000e-06	-4.371242e-09	-1.858205e-09	-2.234017e+01	-2.118067e+02
6.140000e-06	-4.437667e-09	-1.884857e-09	-2.267965e+01	-2.150758e+02
6.150000e-06	-4.503812e-09	-1.910516e-09	-2.301769e+01	-2.183292e+02
6.160000e-06	-4.569647e-09	-1.934687e-09	-2.335416e+01	-2.215668e+02
6.170000e-06	-4.635144e-09	-1.958149e-09	-2.368889e+01	-2.247883e+02
6.180000e-06	-4.700280e-09	-1.982473e-09	-2.402179e+01	-2.279935e+02
6.190000e-06	-4.765070e-09	-2.008298e-09	-2.435291e+01	-2.311821e+02
6.200000e-06	-4.829539e-09	-2.035215e-09	-2.468239e+01	-2.343539e+02
6.210000e-06	-4.893708e-09	-2.063234e-09	-2.501034e+01	-2.375087e+02
6.220000e-06	-4.957586e-09	-2.091621e-09	-2.533680e+01	-2.406463e+02
6.230000e-06	-5.021178e-09	-2.117773e-09	-2.566180e+01	-2.437664e+02
6.240000e-06	-5.084490e-09	-2.140970e-09	-2.598537e+01	-2.468688e+02
6.250000e-06	-5.147478e-09	-2.161545e-09	-2.630728e+01	-2.499532e+02
6.260000e-06	-5.210063e-09	-2.181335e-09	-2.662714e+01	-2.530195e+02
6.270000e-06	-5.272190e-09	-2.202567e-09	-2.694465e+01	-2.560675e+02
6.280000e-06	-5.333825e-09	-2.225729e-09	-2.725965e+01	-2.590969e+02
6.290000e-06	-5.394936e-09	-2.249437e-09	-2.757197e+01	-2.621074e+02
6.300000e-06	-5.455549e-09	-2.273830e-09	-2.788174e+01	-2.650990e+02
6.310000e-06	-5.515725e-09	-2.298570e-09	-2.818928e+01	-2.680712e+02
6.320000e-06	-5.575509e-09	-2.323069e-09	-2.849482e+01	-2.710241e+02
6.330000e-06	-5.634954e-09	-2.345894e-09	-2.879863e+01	-2.739572e+02
6.340000e-06	-5.694084e-09	-2.366746e-09	-2.910082e+01	-2.768705e+02
6.350000e-06	-5.752863e-09	-2.386070e-09	-2.940122e+01	-2.797637e+02
6.360000e-06	-5.811270e-09	-2.405264e-09	-2.969972e+01	-2.826365e+02
6.370000e-06	-5.869279e-09	-2.425619e-09	-2.999619e+01	-2.854889e+02
6.380000e-06	-5.926847e-09	-2.447279e-09	-3.029041e+01	-2.883205e+02
6.390000e-06	-5.983986e-09	-2.469320e-09	-3.058242e+01	-2.911312e+02
6.400000e-06	-6.040718e-09	-2.490799e-09	-3.087237e+01	-2.939208e+02
6.410000e-06	-6.097062e-09	-2.513046e-09	-3.116032e+01	-2.966891e+02
6.420000e-06	-6.153034e-09	-2.536879e-09	-3.144638e+01	-2.994358e+02
6.430000e-06	-6.208625e-09	-2.560154e-09	-3.173049e+01	-3.021607e+02
6.440000e-06	-6.263792e-09	-2.580259e-09	-3.201243e+01	-3.048638e+02
6.450000e-06	-6.318476e-09	-2.597379e-09	-3.229190e+01	-3.075447e+02
6.460000e-06	-6.372560e-09	-2.614020e-09	-3.256831e+01	-3.102033e+02
6.470000e-06	-6.425936e-09	-2.633080e-09	-3.284110e+01	-3.128394e+02
6.480000e-06	-6.478648e-09	-2.654791e-09	-3.311049e+01	-3.154528e+02
6.490000e-06	-6.530795e-09	-2.676863e-09	-3.337700e+01	-3.180433e+02
6.500000e-06	-6.582439e-09	-2.698131e-09	-3.364094e+01	-3.206107e+02
6.510000e-06	-6.633624e-09	-2.718909e-09	-3.390253e+01	-3.231549e+02
6.520000e-06	-6.684350e-09	-2.739500e-09	-3.416177e+01	-3.256756e+02
6.530000e-06	-6.734574e-09	-2.760495e-09	-3.441845e+01	-3.281727e+02
6.540000e-06	-6.784234e-09	-2.779704e-09	-3.467225e+01	-3.306459e+02
6.550000e-06	-6.833288e-09	-2.794936e-09	-3.492295e+01	-3.330952e+02
6.560000e-06	-6.881664e-09	-2.808538e-09	-3.517019e+01	-3.355203e+02
6.570000e-06	-6.929307e-09	-2.824213e-09	-3.541367e+01	-3.379210e+02
6.580000e-06	-6.976290e-09	-2.843697e-09	-3.565379e+01	-3.402973e+02
6.590000e-06	-7.022722e-09	-2.864908e-09	-3.589109e+01	-3.426488e+02
6.600000e-06	-7.068723e-09	-2.885358e-09	-3.612619e+01	-3.449755e+02
6.610000e-06	-7.114362e-09	-2.904904e-09	-3.635944e+01	-3.472771e+02
6.620000e-06	-7.159617e-09	-2.925774e-09	-3.659072e+01	-3.495536e+02
6.630000e-06	-7.204439e-09	-2.947066e-09	-3.681979e+01	-3.518047e+02
6.640000e-06	-7.248797e-09	-2.963699e-09	-3.704649e+01	-3.540302e+02
6.650000e-06	-7.292739e-09	-2.976041e-09	-3.727107e+01	-3.562301e+02
6.660000e-06	-7.336328e-09	-2.987024e-09	-3.749384e+01	-3.584041e+02
6.670000e-06	-7.379535e-09	-3.001315e-09	-3.771465e+01	-3.605521e+02
6.680000e-06	-7.422311e-09	-3.020931e-09	-3.793327e+01	-3.626740e+02
6.690000e-06	-7.464597e-09	-3.041547e-09	-3.814938e+01	-3.647696e+02
6.700000e-06	-7.506365e-09	-3.060028e-09	-3.836284e+01	-3.668386e+02
6.710000e-06	-7.547618e-09	-3.078106e-09	-3.857368e+01	-3.688811e+02
6.720000e-06	-7.588348e-09	-3.096329e-09	-3.878184e+01	-3.708968e+02
6.730000e-06	-7.628565e-09	-3.112948e-09	-3.898737e+01	-3.728856e+02
6.740000e-06	-7.668324e-09	-3.126282e-09	-3.919057e+01	-3.748474e+02
6.750000e-06	-7.707648e-09	-3.137227e-09	-3.939154e+01	-3.767819e+02
6.760000e-06	-7.746453e-09	-3.150375e-09	-3.958986e+01	-3.786891e+02
6.770000e-06	-7.784587e-09	-3.166664e-09	-3.978475e+01	-3.805689e+02
6.780000e-06	-7.821918e-09	-3.183895e-09	-3.997554e+01	-3.824210e+02
6.790000e-06	-7.858510e-09	-3.199854e-09	-4.016255e+01	-3.842454e+02
6.800000e-06	-7.894533e-09	-3.214778e-09	-4.034665e+01	-3.860419e+02
6.810000e-06	-7.930099e-09	-3.231232e-09	-4.052842e+01	-3.878104e+02
6.820000e-06	-7.965232e-09	-3.249044e-09	-4.070797e+01	-3.895507e+02
6.830000e-06	-7.999853e-09	-3.264693e-09	-4.088491e+01	-3.912629e+02
6.840000e-06	-8.033878e-09	-3.275346e-09	-4.105881e+01	-3.929466e+02
6.850000e-06	-8.067331e-09	-3.282946e-09	-4.122977e+01	-3.946018e+02
6.860000e-06	-8.100212e-09	-3.292274e-09	-4.139782e+01	-3.962284e+02
6.870000e-06	-8.132535e-09	-3.305691e-09	-4.156301e+01	-3.978262e+02
6.880000e-06	-8.164376e-09	-3.321036e-09	-4.172574e+01	-3.993952e+02
6.890000e-06	-8.195744e-09	-3.334370e-09	-4.188605e+01	-4.009352e+02
6.900000e-06	-8.226519e-09	-3.345458e-09	-4.204333e+01	-4.024461e+02
6.910000e-06	-8.256488e-09	-3.357232e-09	-4.219650e+01	-4.039279e+02
6.920000e-06	-8.285584e-09	-3.369763e-09	-4.234520e+01	-4.053803e+02
6.930000e-06	-8.313942e-09	-3.381119e-09	-4.249013e+01	-4.068033e+02
6.940000e-06	-8.341764e-09	-3.390592e-09	-4.263232e+01	-4.081968e+02
6.950000e-06	-8.369163e-09	-3.398214e-09	-4.277235e+01	-4.095607e+02
6.960000e-06	-8.396107e-09	-3.405882e-09	-4.291005e+01	-4.108949e+02
6.970000e-06	-8.422469e-09	-3.414958e-09	-4.304477e+01	-4.121993e+02
6.980000e-06	-8.448205e-09	-3.424893e-09	-4.317630e+01	-4.134738e+02
6.990000e-06	-8.473310e-09	-3.434726e-09	-4.330461e+01	-4.147183e+02
7.000000e-06	-8.497790e-09	-3.446307e-09	-4.342972e+01	-4.159327e+02
7.010000e-06	-8.521760e-09	-3.460161e-09	-4.355222e+01	-4.171169e+02
7.020000e-06	-8.545301e-09	-3.473663e-09	-4.367253e+01	-4.182709e+02
7.030000e-06	-8.568322e-09	-3.483554e-09	-4.379018e+01	-4.193945e+02
7.040000e-06	-8.590583e-09	-3.489683e-09	-4.390395e+01	-4.204877e+02
7.050000e-06	-8.611947e-09	-3.495681e-09	-4.401314e+01	-4.215504e+02
7.060000e-06	-8.632510e-09	-3.502558e-09	-4.411823e+01	-4.225825e+02
7.070000e-06	-8.652473e-09	-3.510207e-09	-4.422026e+01	-4.235840e+02
7.080000e-06	-8.671989e-09	-3.517969e-09	-4.431999e+01	-4.245547e+02
7.090000e-06	-8.691039e-09	-3.526758e-09	-4.441735e+01	-4.254947e+02
7.100000e-06	-8.709499e-09	-3.538372e-09	-4.451170e+01	-4.264038e+02
7.110000e-06	-8.727352e-09	-3.550482e-09	-4.460293e+01	-4.272819e+02
7.120000e-06	-8.744631e-09	-3.560908e-09	-4.469125e+01	-4.281291e+02
7.130000e-06	-8.761311e-09	-3.568089e-09	-4.477649e+01	-4.289452e+02
7.140000e-06	-8.777420e-09	-3.571616e-09	-4.485882e+01	-4.297302e+02
7.150000e-06	-8.793066e-09	-3.573727e-09	-4.493878e+01	-4.304840e+02
7.160000e-06	-8.808178e-09	-3.576586e-09	-4.501602e+01	-4.312066e+02
7.170000e-06	-8.822444e-09	-3.581580e-09	-4.508892e+01	-4.318979e+02
7.180000e-06	-8.835649e-09	-3.589427e-09	-4.515641e+01	-4.325579e+02
7.190000e-06	-8.847952e-09	-3.599322e-09	-4.521928e+01	-4.331865e+02
7.200000e-06	-8.859627e-09	-3.609924e-09	-4.527895e+01	-4.337837e+02
7.210000e-06	-8.870744e-09	-3.619622e-09	-4.533577e+01	-4.343494e+02
7.220000e-06	-8.881249e-09	-3.624613e-09	-4.538946e+01	-4.348836e+02
7.230000e-06	-8.891147e-09	-3.625331e-09	-4.544004e+01	-4.353863e+02
7.240000e-06	-8.900462e-09	-3.624139e-09	-4.548764e+01	-4.358573e+02
7.250000e-06	-8.909132e-09	-3.625961e-09	-4.553195e+01	-4.362968e+02
7.260000e-06	-8.917224e-09	-3.630978e-09	-4.557331e+01	-4.367046e+02
7.270000e-06	-8.924874e-09	-3.636456e-09	-4.561240e+01	-4.370808e+02
7.280000e-06	-8.932007e-09	-3.643157e-09	-4.564886e+01	-4.374252e+02
7.290000e-06	-8.938380e-09	-3.649564e-09	-4.568143e+01	-4.377379e+02
7.300000e-06	-8.943808e-09	-3.657978e-09	-4.570917e+01	-4.380189e+02
7.310000e-06	-8.948358e-09	-3.666184e-09	-4.573242e+01	-4.382681e+02
7.320000e-06	-8.952300e-09	-3.672126e-09	-4.575257e+01	-4.384855e+02
7.330000e-06	-8.955806e-09	-3.673684e-09	-4.577049e+01	-4.386710e+02
7.340000e-06	-8.958806e-09	-3.670751e-09	-4.578582e+01	-4.388248e+02
7.350000e-06	-8.961199e-09	-3.668739e-09	-4.579805e+01	-4.389468e+02
7.360000e-06	-8.963016e-09	-3.671329e-09	-4.580734e+01	-4.390369e+02
7.370000e-06	-8.964261e-09	-3.678431e-09	-4.581370e+01	-4.390951e+02
7.380000e-06	-8.964837e-09	-3.685907e-09	-4.581664e+01	-4.391215e+02
