# Temperatura_=_20.0
# Concentracion g/m^3_=_10000.0
# C_Vs_to_Am_M_A/Vsm_=_116720831517.84952
# pendiente_HvsI_1/m_=_3716.3
# ordenada_HvsI_A/m_=_1297.0
# frecuencia_Hz_=_81152.25185084496
# Promedio de 23 ciclos

Tiempo_(s)	Campo_(V.s)	Magnetizacion_(V.s)	Campo_(kA/m)	Magnetizacion_(A/m)
0.000000e+00	-3.734595e-09	-1.558416e-09	-1.987800e+01	-1.761634e+02
1.000000e-08	-3.734795e-09	-1.458782e-09	-1.987907e+01	-1.761454e+02
2.000000e-08	-3.734887e-09	-1.430747e-09	-1.987956e+01	-1.761229e+02
3.000000e-08	-3.734869e-09	-1.402927e-09	-1.987946e+01	-1.760957e+02
4.000000e-08	-3.734747e-09	-1.391138e-09	-1.987881e+01	-1.760640e+02
5.000000e-08	-3.734533e-09	-1.401225e-09	-1.987767e+01	-1.760277e+02
6.000000e-08	-3.734228e-09	-1.437397e-09	-1.987605e+01	-1.759868e+02
7.000000e-08	-3.733849e-09	-1.456165e-09	-1.987403e+01	-1.759414e+02
8.000000e-08	-3.733410e-09	-1.454029e-09	-1.987169e+01	-1.758913e+02
9.000000e-08	-3.732897e-09	-1.447001e-09	-1.986896e+01	-1.758367e+02
1.000000e-07	-3.732331e-09	-1.446068e-09	-1.986595e+01	-1.757776e+02
1.100000e-07	-3.731729e-09	-1.491643e-09	-1.986275e+01	-1.757138e+02
1.200000e-07	-3.731079e-09	-1.553282e-09	-1.985929e+01	-1.756455e+02
1.300000e-07	-3.730399e-09	-1.554385e-09	-1.985567e+01	-1.755726e+02
1.400000e-07	-3.729670e-09	-1.489437e-09	-1.985179e+01	-1.754951e+02
1.500000e-07	-3.728851e-09	-1.442512e-09	-1.984743e+01	-1.754131e+02
1.600000e-07	-3.727962e-09	-1.453058e-09	-1.984270e+01	-1.753265e+02
1.700000e-07	-3.727033e-09	-1.456501e-09	-1.983775e+01	-1.752354e+02
1.800000e-07	-3.726054e-09	-1.439288e-09	-1.983254e+01	-1.751397e+02
1.900000e-07	-3.724982e-09	-1.471168e-09	-1.982683e+01	-1.750394e+02
2.000000e-07	-3.723801e-09	-1.534972e-09	-1.982055e+01	-1.749346e+02
2.100000e-07	-3.722525e-09	-1.538898e-09	-1.981376e+01	-1.748252e+02
2.200000e-07	-3.721150e-09	-1.483366e-09	-1.980644e+01	-1.747113e+02
2.300000e-07	-3.719648e-09	-1.446657e-09	-1.979844e+01	-1.745929e+02
2.400000e-07	-3.717997e-09	-1.454096e-09	-1.978965e+01	-1.744699e+02
2.500000e-07	-3.716215e-09	-1.460201e-09	-1.978017e+01	-1.743423e+02
2.600000e-07	-3.714312e-09	-1.450436e-09	-1.977004e+01	-1.742103e+02
2.700000e-07	-3.712307e-09	-1.459760e-09	-1.975937e+01	-1.740737e+02
2.800000e-07	-3.710153e-09	-1.497170e-09	-1.974791e+01	-1.739325e+02
2.900000e-07	-3.707819e-09	-1.513000e-09	-1.973548e+01	-1.737869e+02
3.000000e-07	-3.705328e-09	-1.475188e-09	-1.972222e+01	-1.736367e+02
3.100000e-07	-3.702673e-09	-1.435452e-09	-1.970809e+01	-1.734820e+02
3.200000e-07	-3.699839e-09	-1.444801e-09	-1.969301e+01	-1.733228e+02
3.300000e-07	-3.696805e-09	-1.477377e-09	-1.967686e+01	-1.731591e+02
3.400000e-07	-3.693591e-09	-1.476650e-09	-1.965975e+01	-1.729909e+02
3.500000e-07	-3.690234e-09	-1.450300e-09	-1.964188e+01	-1.728182e+02
3.600000e-07	-3.686733e-09	-1.448887e-09	-1.962325e+01	-1.726409e+02
3.700000e-07	-3.683088e-09	-1.468821e-09	-1.960385e+01	-1.724592e+02
3.800000e-07	-3.679314e-09	-1.465112e-09	-1.958376e+01	-1.722731e+02
3.900000e-07	-3.675413e-09	-1.436017e-09	-1.956300e+01	-1.720824e+02
4.000000e-07	-3.671396e-09	-1.424946e-09	-1.954161e+01	-1.718872e+02
4.100000e-07	-3.667280e-09	-1.441818e-09	-1.951971e+01	-1.716876e+02
4.200000e-07	-3.663075e-09	-1.457266e-09	-1.949733e+01	-1.714835e+02
4.300000e-07	-3.658781e-09	-1.451309e-09	-1.947447e+01	-1.712750e+02
4.400000e-07	-3.654404e-09	-1.432267e-09	-1.945117e+01	-1.710620e+02
4.500000e-07	-3.649970e-09	-1.417413e-09	-1.942757e+01	-1.708446e+02
4.600000e-07	-3.645487e-09	-1.416190e-09	-1.940371e+01	-1.706227e+02
4.700000e-07	-3.640947e-09	-1.428033e-09	-1.937954e+01	-1.703963e+02
4.800000e-07	-3.636362e-09	-1.437584e-09	-1.935514e+01	-1.701656e+02
4.900000e-07	-3.631738e-09	-1.433202e-09	-1.933053e+01	-1.699304e+02
5.000000e-07	-3.627074e-09	-1.422014e-09	-1.930570e+01	-1.696908e+02
5.100000e-07	-3.622366e-09	-1.418070e-09	-1.928065e+01	-1.694467e+02
5.200000e-07	-3.617615e-09	-1.416795e-09	-1.925536e+01	-1.691983e+02
5.300000e-07	-3.612819e-09	-1.407735e-09	-1.922983e+01	-1.689455e+02
5.400000e-07	-3.607987e-09	-1.399376e-09	-1.920411e+01	-1.686883e+02
5.500000e-07	-3.603111e-09	-1.403445e-09	-1.917816e+01	-1.684266e+02
5.600000e-07	-3.598163e-09	-1.413904e-09	-1.915182e+01	-1.681606e+02
5.700000e-07	-3.593138e-09	-1.416396e-09	-1.912508e+01	-1.678903e+02
5.800000e-07	-3.588033e-09	-1.412464e-09	-1.909790e+01	-1.676155e+02
5.900000e-07	-3.582813e-09	-1.409825e-09	-1.907012e+01	-1.673364e+02
6.000000e-07	-3.577496e-09	-1.407468e-09	-1.904182e+01	-1.670530e+02
6.100000e-07	-3.572086e-09	-1.403880e-09	-1.901302e+01	-1.667652e+02
6.200000e-07	-3.566542e-09	-1.405395e-09	-1.898351e+01	-1.664730e+02
6.300000e-07	-3.560893e-09	-1.411504e-09	-1.895344e+01	-1.661766e+02
6.400000e-07	-3.555157e-09	-1.409741e-09	-1.892291e+01	-1.658758e+02
6.500000e-07	-3.549327e-09	-1.400767e-09	-1.889188e+01	-1.655707e+02
6.600000e-07	-3.543391e-09	-1.398843e-09	-1.886029e+01	-1.652613e+02
6.700000e-07	-3.537330e-09	-1.408436e-09	-1.882803e+01	-1.649476e+02
6.800000e-07	-3.531172e-09	-1.416419e-09	-1.879525e+01	-1.646296e+02
6.900000e-07	-3.524929e-09	-1.414292e-09	-1.876202e+01	-1.643073e+02
7.000000e-07	-3.518604e-09	-1.408928e-09	-1.872835e+01	-1.639807e+02
7.100000e-07	-3.512212e-09	-1.405776e-09	-1.869433e+01	-1.636499e+02
7.200000e-07	-3.505750e-09	-1.404332e-09	-1.865994e+01	-1.633148e+02
7.300000e-07	-3.499200e-09	-1.402886e-09	-1.862508e+01	-1.629755e+02
7.400000e-07	-3.492549e-09	-1.400626e-09	-1.858967e+01	-1.626320e+02
7.500000e-07	-3.485824e-09	-1.398526e-09	-1.855388e+01	-1.622842e+02
7.600000e-07	-3.479038e-09	-1.400083e-09	-1.851776e+01	-1.619321e+02
7.700000e-07	-3.472167e-09	-1.404711e-09	-1.848119e+01	-1.615759e+02
7.800000e-07	-3.465205e-09	-1.404478e-09	-1.844413e+01	-1.612155e+02
7.900000e-07	-3.458161e-09	-1.395938e-09	-1.840664e+01	-1.608508e+02
8.000000e-07	-3.451055e-09	-1.387205e-09	-1.836881e+01	-1.604820e+02
8.100000e-07	-3.443889e-09	-1.385569e-09	-1.833067e+01	-1.601091e+02
8.200000e-07	-3.436620e-09	-1.387319e-09	-1.829198e+01	-1.597319e+02
8.300000e-07	-3.429246e-09	-1.387471e-09	-1.825273e+01	-1.593506e+02
8.400000e-07	-3.421779e-09	-1.384975e-09	-1.821299e+01	-1.589651e+02
8.500000e-07	-3.414202e-09	-1.379230e-09	-1.817266e+01	-1.585756e+02
8.600000e-07	-3.406500e-09	-1.371638e-09	-1.813166e+01	-1.581818e+02
8.700000e-07	-3.398688e-09	-1.365955e-09	-1.809009e+01	-1.577840e+02
8.800000e-07	-3.390785e-09	-1.361902e-09	-1.804802e+01	-1.573821e+02
8.900000e-07	-3.382803e-09	-1.357130e-09	-1.800553e+01	-1.569761e+02
9.000000e-07	-3.374729e-09	-1.354192e-09	-1.796256e+01	-1.565660e+02
9.100000e-07	-3.366541e-09	-1.354072e-09	-1.791897e+01	-1.561518e+02
9.200000e-07	-3.358275e-09	-1.352075e-09	-1.787498e+01	-1.557335e+02
9.300000e-07	-3.349945e-09	-1.344448e-09	-1.783064e+01	-1.553112e+02
9.400000e-07	-3.341564e-09	-1.334260e-09	-1.778603e+01	-1.548849e+02
9.500000e-07	-3.333152e-09	-1.326625e-09	-1.774126e+01	-1.544545e+02
9.600000e-07	-3.324681e-09	-1.323979e-09	-1.769617e+01	-1.540202e+02
9.700000e-07	-3.316140e-09	-1.325322e-09	-1.765071e+01	-1.535818e+02
9.800000e-07	-3.307562e-09	-1.324875e-09	-1.760505e+01	-1.531394e+02
9.900000e-07	-3.298950e-09	-1.318645e-09	-1.755921e+01	-1.526930e+02
1.000000e-06	-3.290301e-09	-1.310224e-09	-1.751317e+01	-1.522427e+02
1.010000e-06	-3.281627e-09	-1.305735e-09	-1.746700e+01	-1.517884e+02
1.020000e-06	-3.272903e-09	-1.304276e-09	-1.742057e+01	-1.513301e+02
1.030000e-06	-3.264117e-09	-1.300618e-09	-1.737381e+01	-1.508680e+02
1.040000e-06	-3.255286e-09	-1.293673e-09	-1.732680e+01	-1.504018e+02
1.050000e-06	-3.246415e-09	-1.284769e-09	-1.727959e+01	-1.499318e+02
1.060000e-06	-3.237494e-09	-1.275357e-09	-1.723210e+01	-1.494579e+02
1.070000e-06	-3.228518e-09	-1.267436e-09	-1.718432e+01	-1.489801e+02
1.080000e-06	-3.219476e-09	-1.261067e-09	-1.713620e+01	-1.484984e+02
1.090000e-06	-3.210363e-09	-1.256274e-09	-1.708769e+01	-1.480129e+02
1.100000e-06	-3.201158e-09	-1.254964e-09	-1.703870e+01	-1.475235e+02
1.110000e-06	-3.191839e-09	-1.255945e-09	-1.698910e+01	-1.470302e+02
1.120000e-06	-3.182369e-09	-1.253234e-09	-1.693869e+01	-1.465332e+02
1.130000e-06	-3.172769e-09	-1.243867e-09	-1.688759e+01	-1.460323e+02
1.140000e-06	-3.163085e-09	-1.230468e-09	-1.683605e+01	-1.455276e+02
1.150000e-06	-3.153278e-09	-1.217503e-09	-1.678385e+01	-1.450191e+02
1.160000e-06	-3.143338e-09	-1.210376e-09	-1.673094e+01	-1.445069e+02
1.170000e-06	-3.133291e-09	-1.209723e-09	-1.667746e+01	-1.439909e+02
1.180000e-06	-3.123120e-09	-1.212590e-09	-1.662333e+01	-1.434712e+02
1.190000e-06	-3.112787e-09	-1.214974e-09	-1.656833e+01	-1.429477e+02
1.200000e-06	-3.102295e-09	-1.213393e-09	-1.651248e+01	-1.424205e+02
1.210000e-06	-3.091661e-09	-1.207736e-09	-1.645588e+01	-1.418896e+02
1.220000e-06	-3.080898e-09	-1.197944e-09	-1.639860e+01	-1.413550e+02
1.230000e-06	-3.069995e-09	-1.185441e-09	-1.634056e+01	-1.408168e+02
1.240000e-06	-3.058974e-09	-1.174860e-09	-1.628190e+01	-1.402749e+02
1.250000e-06	-3.047812e-09	-1.171106e-09	-1.622249e+01	-1.397293e+02
1.260000e-06	-3.036499e-09	-1.173997e-09	-1.616228e+01	-1.391801e+02
1.270000e-06	-3.025076e-09	-1.178735e-09	-1.610147e+01	-1.386272e+02
1.280000e-06	-3.013529e-09	-1.180187e-09	-1.604001e+01	-1.380708e+02
1.290000e-06	-3.001857e-09	-1.175547e-09	-1.597789e+01	-1.375108e+02
1.300000e-06	-2.990070e-09	-1.166556e-09	-1.591515e+01	-1.369472e+02
1.310000e-06	-2.978190e-09	-1.156971e-09	-1.585191e+01	-1.363800e+02
1.320000e-06	-2.966235e-09	-1.150075e-09	-1.578828e+01	-1.358093e+02
1.330000e-06	-2.954173e-09	-1.145564e-09	-1.572408e+01	-1.352350e+02
1.340000e-06	-2.942003e-09	-1.141445e-09	-1.565930e+01	-1.346573e+02
1.350000e-06	-2.929768e-09	-1.137906e-09	-1.559418e+01	-1.340760e+02
1.360000e-06	-2.917471e-09	-1.134838e-09	-1.552873e+01	-1.334912e+02
1.370000e-06	-2.905107e-09	-1.132190e-09	-1.546292e+01	-1.329030e+02
1.380000e-06	-2.892689e-09	-1.130204e-09	-1.539682e+01	-1.323113e+02
1.390000e-06	-2.880225e-09	-1.128341e-09	-1.533048e+01	-1.317162e+02
1.400000e-06	-2.867707e-09	-1.125240e-09	-1.526385e+01	-1.311176e+02
1.410000e-06	-2.855142e-09	-1.120133e-09	-1.519697e+01	-1.305156e+02
1.420000e-06	-2.842535e-09	-1.113795e-09	-1.512987e+01	-1.299103e+02
1.430000e-06	-2.829867e-09	-1.106984e-09	-1.506244e+01	-1.293015e+02
1.440000e-06	-2.817142e-09	-1.099740e-09	-1.499471e+01	-1.286894e+02
1.450000e-06	-2.804377e-09	-1.092163e-09	-1.492677e+01	-1.280740e+02
1.460000e-06	-2.791556e-09	-1.087374e-09	-1.485852e+01	-1.274552e+02
1.470000e-06	-2.778676e-09	-1.085674e-09	-1.478997e+01	-1.268331e+02
1.480000e-06	-2.765734e-09	-1.083018e-09	-1.472108e+01	-1.262077e+02
1.490000e-06	-2.752721e-09	-1.078423e-09	-1.465182e+01	-1.255790e+02
1.500000e-06	-2.739656e-09	-1.070873e-09	-1.458228e+01	-1.249470e+02
1.510000e-06	-2.726532e-09	-1.061145e-09	-1.451242e+01	-1.243118e+02
1.520000e-06	-2.713322e-09	-1.052518e-09	-1.444211e+01	-1.236734e+02
1.530000e-06	-2.700032e-09	-1.045144e-09	-1.437137e+01	-1.230317e+02
1.540000e-06	-2.686671e-09	-1.039141e-09	-1.430025e+01	-1.223868e+02
1.550000e-06	-2.673222e-09	-1.034498e-09	-1.422867e+01	-1.217388e+02
1.560000e-06	-2.659663e-09	-1.029922e-09	-1.415650e+01	-1.210876e+02
1.570000e-06	-2.645993e-09	-1.025151e-09	-1.408374e+01	-1.204332e+02
1.580000e-06	-2.632231e-09	-1.018545e-09	-1.401049e+01	-1.197757e+02
1.590000e-06	-2.618383e-09	-1.008867e-09	-1.393678e+01	-1.191151e+02
1.600000e-06	-2.604447e-09	-9.990078e-10	-1.386261e+01	-1.184514e+02
1.610000e-06	-2.590407e-09	-9.916207e-10	-1.378788e+01	-1.177846e+02
1.620000e-06	-2.576272e-09	-9.863639e-10	-1.371264e+01	-1.171147e+02
1.630000e-06	-2.562066e-09	-9.807797e-10	-1.363703e+01	-1.164418e+02
1.640000e-06	-2.547777e-09	-9.726739e-10	-1.356097e+01	-1.157659e+02
1.650000e-06	-2.533408e-09	-9.621948e-10	-1.348449e+01	-1.150869e+02
1.660000e-06	-2.518979e-09	-9.514952e-10	-1.340769e+01	-1.144050e+02
1.670000e-06	-2.504467e-09	-9.419661e-10	-1.333045e+01	-1.137201e+02
1.680000e-06	-2.489874e-09	-9.332672e-10	-1.325277e+01	-1.130322e+02
1.690000e-06	-2.475220e-09	-9.272890e-10	-1.317477e+01	-1.123414e+02
1.700000e-06	-2.460516e-09	-9.246035e-10	-1.309651e+01	-1.116476e+02
1.710000e-06	-2.445771e-09	-9.206401e-10	-1.301803e+01	-1.109510e+02
1.720000e-06	-2.430967e-09	-9.109131e-10	-1.293923e+01	-1.102514e+02
1.730000e-06	-2.416099e-09	-8.963774e-10	-1.286009e+01	-1.095490e+02
1.740000e-06	-2.401180e-09	-8.831181e-10	-1.278068e+01	-1.088438e+02
1.750000e-06	-2.386188e-09	-8.764944e-10	-1.270089e+01	-1.081357e+02
1.760000e-06	-2.371150e-09	-8.756324e-10	-1.262085e+01	-1.074248e+02
1.770000e-06	-2.356077e-09	-8.745767e-10	-1.254061e+01	-1.067111e+02
1.780000e-06	-2.340927e-09	-8.686879e-10	-1.245998e+01	-1.059946e+02
1.790000e-06	-2.325712e-09	-8.590507e-10	-1.237899e+01	-1.052754e+02
1.800000e-06	-2.310449e-09	-8.491832e-10	-1.229775e+01	-1.045534e+02
1.810000e-06	-2.295111e-09	-8.411752e-10	-1.221611e+01	-1.038287e+02
1.820000e-06	-2.279666e-09	-8.349285e-10	-1.213391e+01	-1.031013e+02
1.830000e-06	-2.264115e-09	-8.305440e-10	-1.205113e+01	-1.023713e+02
1.840000e-06	-2.248489e-09	-8.282686e-10	-1.196796e+01	-1.016385e+02
1.850000e-06	-2.232795e-09	-8.262039e-10	-1.188443e+01	-1.009031e+02
1.860000e-06	-2.217035e-09	-8.206782e-10	-1.180054e+01	-1.001651e+02
1.870000e-06	-2.201223e-09	-8.087863e-10	-1.171638e+01	-9.942452e+01
1.880000e-06	-2.185336e-09	-7.948338e-10	-1.163182e+01	-9.868132e+01
1.890000e-06	-2.169337e-09	-7.866128e-10	-1.154666e+01	-9.793555e+01
1.900000e-06	-2.153210e-09	-7.862129e-10	-1.146082e+01	-9.718722e+01
1.910000e-06	-2.136964e-09	-7.890415e-10	-1.137435e+01	-9.643637e+01
1.920000e-06	-2.120612e-09	-7.886710e-10	-1.128732e+01	-9.568302e+01
1.930000e-06	-2.104208e-09	-7.834959e-10	-1.120000e+01	-9.492717e+01
1.940000e-06	-2.087754e-09	-7.753953e-10	-1.111242e+01	-9.416885e+01
1.950000e-06	-2.071181e-09	-7.662247e-10	-1.102421e+01	-9.340807e+01
1.960000e-06	-2.054492e-09	-7.582645e-10	-1.093538e+01	-9.264487e+01
1.970000e-06	-2.037732e-09	-7.529674e-10	-1.084617e+01	-9.187926e+01
1.980000e-06	-2.020865e-09	-7.496901e-10	-1.075640e+01	-9.111126e+01
1.990000e-06	-2.003877e-09	-7.480033e-10	-1.066597e+01	-9.034088e+01
2.000000e-06	-1.986829e-09	-7.467618e-10	-1.057523e+01	-8.956815e+01
2.010000e-06	-1.969725e-09	-7.434599e-10	-1.048420e+01	-8.879310e+01
2.020000e-06	-1.952579e-09	-7.380708e-10	-1.039293e+01	-8.801573e+01
2.030000e-06	-1.935367e-09	-7.318188e-10	-1.030132e+01	-8.723607e+01
2.040000e-06	-1.918091e-09	-7.254619e-10	-1.020937e+01	-8.645414e+01
2.050000e-06	-1.900741e-09	-7.195497e-10	-1.011702e+01	-8.566996e+01
2.060000e-06	-1.883283e-09	-7.145432e-10	-1.002409e+01	-8.488355e+01
2.070000e-06	-1.865816e-09	-7.100046e-10	-9.931120e+00	-8.409493e+01
2.080000e-06	-1.848296e-09	-7.067802e-10	-9.837866e+00	-8.330412e+01
2.090000e-06	-1.830714e-09	-7.062428e-10	-9.744284e+00	-8.251115e+01
2.100000e-06	-1.813085e-09	-7.063964e-10	-9.650450e+00	-8.171603e+01
2.110000e-06	-1.795365e-09	-7.039149e-10	-9.556134e+00	-8.091878e+01
2.120000e-06	-1.777624e-09	-6.962631e-10	-9.461703e+00	-8.011942e+01
2.130000e-06	-1.759858e-09	-6.859445e-10	-9.367142e+00	-7.931798e+01
2.140000e-06	-1.742030e-09	-6.773356e-10	-9.272251e+00	-7.851447e+01
2.150000e-06	-1.724162e-09	-6.697865e-10	-9.177143e+00	-7.770892e+01
2.160000e-06	-1.706251e-09	-6.626250e-10	-9.081811e+00	-7.690135e+01
2.170000e-06	-1.688325e-09	-6.578199e-10	-8.986398e+00	-7.609177e+01
2.180000e-06	-1.670379e-09	-6.562795e-10	-8.890878e+00	-7.528021e+01
2.190000e-06	-1.652391e-09	-6.546900e-10	-8.795134e+00	-7.446670e+01
2.200000e-06	-1.634390e-09	-6.483654e-10	-8.699320e+00	-7.365125e+01
2.210000e-06	-1.616378e-09	-6.365201e-10	-8.603448e+00	-7.283387e+01
2.220000e-06	-1.598325e-09	-6.233592e-10	-8.507358e+00	-7.201461e+01
2.230000e-06	-1.580242e-09	-6.144842e-10	-8.411106e+00	-7.119346e+01
2.240000e-06	-1.562130e-09	-6.101095e-10	-8.314703e+00	-7.037047e+01
2.250000e-06	-1.543974e-09	-6.060855e-10	-8.218064e+00	-6.954564e+01
2.260000e-06	-1.525803e-09	-5.995277e-10	-8.121347e+00	-6.871900e+01
2.270000e-06	-1.507627e-09	-5.905475e-10	-8.024601e+00	-6.789058e+01
2.280000e-06	-1.489426e-09	-5.814785e-10	-7.927725e+00	-6.706038e+01
2.290000e-06	-1.471203e-09	-5.730853e-10	-7.830729e+00	-6.622844e+01
2.300000e-06	-1.452985e-09	-5.647820e-10	-7.733762e+00	-6.539478e+01
2.310000e-06	-1.434748e-09	-5.574286e-10	-7.636691e+00	-6.455941e+01
2.320000e-06	-1.416470e-09	-5.510901e-10	-7.539402e+00	-6.372236e+01
2.330000e-06	-1.398162e-09	-5.434391e-10	-7.441953e+00	-6.288365e+01
2.340000e-06	-1.379827e-09	-5.334609e-10	-7.344363e+00	-6.204331e+01
2.350000e-06	-1.361478e-09	-5.226666e-10	-7.246701e+00	-6.120135e+01
2.360000e-06	-1.343129e-09	-5.120478e-10	-7.149031e+00	-6.035779e+01
2.370000e-06	-1.324759e-09	-5.022150e-10	-7.051255e+00	-5.951266e+01
2.380000e-06	-1.306351e-09	-4.936583e-10	-6.953277e+00	-5.866599e+01
2.390000e-06	-1.287928e-09	-4.864681e-10	-6.855214e+00	-5.781779e+01
2.400000e-06	-1.269501e-09	-4.795137e-10	-6.757134e+00	-5.696808e+01
2.410000e-06	-1.251058e-09	-4.717562e-10	-6.658967e+00	-5.611688e+01
2.420000e-06	-1.232604e-09	-4.635886e-10	-6.560745e+00	-5.526423e+01
2.430000e-06	-1.214143e-09	-4.557244e-10	-6.462481e+00	-5.441013e+01
2.440000e-06	-1.195660e-09	-4.482371e-10	-6.364103e+00	-5.355462e+01
2.450000e-06	-1.177154e-09	-4.398347e-10	-6.265602e+00	-5.269772e+01
2.460000e-06	-1.158625e-09	-4.298012e-10	-6.166979e+00	-5.183944e+01
2.470000e-06	-1.140083e-09	-4.191305e-10	-6.068286e+00	-5.097981e+01
2.480000e-06	-1.121542e-09	-4.090375e-10	-5.969598e+00	-5.011886e+01
2.490000e-06	-1.102990e-09	-4.009422e-10	-5.870853e+00	-4.925659e+01
2.500000e-06	-1.084418e-09	-3.957147e-10	-5.772001e+00	-4.839305e+01
2.510000e-06	-1.065847e-09	-3.907334e-10	-5.673151e+00	-4.752824e+01
2.520000e-06	-1.047277e-09	-3.835918e-10	-5.574309e+00	-4.666220e+01
2.530000e-06	-1.028689e-09	-3.739929e-10	-5.475371e+00	-4.579494e+01
2.540000e-06	-1.010059e-09	-3.630248e-10	-5.376214e+00	-4.492649e+01
2.550000e-06	-9.913964e-10	-3.527858e-10	-5.276877e+00	-4.405686e+01
2.560000e-06	-9.727284e-10	-3.439792e-10	-5.177513e+00	-4.318609e+01
2.570000e-06	-9.540657e-10	-3.369584e-10	-5.078178e+00	-4.231419e+01
2.580000e-06	-9.353939e-10	-3.319120e-10	-4.978794e+00	-4.144120e+01
2.590000e-06	-9.167205e-10	-3.279591e-10	-4.879402e+00	-4.056712e+01
2.600000e-06	-8.980277e-10	-3.230422e-10	-4.779906e+00	-3.969198e+01
2.610000e-06	-8.792938e-10	-3.159230e-10	-4.680192e+00	-3.881581e+01
2.620000e-06	-8.605444e-10	-3.065619e-10	-4.580395e+00	-3.793863e+01
2.630000e-06	-8.417708e-10	-2.966890e-10	-4.480469e+00	-3.706046e+01
2.640000e-06	-8.229684e-10	-2.880084e-10	-4.380390e+00	-3.618132e+01
2.650000e-06	-8.041668e-10	-2.806546e-10	-4.280316e+00	-3.530124e+01
2.660000e-06	-7.853672e-10	-2.734169e-10	-4.180251e+00	-3.442024e+01
2.670000e-06	-7.665592e-10	-2.651769e-10	-4.080142e+00	-3.353834e+01
2.680000e-06	-7.477293e-10	-2.572977e-10	-3.979917e+00	-3.265556e+01
2.690000e-06	-7.288694e-10	-2.508272e-10	-3.879532e+00	-3.177194e+01
2.700000e-06	-7.100006e-10	-2.455614e-10	-3.779100e+00	-3.088749e+01
2.710000e-06	-6.911080e-10	-2.398421e-10	-3.678541e+00	-3.000223e+01
2.720000e-06	-6.721973e-10	-2.327993e-10	-3.577886e+00	-2.911619e+01
2.730000e-06	-6.532834e-10	-2.251644e-10	-3.477213e+00	-2.822939e+01
2.740000e-06	-6.343465e-10	-2.163508e-10	-3.376418e+00	-2.734185e+01
2.750000e-06	-6.153918e-10	-2.057576e-10	-3.275529e+00	-2.645360e+01
2.760000e-06	-5.964302e-10	-1.950837e-10	-3.174603e+00	-2.556466e+01
2.770000e-06	-5.774622e-10	-1.863507e-10	-3.073642e+00	-2.467505e+01
2.780000e-06	-5.584789e-10	-1.797332e-10	-2.972601e+00	-2.378480e+01
2.790000e-06	-5.394673e-10	-1.743145e-10	-2.871408e+00	-2.289392e+01
2.800000e-06	-5.204243e-10	-1.675787e-10	-2.770048e+00	-2.200245e+01
2.810000e-06	-5.013814e-10	-1.591909e-10	-2.668690e+00	-2.111041e+01
2.820000e-06	-4.823394e-10	-1.502218e-10	-2.567335e+00	-2.021781e+01
2.830000e-06	-4.632723e-10	-1.406871e-10	-2.465847e+00	-1.932468e+01
2.840000e-06	-4.441817e-10	-1.302577e-10	-2.364235e+00	-1.843105e+01
2.850000e-06	-4.250796e-10	-1.182413e-10	-2.262561e+00	-1.753694e+01
2.860000e-06	-4.059681e-10	-1.068648e-10	-2.160837e+00	-1.664237e+01
2.870000e-06	-3.868448e-10	-9.804497e-11	-2.059049e+00	-1.574736e+01
2.880000e-06	-3.677112e-10	-9.033765e-11	-1.957208e+00	-1.485195e+01
2.890000e-06	-3.485677e-10	-8.257824e-11	-1.855314e+00	-1.395614e+01
2.900000e-06	-3.294071e-10	-7.306301e-11	-1.753328e+00	-1.305997e+01
2.910000e-06	-3.102265e-10	-6.160596e-11	-1.651236e+00	-1.216345e+01
2.920000e-06	-2.910327e-10	-5.080328e-11	-1.549074e+00	-1.126662e+01
2.930000e-06	-2.718389e-10	-4.120108e-11	-1.446912e+00	-1.036949e+01
2.940000e-06	-2.526559e-10	-3.181706e-11	-1.344807e+00	-9.472092e+00
2.950000e-06	-2.334728e-10	-2.050325e-11	-1.242701e+00	-8.574442e+00
2.960000e-06	-2.142795e-10	-7.050175e-12	-1.140542e+00	-7.676567e+00
2.970000e-06	-1.950810e-10	5.140238e-12	-1.038355e+00	-6.778490e+00
2.980000e-06	-1.758773e-10	1.305198e-11	-9.361400e-01	-5.880234e+00
2.990000e-06	-1.566692e-10	1.830876e-11	-8.339021e-01	-4.981823e+00
3.000000e-06	-1.374405e-10	2.602366e-11	-7.315538e-01	-4.083279e+00
3.010000e-06	-1.182044e-10	3.741833e-11	-6.291669e-01	-3.184627e+00
3.020000e-06	-9.898737e-11	4.921210e-11	-5.268809e-01	-2.285889e+00
3.030000e-06	-7.977371e-11	5.869166e-11	-4.246130e-01	-1.387089e+00
3.040000e-06	-6.054780e-11	6.724331e-11	-3.222799e-01	-4.882505e-01
3.050000e-06	-4.131413e-11	7.685093e-11	-2.199056e-01	4.106033e-01
3.060000e-06	-2.207370e-11	8.692557e-11	-1.174952e-01	1.309449e+00
3.070000e-06	-2.830543e-12	9.639079e-11	-1.507041e-02	2.208263e+00
3.080000e-06	1.637864e-11	1.046681e-10	8.717355e-02	3.107023e+00
3.090000e-06	3.558409e-11	1.126534e-10	1.893977e-01	4.005704e+00
3.100000e-06	5.481290e-11	1.225804e-10	2.917463e-01	4.904284e+00
3.110000e-06	7.404320e-11	1.346398e-10	3.941028e-01	5.802739e+00
3.120000e-06	9.327366e-11	1.447193e-10	4.964600e-01	6.701046e+00
3.130000e-06	1.125046e-10	1.517371e-10	5.988198e-01	7.599181e+00
3.140000e-06	1.317280e-10	1.597309e-10	7.011395e-01	8.497121e+00
3.150000e-06	1.509291e-10	1.709276e-10	8.033404e-01	9.394843e+00
3.160000e-06	1.701295e-10	1.833649e-10	9.055377e-01	1.029232e+01
3.170000e-06	1.893482e-10	1.930671e-10	1.007832e+00	1.118954e+01
3.180000e-06	2.085661e-10	1.988517e-10	1.110123e+00	1.208647e+01
3.190000e-06	2.277680e-10	2.043514e-10	1.212328e+00	1.298308e+01
3.200000e-06	2.469394e-10	2.125640e-10	1.314371e+00	1.387936e+01
3.210000e-06	2.660966e-10	2.211284e-10	1.416339e+00	1.477528e+01
3.220000e-06	2.852602e-10	2.271790e-10	1.518340e+00	1.567083e+01
3.230000e-06	3.044154e-10	2.310776e-10	1.620297e+00	1.656596e+01
3.240000e-06	3.235559e-10	2.365954e-10	1.722175e+00	1.746067e+01
3.250000e-06	3.426956e-10	2.463584e-10	1.824049e+00	1.835493e+01
3.260000e-06	3.618267e-10	2.567414e-10	1.925878e+00	1.924871e+01
3.270000e-06	3.809374e-10	2.636817e-10	2.027597e+00	2.014199e+01
3.280000e-06	4.000546e-10	2.674305e-10	2.129352e+00	2.103476e+01
3.290000e-06	4.191715e-10	2.713269e-10	2.231105e+00	2.192698e+01
3.300000e-06	4.382372e-10	2.776868e-10	2.332585e+00	2.281863e+01
3.310000e-06	4.572595e-10	2.849802e-10	2.433834e+00	2.370969e+01
3.320000e-06	4.762920e-10	2.905990e-10	2.535138e+00	2.460014e+01
3.330000e-06	4.953364e-10	2.949782e-10	2.636505e+00	2.548995e+01
3.340000e-06	5.143586e-10	3.023377e-10	2.737754e+00	2.637910e+01
3.350000e-06	5.333646e-10	3.128019e-10	2.838916e+00	2.726756e+01
3.360000e-06	5.523481e-10	3.208171e-10	2.939959e+00	2.815532e+01
3.370000e-06	5.713036e-10	3.239937e-10	3.040853e+00	2.904236e+01
3.380000e-06	5.902461e-10	3.265962e-10	3.141678e+00	2.992864e+01
3.390000e-06	6.091878e-10	3.348955e-10	3.242498e+00	3.081414e+01
3.400000e-06	6.281394e-10	3.472452e-10	3.343371e+00	3.169884e+01
3.410000e-06	6.470594e-10	3.567592e-10	3.444076e+00	3.258273e+01
3.420000e-06	6.659349e-10	3.596775e-10	3.544544e+00	3.346577e+01
3.430000e-06	6.848203e-10	3.603781e-10	3.645065e+00	3.434794e+01
3.440000e-06	7.037081e-10	3.674502e-10	3.745598e+00	3.522922e+01
3.450000e-06	7.225684e-10	3.797651e-10	3.845985e+00	3.610959e+01
3.460000e-06	7.414064e-10	3.902530e-10	3.946254e+00	3.698902e+01
3.470000e-06	7.602207e-10	3.961961e-10	4.046396e+00	3.786750e+01
3.480000e-06	7.789983e-10	4.014693e-10	4.146343e+00	3.874499e+01
3.490000e-06	7.977528e-10	4.104894e-10	4.246167e+00	3.962148e+01
3.500000e-06	8.164957e-10	4.208977e-10	4.345929e+00	4.049693e+01
3.510000e-06	8.352232e-10	4.269218e-10	4.445609e+00	4.137134e+01
3.520000e-06	8.539387e-10	4.279715e-10	4.545226e+00	4.224468e+01
3.530000e-06	8.726420e-10	4.310938e-10	4.644777e+00	4.311692e+01
3.540000e-06	8.913375e-10	4.418181e-10	4.744287e+00	4.398804e+01
3.550000e-06	9.100230e-10	4.553194e-10	4.843744e+00	4.485803e+01
3.560000e-06	9.286833e-10	4.641688e-10	4.943067e+00	4.572684e+01
3.570000e-06	9.473094e-10	4.696709e-10	5.042207e+00	4.659448e+01
3.580000e-06	9.659310e-10	4.781183e-10	5.141324e+00	4.746090e+01
3.590000e-06	9.845624e-10	4.914492e-10	5.240493e+00	4.832609e+01
3.600000e-06	1.003177e-09	5.037412e-10	5.339573e+00	4.919003e+01
3.610000e-06	1.021771e-09	5.091838e-10	5.438542e+00	5.005269e+01
3.620000e-06	1.040352e-09	5.096632e-10	5.537444e+00	5.091406e+01
3.630000e-06	1.058902e-09	5.112551e-10	5.636176e+00	5.177410e+01
3.640000e-06	1.077422e-09	5.191607e-10	5.734753e+00	5.263280e+01
3.650000e-06	1.095941e-09	5.324655e-10	5.833323e+00	5.349013e+01
3.660000e-06	1.114448e-09	5.455542e-10	5.931833e+00	5.434608e+01
3.670000e-06	1.132929e-09	5.561356e-10	6.030197e+00	5.520061e+01
3.680000e-06	1.151395e-09	5.644340e-10	6.128487e+00	5.605372e+01
3.690000e-06	1.169848e-09	5.705632e-10	6.226706e+00	5.690536e+01
3.700000e-06	1.188273e-09	5.735998e-10	6.324778e+00	5.775554e+01
3.710000e-06	1.206677e-09	5.730866e-10	6.422735e+00	5.860421e+01
3.720000e-06	1.225069e-09	5.726574e-10	6.520632e+00	5.945136e+01
3.730000e-06	1.243456e-09	5.779637e-10	6.618500e+00	6.029697e+01
3.740000e-06	1.261833e-09	5.904742e-10	6.716310e+00	6.114101e+01
3.750000e-06	1.280176e-09	6.039273e-10	6.813947e+00	6.198347e+01
3.760000e-06	1.298497e-09	6.114365e-10	6.911465e+00	6.282432e+01
3.770000e-06	1.316797e-09	6.129598e-10	7.008866e+00	6.366354e+01
3.780000e-06	1.335071e-09	6.131071e-10	7.106136e+00	6.450110e+01
3.790000e-06	1.353345e-09	6.168390e-10	7.203400e+00	6.533699e+01
3.800000e-06	1.371612e-09	6.245722e-10	7.300628e+00	6.617119e+01
3.810000e-06	1.389864e-09	6.316064e-10	7.397776e+00	6.700367e+01
3.820000e-06	1.408088e-09	6.352130e-10	7.494779e+00	6.783441e+01
3.830000e-06	1.426287e-09	6.384844e-10	7.591646e+00	6.866338e+01
3.840000e-06	1.444464e-09	6.454109e-10	7.688397e+00	6.949058e+01
3.850000e-06	1.462616e-09	6.540652e-10	7.785013e+00	7.031597e+01
3.860000e-06	1.480749e-09	6.613035e-10	7.881532e+00	7.113954e+01
3.870000e-06	1.498850e-09	6.673731e-10	7.977873e+00	7.196125e+01
3.880000e-06	1.516935e-09	6.742539e-10	8.074135e+00	7.278111e+01
3.890000e-06	1.535021e-09	6.823832e-10	8.170399e+00	7.359907e+01
3.900000e-06	1.553053e-09	6.874484e-10	8.266381e+00	7.441512e+01
3.910000e-06	1.571037e-09	6.873158e-10	8.362101e+00	7.522924e+01
3.920000e-06	1.589008e-09	6.861064e-10	8.457755e+00	7.604140e+01
3.930000e-06	1.606971e-09	6.899055e-10	8.553366e+00	7.685159e+01
3.940000e-06	1.624917e-09	6.991334e-10	8.648889e+00	7.765979e+01
3.950000e-06	1.642829e-09	7.088425e-10	8.744228e+00	7.846597e+01
3.960000e-06	1.660714e-09	7.149603e-10	8.839425e+00	7.927011e+01
3.970000e-06	1.678583e-09	7.172113e-10	8.934533e+00	8.007220e+01
3.980000e-06	1.696409e-09	7.193730e-10	9.029416e+00	8.087220e+01
3.990000e-06	1.714180e-09	7.243402e-10	9.124006e+00	8.167011e+01
4.000000e-06	1.731909e-09	7.305390e-10	9.218369e+00	8.246589e+01
4.010000e-06	1.749613e-09	7.356990e-10	9.312602e+00	8.325954e+01
4.020000e-06	1.767283e-09	7.393327e-10	9.406654e+00	8.405102e+01
4.030000e-06	1.784889e-09	7.437671e-10	9.500366e+00	8.484032e+01
4.040000e-06	1.802459e-09	7.514128e-10	9.593883e+00	8.562742e+01
4.050000e-06	1.819979e-09	7.595666e-10	9.687137e+00	8.641229e+01
4.060000e-06	1.837426e-09	7.646285e-10	9.780002e+00	8.719492e+01
4.070000e-06	1.854824e-09	7.671310e-10	9.872608e+00	8.797528e+01
4.080000e-06	1.872154e-09	7.715130e-10	9.964849e+00	8.875336e+01
4.090000e-06	1.889422e-09	7.789418e-10	1.005676e+01	8.952914e+01
4.100000e-06	1.906629e-09	7.860306e-10	1.014835e+01	9.030259e+01
4.110000e-06	1.923794e-09	7.903519e-10	1.023971e+01	9.107370e+01
4.120000e-06	1.940915e-09	7.924568e-10	1.033084e+01	9.184244e+01
4.130000e-06	1.957958e-09	7.958645e-10	1.042156e+01	9.260880e+01
4.140000e-06	1.974943e-09	8.030355e-10	1.051196e+01	9.337275e+01
4.150000e-06	1.991847e-09	8.129655e-10	1.060194e+01	9.413427e+01
4.160000e-06	2.008642e-09	8.233862e-10	1.069133e+01	9.489336e+01
4.170000e-06	2.025335e-09	8.329078e-10	1.078018e+01	9.564997e+01
4.180000e-06	2.041964e-09	8.418049e-10	1.086869e+01	9.640411e+01
4.190000e-06	2.058492e-09	8.494189e-10	1.095666e+01	9.715574e+01
4.200000e-06	2.074909e-09	8.553287e-10	1.104404e+01	9.790484e+01
4.210000e-06	2.091239e-09	8.600101e-10	1.113097e+01	9.865141e+01
4.220000e-06	2.107483e-09	8.637734e-10	1.121742e+01	9.939541e+01
4.230000e-06	2.123612e-09	8.697713e-10	1.130328e+01	1.001368e+02
4.240000e-06	2.139645e-09	8.797098e-10	1.138861e+01	1.008757e+02
4.250000e-06	2.155627e-09	8.922978e-10	1.147368e+01	1.016119e+02
4.260000e-06	2.171523e-09	9.041948e-10	1.155829e+01	1.023454e+02
4.270000e-06	2.187341e-09	9.120579e-10	1.164248e+01	1.030763e+02
4.280000e-06	2.203085e-09	9.162993e-10	1.172628e+01	1.038045e+02
4.290000e-06	2.218729e-09	9.193930e-10	1.180955e+01	1.045301e+02
4.300000e-06	2.234283e-09	9.240421e-10	1.189234e+01	1.052529e+02
4.310000e-06	2.249774e-09	9.291906e-10	1.197480e+01	1.059730e+02
4.320000e-06	2.265188e-09	9.347977e-10	1.205684e+01	1.066903e+02
4.330000e-06	2.280509e-09	9.427413e-10	1.213839e+01	1.074049e+02
4.340000e-06	2.295778e-09	9.523250e-10	1.221966e+01	1.081166e+02
4.350000e-06	2.310992e-09	9.618263e-10	1.230064e+01	1.088256e+02
4.360000e-06	2.326122e-09	9.689647e-10	1.238117e+01	1.095317e+02
4.370000e-06	2.341193e-09	9.740219e-10	1.246139e+01	1.102350e+02
4.380000e-06	2.356221e-09	9.791253e-10	1.254138e+01	1.109354e+02
4.390000e-06	2.371178e-09	9.855255e-10	1.262099e+01	1.116330e+02
4.400000e-06	2.386085e-09	9.938743e-10	1.270033e+01	1.123276e+02
4.410000e-06	2.400971e-09	1.002171e-09	1.277956e+01	1.130194e+02
4.420000e-06	2.415820e-09	1.007185e-09	1.285860e+01	1.137082e+02
4.430000e-06	2.430599e-09	1.010635e-09	1.293727e+01	1.143940e+02
4.440000e-06	2.445297e-09	1.015400e-09	1.301550e+01	1.150769e+02
4.450000e-06	2.459928e-09	1.022034e-09	1.309337e+01	1.157567e+02
4.460000e-06	2.474501e-09	1.029863e-09	1.317094e+01	1.164336e+02
4.470000e-06	2.489007e-09	1.037266e-09	1.324815e+01	1.171075e+02
4.480000e-06	2.503447e-09	1.043827e-09	1.332501e+01	1.177783e+02
4.490000e-06	2.517811e-09	1.050218e-09	1.340147e+01	1.184460e+02
4.500000e-06	2.532117e-09	1.055684e-09	1.347761e+01	1.191107e+02
4.510000e-06	2.546348e-09	1.057011e-09	1.355336e+01	1.197723e+02
4.520000e-06	2.560497e-09	1.054915e-09	1.362867e+01	1.204307e+02
4.530000e-06	2.574562e-09	1.055018e-09	1.370353e+01	1.210861e+02
4.540000e-06	2.588527e-09	1.061310e-09	1.377787e+01	1.217383e+02
4.550000e-06	2.602414e-09	1.072588e-09	1.385178e+01	1.223873e+02
4.560000e-06	2.616219e-09	1.083150e-09	1.392526e+01	1.230331e+02
4.570000e-06	2.629951e-09	1.090095e-09	1.399835e+01	1.236758e+02
4.580000e-06	2.643604e-09	1.093310e-09	1.407102e+01	1.243152e+02
4.590000e-06	2.657146e-09	1.094707e-09	1.414310e+01	1.249515e+02
4.600000e-06	2.670598e-09	1.097501e-09	1.421470e+01	1.255844e+02
4.610000e-06	2.683984e-09	1.100003e-09	1.428595e+01	1.262141e+02
4.620000e-06	2.697286e-09	1.100637e-09	1.435675e+01	1.268405e+02
4.630000e-06	2.710517e-09	1.102768e-09	1.442717e+01	1.274637e+02
4.640000e-06	2.723681e-09	1.110148e-09	1.449724e+01	1.280835e+02
4.650000e-06	2.736783e-09	1.120899e-09	1.456698e+01	1.287000e+02
4.660000e-06	2.749823e-09	1.130172e-09	1.463639e+01	1.293131e+02
4.670000e-06	2.762790e-09	1.135092e-09	1.470540e+01	1.299229e+02
4.680000e-06	2.775701e-09	1.135928e-09	1.477413e+01	1.305294e+02
4.690000e-06	2.788558e-09	1.136525e-09	1.484256e+01	1.311324e+02
4.700000e-06	2.801355e-09	1.139204e-09	1.491067e+01	1.317320e+02
4.710000e-06	2.814101e-09	1.142652e-09	1.497852e+01	1.323282e+02
4.720000e-06	2.826795e-09	1.146389e-09	1.504609e+01	1.329210e+02
4.730000e-06	2.839425e-09	1.152454e-09	1.511331e+01	1.335103e+02
4.740000e-06	2.851995e-09	1.161826e-09	1.518021e+01	1.340961e+02
4.750000e-06	2.864523e-09	1.171944e-09	1.524690e+01	1.346785e+02
4.760000e-06	2.876993e-09	1.179245e-09	1.531327e+01	1.352573e+02
4.770000e-06	2.889409e-09	1.182048e-09	1.537936e+01	1.358327e+02
4.780000e-06	2.901777e-09	1.183032e-09	1.544519e+01	1.364045e+02
4.790000e-06	2.914068e-09	1.185921e-09	1.551061e+01	1.369727e+02
4.800000e-06	2.926263e-09	1.190787e-09	1.557552e+01	1.375375e+02
4.810000e-06	2.938404e-09	1.196448e-09	1.564014e+01	1.380986e+02
4.820000e-06	2.950474e-09	1.202598e-09	1.570439e+01	1.386561e+02
4.830000e-06	2.962420e-09	1.209195e-09	1.576797e+01	1.392101e+02
4.840000e-06	2.974273e-09	1.216288e-09	1.583106e+01	1.397604e+02
4.850000e-06	2.986043e-09	1.222770e-09	1.589371e+01	1.403071e+02
4.860000e-06	2.997685e-09	1.226843e-09	1.595567e+01	1.408502e+02
4.870000e-06	3.009197e-09	1.229862e-09	1.601695e+01	1.413896e+02
4.880000e-06	3.020594e-09	1.235353e-09	1.607761e+01	1.419253e+02
4.890000e-06	3.031853e-09	1.243538e-09	1.613754e+01	1.424574e+02
4.900000e-06	3.042970e-09	1.252181e-09	1.619671e+01	1.429857e+02
4.910000e-06	3.053971e-09	1.260742e-09	1.625527e+01	1.435103e+02
4.920000e-06	3.064859e-09	1.266459e-09	1.631322e+01	1.440312e+02
4.930000e-06	3.075600e-09	1.268288e-09	1.637039e+01	1.445484e+02
4.940000e-06	3.086189e-09	1.268587e-09	1.642675e+01	1.450618e+02
4.950000e-06	3.096644e-09	1.268298e-09	1.648240e+01	1.455714e+02
4.960000e-06	3.106942e-09	1.271572e-09	1.653721e+01	1.460772e+02
4.970000e-06	3.117095e-09	1.280150e-09	1.659125e+01	1.465793e+02
4.980000e-06	3.127142e-09	1.292829e-09	1.664473e+01	1.470775e+02
4.990000e-06	3.137047e-09	1.306923e-09	1.669745e+01	1.475720e+02
5.000000e-06	3.146793e-09	1.316322e-09	1.674933e+01	1.480626e+02
5.010000e-06	3.156430e-09	1.317508e-09	1.680062e+01	1.485493e+02
5.020000e-06	3.165984e-09	1.311917e-09	1.685147e+01	1.490322e+02
5.030000e-06	3.175410e-09	1.307369e-09	1.690164e+01	1.495112e+02
5.040000e-06	3.184722e-09	1.309655e-09	1.695121e+01	1.499863e+02
5.050000e-06	3.193955e-09	1.318179e-09	1.700035e+01	1.504576e+02
5.060000e-06	3.203125e-09	1.329367e-09	1.704916e+01	1.509249e+02
5.070000e-06	3.212219e-09	1.339776e-09	1.709757e+01	1.513883e+02
5.080000e-06	3.221215e-09	1.348341e-09	1.714545e+01	1.518478e+02
5.090000e-06	3.230138e-09	1.353364e-09	1.719294e+01	1.523033e+02
5.100000e-06	3.239013e-09	1.353876e-09	1.724018e+01	1.527549e+02
5.110000e-06	3.247861e-09	1.352119e-09	1.728728e+01	1.532025e+02
5.120000e-06	3.256665e-09	1.352152e-09	1.733414e+01	1.536461e+02
5.130000e-06	3.265418e-09	1.356613e-09	1.738073e+01	1.540857e+02
5.140000e-06	3.274135e-09	1.363193e-09	1.742712e+01	1.545213e+02
5.150000e-06	3.282807e-09	1.367552e-09	1.747328e+01	1.549529e+02
5.160000e-06	3.291441e-09	1.369461e-09	1.751924e+01	1.553805e+02
5.170000e-06	3.300044e-09	1.372479e-09	1.756503e+01	1.558041e+02
5.180000e-06	3.308605e-09	1.378697e-09	1.761060e+01	1.562236e+02
5.190000e-06	3.317120e-09	1.385414e-09	1.765592e+01	1.566390e+02
5.200000e-06	3.325579e-09	1.388307e-09	1.770094e+01	1.570504e+02
5.210000e-06	3.333974e-09	1.385617e-09	1.774563e+01	1.574577e+02
5.220000e-06	3.342305e-09	1.379808e-09	1.778997e+01	1.578609e+02
5.230000e-06	3.350572e-09	1.376128e-09	1.783397e+01	1.582600e+02
5.240000e-06	3.358773e-09	1.377989e-09	1.787763e+01	1.586550e+02
5.250000e-06	3.366889e-09	1.384085e-09	1.792083e+01	1.590458e+02
5.260000e-06	3.374915e-09	1.391697e-09	1.796354e+01	1.594326e+02
5.270000e-06	3.382857e-09	1.398081e-09	1.800582e+01	1.598152e+02
5.280000e-06	3.390704e-09	1.401073e-09	1.804758e+01	1.601936e+02
5.290000e-06	3.398455e-09	1.400427e-09	1.808884e+01	1.605679e+02
5.300000e-06	3.406106e-09	1.397517e-09	1.812957e+01	1.609380e+02
5.310000e-06	3.413641e-09	1.395262e-09	1.816967e+01	1.613039e+02
5.320000e-06	3.421093e-09	1.396051e-09	1.820933e+01	1.616656e+02
5.330000e-06	3.428457e-09	1.399637e-09	1.824853e+01	1.620232e+02
5.340000e-06	3.435720e-09	1.402187e-09	1.828719e+01	1.623765e+02
5.350000e-06	3.442892e-09	1.401301e-09	1.832536e+01	1.627256e+02
5.360000e-06	3.449976e-09	1.398557e-09	1.836307e+01	1.630705e+02
5.370000e-06	3.456979e-09	1.397730e-09	1.840034e+01	1.634111e+02
5.380000e-06	3.463888e-09	1.402605e-09	1.843712e+01	1.637475e+02
5.390000e-06	3.470711e-09	1.410661e-09	1.847343e+01	1.640797e+02
5.400000e-06	3.477478e-09	1.415622e-09	1.850945e+01	1.644075e+02
5.410000e-06	3.484206e-09	1.415066e-09	1.854526e+01	1.647311e+02
5.420000e-06	3.490881e-09	1.412251e-09	1.858079e+01	1.650505e+02
5.430000e-06	3.497483e-09	1.411142e-09	1.861593e+01	1.653655e+02
5.440000e-06	3.504008e-09	1.412730e-09	1.865066e+01	1.656762e+02
5.450000e-06	3.510436e-09	1.416606e-09	1.868488e+01	1.659827e+02
5.460000e-06	3.516756e-09	1.421310e-09	1.871852e+01	1.662848e+02
5.470000e-06	3.522993e-09	1.426303e-09	1.875171e+01	1.665826e+02
5.480000e-06	3.529150e-09	1.430977e-09	1.878448e+01	1.668761e+02
5.490000e-06	3.535203e-09	1.434267e-09	1.881670e+01	1.671652e+02
5.500000e-06	3.541160e-09	1.436024e-09	1.884841e+01	1.674500e+02
5.510000e-06	3.547027e-09	1.436867e-09	1.887964e+01	1.677305e+02
5.520000e-06	3.552754e-09	1.437358e-09	1.891012e+01	1.680066e+02
5.530000e-06	3.558362e-09	1.437942e-09	1.893997e+01	1.682783e+02
5.540000e-06	3.563884e-09	1.439788e-09	1.896936e+01	1.685457e+02
5.550000e-06	3.569314e-09	1.442725e-09	1.899827e+01	1.688086e+02
5.560000e-06	3.574653e-09	1.445994e-09	1.902668e+01	1.690672e+02
5.570000e-06	3.579919e-09	1.449689e-09	1.905471e+01	1.693214e+02
5.580000e-06	3.585115e-09	1.453677e-09	1.908237e+01	1.695712e+02
5.590000e-06	3.590207e-09	1.458553e-09	1.910947e+01	1.698166e+02
5.600000e-06	3.595206e-09	1.462929e-09	1.913608e+01	1.700576e+02
5.610000e-06	3.600140e-09	1.464833e-09	1.916234e+01	1.702941e+02
5.620000e-06	3.605018e-09	1.465418e-09	1.918830e+01	1.705263e+02
5.630000e-06	3.609849e-09	1.466369e-09	1.921402e+01	1.707540e+02
5.640000e-06	3.614638e-09	1.468089e-09	1.923951e+01	1.709772e+02
5.650000e-06	3.619378e-09	1.469869e-09	1.926474e+01	1.711961e+02
5.660000e-06	3.624072e-09	1.471264e-09	1.928972e+01	1.714105e+02
5.670000e-06	3.628734e-09	1.473061e-09	1.931454e+01	1.716204e+02
5.680000e-06	3.633370e-09	1.476565e-09	1.933921e+01	1.718258e+02
5.690000e-06	3.637970e-09	1.481380e-09	1.936370e+01	1.720268e+02
5.700000e-06	3.642530e-09	1.485365e-09	1.938797e+01	1.722234e+02
5.710000e-06	3.647049e-09	1.485998e-09	1.941202e+01	1.724154e+02
5.720000e-06	3.651517e-09	1.483970e-09	1.943581e+01	1.726030e+02
5.730000e-06	3.655899e-09	1.482479e-09	1.945913e+01	1.727861e+02
5.740000e-06	3.660193e-09	1.483545e-09	1.948198e+01	1.729647e+02
5.750000e-06	3.664430e-09	1.486875e-09	1.950453e+01	1.731388e+02
5.760000e-06	3.668559e-09	1.489458e-09	1.952651e+01	1.733084e+02
5.770000e-06	3.672573e-09	1.490165e-09	1.954788e+01	1.734735e+02
5.780000e-06	3.676489e-09	1.490857e-09	1.956872e+01	1.736341e+02
5.790000e-06	3.680277e-09	1.492778e-09	1.958889e+01	1.737902e+02
5.800000e-06	3.683952e-09	1.493414e-09	1.960845e+01	1.739418e+02
5.810000e-06	3.687503e-09	1.491323e-09	1.962735e+01	1.740889e+02
5.820000e-06	3.690906e-09	1.488888e-09	1.964546e+01	1.742314e+02
5.830000e-06	3.694139e-09	1.488450e-09	1.966267e+01	1.743694e+02
5.840000e-06	3.697204e-09	1.490435e-09	1.967898e+01	1.745029e+02
5.850000e-06	3.700137e-09	1.491836e-09	1.969459e+01	1.746318e+02
5.860000e-06	3.702918e-09	1.490619e-09	1.970939e+01	1.747562e+02
5.870000e-06	3.705558e-09	1.487773e-09	1.972345e+01	1.748761e+02
5.880000e-06	3.708032e-09	1.486526e-09	1.973662e+01	1.749914e+02
5.890000e-06	3.710309e-09	1.488866e-09	1.974873e+01	1.751022e+02
5.900000e-06	3.712463e-09	1.492114e-09	1.976020e+01	1.752084e+02
5.910000e-06	3.714507e-09	1.491533e-09	1.977108e+01	1.753101e+02
5.920000e-06	3.716375e-09	1.486045e-09	1.978102e+01	1.754072e+02
5.930000e-06	3.718048e-09	1.480403e-09	1.978993e+01	1.754998e+02
5.940000e-06	3.719577e-09	1.477239e-09	1.979806e+01	1.755877e+02
5.950000e-06	3.721007e-09	1.474980e-09	1.980568e+01	1.756712e+02
5.960000e-06	3.722333e-09	1.473302e-09	1.981274e+01	1.757501e+02
5.970000e-06	3.723552e-09	1.473931e-09	1.981922e+01	1.758244e+02
5.980000e-06	3.724681e-09	1.477205e-09	1.982523e+01	1.758941e+02
5.990000e-06	3.725730e-09	1.480606e-09	1.983081e+01	1.759593e+02
6.000000e-06	3.726691e-09	1.482130e-09	1.983593e+01	1.760199e+02
6.010000e-06	3.727582e-09	1.481953e-09	1.984067e+01	1.760759e+02
6.020000e-06	3.728435e-09	1.481719e-09	1.984521e+01	1.761273e+02
6.030000e-06	3.729236e-09	1.481958e-09	1.984948e+01	1.761742e+02
6.040000e-06	3.729983e-09	1.472877e-09	1.985345e+01	1.762165e+02
6.050000e-06	3.730696e-09	1.447110e-09	1.985725e+01	1.762542e+02
6.060000e-06	3.731370e-09	1.420908e-09	1.986083e+01	1.762874e+02
6.070000e-06	3.731995e-09	1.435532e-09	1.986416e+01	1.763159e+02
6.080000e-06	3.732576e-09	1.503153e-09	1.986725e+01	1.763399e+02
6.090000e-06	3.733119e-09	1.581760e-09	1.987015e+01	1.763593e+02
6.100000e-06	3.733617e-09	1.630191e-09	1.987280e+01	1.763741e+02
6.110000e-06	3.734042e-09	1.597508e-09	1.987506e+01	1.763843e+02
6.120000e-06	3.734360e-09	1.514173e-09	1.987675e+01	1.763900e+02
6.130000e-06	3.734559e-09	1.463540e-09	1.987781e+01	1.763910e+02
6.140000e-06	3.734659e-09	1.375780e-09	1.987834e+01	1.763875e+02
6.150000e-06	3.734652e-09	1.282569e-09	1.987830e+01	1.763794e+02
6.160000e-06	3.734522e-09	1.333181e-09	1.987761e+01	1.763667e+02
6.170000e-06	3.734297e-09	1.432977e-09	1.987641e+01	1.763495e+02
6.180000e-06	3.733969e-09	1.475698e-09	1.987467e+01	1.763276e+02
6.190000e-06	3.733536e-09	1.511845e-09	1.987236e+01	1.763012e+02
6.200000e-06	3.733013e-09	1.558717e-09	1.986958e+01	1.762702e+02
6.210000e-06	3.732397e-09	1.581295e-09	1.986630e+01	1.762346e+02
6.220000e-06	3.731710e-09	1.585579e-09	1.986264e+01	1.761944e+02
6.230000e-06	3.730946e-09	1.573800e-09	1.985858e+01	1.761497e+02
6.240000e-06	3.730098e-09	1.521457e-09	1.985407e+01	1.761003e+02
6.250000e-06	3.729180e-09	1.493387e-09	1.984918e+01	1.760464e+02
6.260000e-06	3.728176e-09	1.473090e-09	1.984383e+01	1.759880e+02
6.270000e-06	3.727083e-09	1.423556e-09	1.983802e+01	1.759249e+02
6.280000e-06	3.725913e-09	1.414208e-09	1.983179e+01	1.758573e+02
6.290000e-06	3.724660e-09	1.454737e-09	1.982512e+01	1.757851e+02
6.300000e-06	3.723317e-09	1.516229e-09	1.981797e+01	1.757084e+02
6.310000e-06	3.721893e-09	1.530616e-09	1.981039e+01	1.756270e+02
6.320000e-06	3.720385e-09	1.525230e-09	1.980237e+01	1.755412e+02
6.330000e-06	3.718802e-09	1.553433e-09	1.979394e+01	1.754507e+02
6.340000e-06	3.717139e-09	1.536185e-09	1.978509e+01	1.753557e+02
6.350000e-06	3.715368e-09	1.485237e-09	1.977566e+01	1.752561e+02
6.360000e-06	3.713507e-09	1.480646e-09	1.976576e+01	1.751520e+02
6.370000e-06	3.711570e-09	1.526573e-09	1.975545e+01	1.750434e+02
6.380000e-06	3.709538e-09	1.546414e-09	1.974463e+01	1.749302e+02
6.390000e-06	3.707412e-09	1.515488e-09	1.973331e+01	1.748124e+02
6.400000e-06	3.705203e-09	1.502983e-09	1.972156e+01	1.746901e+02
6.410000e-06	3.702889e-09	1.518140e-09	1.970924e+01	1.745633e+02
6.420000e-06	3.700454e-09	1.523518e-09	1.969628e+01	1.744319e+02
6.430000e-06	3.697909e-09	1.495284e-09	1.968273e+01	1.742960e+02
6.440000e-06	3.695271e-09	1.473180e-09	1.966869e+01	1.741556e+02
6.450000e-06	3.692542e-09	1.500072e-09	1.965417e+01	1.740106e+02
6.460000e-06	3.689723e-09	1.531550e-09	1.963916e+01	1.738611e+02
6.470000e-06	3.686821e-09	1.514585e-09	1.962372e+01	1.737071e+02
6.480000e-06	3.683849e-09	1.466452e-09	1.960790e+01	1.735486e+02
6.490000e-06	3.680814e-09	1.462291e-09	1.959174e+01	1.733856e+02
6.500000e-06	3.677704e-09	1.499378e-09	1.957519e+01	1.732181e+02
6.510000e-06	3.674529e-09	1.502364e-09	1.955829e+01	1.730461e+02
6.520000e-06	3.671300e-09	1.466214e-09	1.954110e+01	1.728695e+02
6.530000e-06	3.668039e-09	1.452496e-09	1.952375e+01	1.726885e+02
6.540000e-06	3.664750e-09	1.481905e-09	1.950624e+01	1.725030e+02
6.550000e-06	3.661420e-09	1.494095e-09	1.948852e+01	1.723130e+02
6.560000e-06	3.658047e-09	1.465056e-09	1.947056e+01	1.721186e+02
6.570000e-06	3.654630e-09	1.441320e-09	1.945238e+01	1.719197e+02
6.580000e-06	3.651180e-09	1.446050e-09	1.943401e+01	1.717163e+02
6.590000e-06	3.647673e-09	1.456197e-09	1.941535e+01	1.715084e+02
6.600000e-06	3.644092e-09	1.454478e-09	1.939628e+01	1.712961e+02
6.610000e-06	3.640442e-09	1.456339e-09	1.937686e+01	1.710793e+02
6.620000e-06	3.636686e-09	1.458996e-09	1.935686e+01	1.708581e+02
6.630000e-06	3.632819e-09	1.444265e-09	1.933628e+01	1.706325e+02
6.640000e-06	3.628884e-09	1.427399e-09	1.931534e+01	1.704024e+02
6.650000e-06	3.624854e-09	1.431595e-09	1.929389e+01	1.701679e+02
6.660000e-06	3.620676e-09	1.443665e-09	1.927165e+01	1.699290e+02
6.670000e-06	3.616327e-09	1.432523e-09	1.924850e+01	1.696856e+02
6.680000e-06	3.611827e-09	1.413638e-09	1.922455e+01	1.694379e+02
6.690000e-06	3.607209e-09	1.422260e-09	1.919997e+01	1.691857e+02
6.700000e-06	3.602473e-09	1.442763e-09	1.917476e+01	1.689291e+02
6.710000e-06	3.597566e-09	1.440527e-09	1.914864e+01	1.686682e+02
6.720000e-06	3.592458e-09	1.420260e-09	1.912146e+01	1.684029e+02
6.730000e-06	3.587180e-09	1.414034e-09	1.909336e+01	1.681332e+02
6.740000e-06	3.581745e-09	1.418645e-09	1.906443e+01	1.678591e+02
6.750000e-06	3.576155e-09	1.414437e-09	1.903468e+01	1.675807e+02
6.760000e-06	3.570410e-09	1.408709e-09	1.900410e+01	1.672979e+02
6.770000e-06	3.564506e-09	1.407228e-09	1.897267e+01	1.670108e+02
6.780000e-06	3.558450e-09	1.401854e-09	1.894044e+01	1.667193e+02
6.790000e-06	3.552250e-09	1.394155e-09	1.890744e+01	1.664235e+02
6.800000e-06	3.545889e-09	1.403366e-09	1.887359e+01	1.661234e+02
6.810000e-06	3.539389e-09	1.417856e-09	1.883899e+01	1.658190e+02
6.820000e-06	3.532778e-09	1.407569e-09	1.880380e+01	1.655102e+02
6.830000e-06	3.526058e-09	1.385275e-09	1.876803e+01	1.651972e+02
6.840000e-06	3.519259e-09	1.382585e-09	1.873184e+01	1.648798e+02
6.850000e-06	3.512390e-09	1.395076e-09	1.869528e+01	1.645582e+02
6.860000e-06	3.505432e-09	1.393364e-09	1.865825e+01	1.642323e+02
6.870000e-06	3.498403e-09	1.382825e-09	1.862083e+01	1.639021e+02
6.880000e-06	3.491314e-09	1.384005e-09	1.858310e+01	1.635677e+02
6.890000e-06	3.484154e-09	1.391080e-09	1.854499e+01	1.632290e+02
6.900000e-06	3.476950e-09	1.392769e-09	1.850665e+01	1.628861e+02
6.910000e-06	3.469717e-09	1.391494e-09	1.846815e+01	1.625390e+02
6.920000e-06	3.462448e-09	1.387080e-09	1.842946e+01	1.621876e+02
6.930000e-06	3.455145e-09	1.374464e-09	1.839058e+01	1.618320e+02
6.940000e-06	3.447788e-09	1.367318e-09	1.835142e+01	1.614722e+02
6.950000e-06	3.440378e-09	1.374249e-09	1.831199e+01	1.611083e+02
6.960000e-06	3.432933e-09	1.380277e-09	1.827236e+01	1.607401e+02
6.970000e-06	3.425437e-09	1.374999e-09	1.823246e+01	1.603677e+02
6.980000e-06	3.417874e-09	1.369322e-09	1.819221e+01	1.599912e+02
6.990000e-06	3.410275e-09	1.370480e-09	1.815176e+01	1.596106e+02
7.000000e-06	3.402640e-09	1.370883e-09	1.811112e+01	1.592257e+02
7.010000e-06	3.394910e-09	1.368768e-09	1.806997e+01	1.588368e+02
7.020000e-06	3.387071e-09	1.363641e-09	1.802825e+01	1.584437e+02
7.030000e-06	3.379139e-09	1.355244e-09	1.798603e+01	1.580465e+02
7.040000e-06	3.371107e-09	1.347886e-09	1.794328e+01	1.576452e+02
7.050000e-06	3.362988e-09	1.347209e-09	1.790007e+01	1.572398e+02
7.060000e-06	3.354781e-09	1.347677e-09	1.785638e+01	1.568303e+02
7.070000e-06	3.346474e-09	1.340326e-09	1.781217e+01	1.564168e+02
7.080000e-06	3.338055e-09	1.333071e-09	1.776735e+01	1.559992e+02
7.090000e-06	3.329526e-09	1.331430e-09	1.772196e+01	1.555775e+02
7.100000e-06	3.320922e-09	1.330827e-09	1.767616e+01	1.551518e+02
7.110000e-06	3.312243e-09	1.327158e-09	1.762996e+01	1.547220e+02
7.120000e-06	3.303471e-09	1.321383e-09	1.758327e+01	1.542883e+02
7.130000e-06	3.294595e-09	1.314076e-09	1.753603e+01	1.538505e+02
7.140000e-06	3.285634e-09	1.306357e-09	1.748833e+01	1.534087e+02
7.150000e-06	3.276593e-09	1.301950e-09	1.744021e+01	1.529630e+02
7.160000e-06	3.267481e-09	1.295513e-09	1.739171e+01	1.525132e+02
7.170000e-06	3.258314e-09	1.283836e-09	1.734292e+01	1.520595e+02
7.180000e-06	3.249097e-09	1.275316e-09	1.729386e+01	1.516019e+02
7.190000e-06	3.239829e-09	1.275125e-09	1.724453e+01	1.511403e+02
7.200000e-06	3.230493e-09	1.275571e-09	1.719484e+01	1.506748e+02
7.210000e-06	3.221081e-09	1.269491e-09	1.714474e+01	1.502054e+02
7.220000e-06	3.211604e-09	1.259735e-09	1.709430e+01	1.497321e+02
7.230000e-06	3.202072e-09	1.251198e-09	1.704356e+01	1.492548e+02
7.240000e-06	3.192483e-09	1.246618e-09	1.699252e+01	1.487738e+02
7.250000e-06	3.182818e-09	1.245263e-09	1.694108e+01	1.482888e+02
7.260000e-06	3.173078e-09	1.241531e-09	1.688924e+01	1.478000e+02
7.270000e-06	3.163275e-09	1.232364e-09	1.683706e+01	1.473073e+02
7.280000e-06	3.153382e-09	1.224361e-09	1.678440e+01	1.468109e+02
7.290000e-06	3.143394e-09	1.221135e-09	1.673124e+01	1.463106e+02
7.300000e-06	3.133328e-09	1.218211e-09	1.667766e+01	1.458065e+02
7.310000e-06	3.123168e-09	1.211558e-09	1.662358e+01	1.452986e+02
7.320000e-06	3.112874e-09	1.203090e-09	1.656879e+01	1.447869e+02
7.330000e-06	3.102466e-09	1.196466e-09	1.651339e+01	1.442715e+02
7.340000e-06	3.091972e-09	1.191631e-09	1.645753e+01	1.437524e+02
7.350000e-06	3.081397e-09	1.188315e-09	1.640125e+01	1.432295e+02
7.360000e-06	3.070731e-09	1.183231e-09	1.634448e+01	1.427028e+02
7.370000e-06	3.059971e-09	1.177211e-09	1.628721e+01	1.421725e+02
7.380000e-06	3.049123e-09	1.175585e-09	1.622946e+01	1.416385e+02
7.390000e-06	3.038202e-09	1.178204e-09	1.617133e+01	1.411008e+02
7.400000e-06	3.027220e-09	1.179595e-09	1.611289e+01	1.405594e+02
7.410000e-06	3.016148e-09	1.175893e-09	1.605395e+01	1.400144e+02
7.420000e-06	3.004990e-09	1.168600e-09	1.599456e+01	1.394658e+02
7.430000e-06	2.993761e-09	1.160251e-09	1.593479e+01	1.389135e+02
7.440000e-06	2.982459e-09	1.153647e-09	1.587463e+01	1.383576e+02
7.450000e-06	2.971106e-09	1.147519e-09	1.581421e+01	1.377981e+02
7.460000e-06	2.959701e-09	1.140869e-09	1.575350e+01	1.372351e+02
7.470000e-06	2.948242e-09	1.136624e-09	1.569251e+01	1.366684e+02
7.480000e-06	2.936736e-09	1.135826e-09	1.563127e+01	1.360982e+02
7.490000e-06	2.925163e-09	1.135821e-09	1.556967e+01	1.355245e+02
7.500000e-06	2.913505e-09	1.132367e-09	1.550762e+01	1.349473e+02
7.510000e-06	2.901770e-09	1.125666e-09	1.544516e+01	1.343666e+02
7.520000e-06	2.889957e-09	1.119336e-09	1.538228e+01	1.337823e+02
7.530000e-06	2.878070e-09	1.116213e-09	1.531901e+01	1.331946e+02
7.540000e-06	2.866103e-09	1.115883e-09	1.525531e+01	1.326035e+02
7.550000e-06	2.854046e-09	1.115025e-09	1.519114e+01	1.320089e+02
7.560000e-06	2.841896e-09	1.110489e-09	1.512647e+01	1.314108e+02
7.570000e-06	2.829632e-09	1.103586e-09	1.506119e+01	1.308094e+02
7.580000e-06	2.817278e-09	1.098989e-09	1.499543e+01	1.302045e+02
7.590000e-06	2.804827e-09	1.096532e-09	1.492916e+01	1.295963e+02
7.600000e-06	2.792249e-09	1.093169e-09	1.486221e+01	1.289847e+02
7.610000e-06	2.779542e-09	1.087452e-09	1.479458e+01	1.283697e+02
7.620000e-06	2.766717e-09	1.081936e-09	1.472632e+01	1.277515e+02
7.630000e-06	2.753796e-09	1.078582e-09	1.465754e+01	1.271299e+02
7.640000e-06	2.740753e-09	1.074885e-09	1.458812e+01	1.265050e+02
7.650000e-06	2.727559e-09	1.068905e-09	1.451789e+01	1.258768e+02
7.660000e-06	2.714219e-09	1.061442e-09	1.444689e+01	1.252453e+02
7.670000e-06	2.700759e-09	1.055348e-09	1.437524e+01	1.246106e+02
7.680000e-06	2.687189e-09	1.049712e-09	1.430301e+01	1.239726e+02
7.690000e-06	2.673482e-09	1.041702e-09	1.423005e+01	1.233315e+02
7.700000e-06	2.659651e-09	1.031221e-09	1.415644e+01	1.226871e+02
7.710000e-06	2.645700e-09	1.020612e-09	1.408218e+01	1.220395e+02
7.720000e-06	2.631603e-09	1.014506e-09	1.400715e+01	1.213888e+02
7.730000e-06	2.617399e-09	1.013047e-09	1.393154e+01	1.207349e+02
7.740000e-06	2.603106e-09	1.011174e-09	1.385547e+01	1.200779e+02
7.750000e-06	2.588725e-09	1.006087e-09	1.377892e+01	1.194177e+02
7.760000e-06	2.574275e-09	9.976871e-10	1.370201e+01	1.187545e+02
7.770000e-06	2.559754e-09	9.868419e-10	1.362472e+01	1.180882e+02
7.780000e-06	2.545128e-09	9.751180e-10	1.354687e+01	1.174188e+02
7.790000e-06	2.530369e-09	9.646755e-10	1.346831e+01	1.167463e+02
7.800000e-06	2.515519e-09	9.569554e-10	1.338927e+01	1.160709e+02
7.810000e-06	2.500609e-09	9.533852e-10	1.330991e+01	1.153924e+02
7.820000e-06	2.485639e-09	9.526295e-10	1.323023e+01	1.147109e+02
7.830000e-06	2.470629e-09	9.494311e-10	1.315034e+01	1.140264e+02
7.840000e-06	2.455586e-09	9.404849e-10	1.307027e+01	1.133390e+02
7.850000e-06	2.440504e-09	9.279636e-10	1.298999e+01	1.126486e+02
7.860000e-06	2.425379e-09	9.167277e-10	1.290949e+01	1.119553e+02
7.870000e-06	2.410220e-09	9.076020e-10	1.282880e+01	1.112591e+02
7.880000e-06	2.395017e-09	9.000754e-10	1.274788e+01	1.105600e+02
7.890000e-06	2.379774e-09	8.939186e-10	1.266674e+01	1.098580e+02
7.900000e-06	2.364506e-09	8.884138e-10	1.258548e+01	1.091532e+02
7.910000e-06	2.349221e-09	8.845186e-10	1.250412e+01	1.084455e+02
7.920000e-06	2.333913e-09	8.798957e-10	1.242264e+01	1.077351e+02
7.930000e-06	2.318581e-09	8.720257e-10	1.234103e+01	1.070218e+02
7.940000e-06	2.303223e-09	8.616186e-10	1.225929e+01	1.063057e+02
7.950000e-06	2.287843e-09	8.507323e-10	1.217743e+01	1.055869e+02
7.960000e-06	2.272434e-09	8.425492e-10	1.209541e+01	1.048654e+02
7.970000e-06	2.256991e-09	8.369585e-10	1.201321e+01	1.041411e+02
7.980000e-06	2.241520e-09	8.318056e-10	1.193087e+01	1.034141e+02
7.990000e-06	2.226024e-09	8.250047e-10	1.184838e+01	1.026844e+02
8.000000e-06	2.210500e-09	8.187646e-10	1.176576e+01	1.019521e+02
8.010000e-06	2.194946e-09	8.157749e-10	1.168297e+01	1.012171e+02
8.020000e-06	2.179338e-09	8.135762e-10	1.159989e+01	1.004795e+02
8.030000e-06	2.163678e-09	8.093714e-10	1.151654e+01	9.973927e+01
8.040000e-06	2.147991e-09	8.019504e-10	1.143304e+01	9.899646e+01
8.050000e-06	2.132258e-09	7.929613e-10	1.134930e+01	9.825107e+01
8.060000e-06	2.116450e-09	7.847957e-10	1.126516e+01	9.750313e+01
8.070000e-06	2.100585e-09	7.777435e-10	1.118072e+01	9.675266e+01
8.080000e-06	2.084684e-09	7.718225e-10	1.109608e+01	9.599968e+01
8.090000e-06	2.068715e-09	7.682722e-10	1.101108e+01	9.524421e+01
8.100000e-06	2.052662e-09	7.669109e-10	1.092564e+01	9.448626e+01
8.110000e-06	2.036549e-09	7.657741e-10	1.083987e+01	9.372586e+01
8.120000e-06	2.020365e-09	7.642779e-10	1.075373e+01	9.296302e+01
8.130000e-06	2.004113e-09	7.597613e-10	1.066723e+01	9.219777e+01
8.140000e-06	1.987809e-09	7.503719e-10	1.058045e+01	9.143012e+01
8.150000e-06	1.971444e-09	7.385020e-10	1.049334e+01	9.066010e+01
8.160000e-06	1.955040e-09	7.286054e-10	1.040603e+01	8.988773e+01
8.170000e-06	1.938592e-09	7.242353e-10	1.031848e+01	8.911302e+01
8.180000e-06	1.922055e-09	7.228386e-10	1.023046e+01	8.833600e+01
8.190000e-06	1.905436e-09	7.222293e-10	1.014200e+01	8.755668e+01
8.200000e-06	1.888768e-09	7.214067e-10	1.005328e+01	8.677509e+01
8.210000e-06	1.872033e-09	7.183996e-10	9.964208e+00	8.599125e+01
8.220000e-06	1.855242e-09	7.133149e-10	9.874838e+00	8.520517e+01
8.230000e-06	1.838423e-09	7.042330e-10	9.785315e+00	8.441688e+01
8.240000e-06	1.821569e-09	6.903644e-10	9.695605e+00	8.362640e+01
8.250000e-06	1.804667e-09	6.770116e-10	9.605642e+00	8.283375e+01
8.260000e-06	1.787722e-09	6.693252e-10	9.515451e+00	8.203894e+01
8.270000e-06	1.770731e-09	6.671071e-10	9.425013e+00	8.124201e+01
8.280000e-06	1.753698e-09	6.674237e-10	9.334353e+00	8.044297e+01
8.290000e-06	1.736638e-09	6.670171e-10	9.243546e+00	7.964184e+01
8.300000e-06	1.719553e-09	6.629622e-10	9.152611e+00	7.883864e+01
8.310000e-06	1.702444e-09	6.552367e-10	9.061547e+00	7.803339e+01
8.320000e-06	1.685294e-09	6.455791e-10	8.970261e+00	7.722612e+01
8.330000e-06	1.668107e-09	6.343786e-10	8.878782e+00	7.641684e+01
8.340000e-06	1.650905e-09	6.239406e-10	8.787218e+00	7.560558e+01
8.350000e-06	1.633685e-09	6.167039e-10	8.695563e+00	7.479235e+01
8.360000e-06	1.616428e-09	6.112356e-10	8.603712e+00	7.397718e+01
8.370000e-06	1.599136e-09	6.057098e-10	8.511669e+00	7.316010e+01
8.380000e-06	1.581823e-09	5.990856e-10	8.419517e+00	7.234111e+01
8.390000e-06	1.564491e-09	5.913769e-10	8.327268e+00	7.152024e+01
8.400000e-06	1.547126e-09	5.820694e-10	8.234841e+00	7.069752e+01
8.410000e-06	1.529728e-09	5.706861e-10	8.142233e+00	6.987297e+01
8.420000e-06	1.512313e-09	5.595253e-10	8.049540e+00	6.904659e+01
8.430000e-06	1.494871e-09	5.517613e-10	7.956705e+00	6.821843e+01
8.440000e-06	1.477405e-09	5.469868e-10	7.863739e+00	6.738850e+01
8.450000e-06	1.459913e-09	5.419274e-10	7.770632e+00	6.655681e+01
8.460000e-06	1.442395e-09	5.341494e-10	7.677390e+00	6.572340e+01
8.470000e-06	1.424841e-09	5.232497e-10	7.583957e+00	6.488828e+01
8.480000e-06	1.407247e-09	5.134455e-10	7.490309e+00	6.405148e+01
8.490000e-06	1.389625e-09	5.068013e-10	7.396511e+00	6.321301e+01
8.500000e-06	1.371975e-09	5.004190e-10	7.302566e+00	6.237291e+01
8.510000e-06	1.354293e-09	4.924903e-10	7.208456e+00	6.153118e+01
8.520000e-06	1.336593e-09	4.845313e-10	7.114244e+00	6.068786e+01
8.530000e-06	1.318874e-09	4.784064e-10	7.019929e+00	5.984297e+01
8.540000e-06	1.301111e-09	4.724958e-10	6.925381e+00	5.899652e+01
8.550000e-06	1.283309e-09	4.649347e-10	6.830632e+00	5.814853e+01
8.560000e-06	1.265465e-09	4.542216e-10	6.735652e+00	5.729904e+01
8.570000e-06	1.247587e-09	4.420614e-10	6.640494e+00	5.644807e+01
8.580000e-06	1.229687e-09	4.333312e-10	6.545219e+00	5.559562e+01
8.590000e-06	1.211748e-09	4.287273e-10	6.449735e+00	5.474174e+01
8.600000e-06	1.193775e-09	4.245110e-10	6.354072e+00	5.388643e+01
8.610000e-06	1.175793e-09	4.176615e-10	6.258356e+00	5.302973e+01
8.620000e-06	1.157775e-09	4.083215e-10	6.162453e+00	5.217165e+01
8.630000e-06	1.139706e-09	3.992050e-10	6.066276e+00	5.131221e+01
8.640000e-06	1.121582e-09	3.923268e-10	5.969809e+00	5.045145e+01
8.650000e-06	1.103406e-09	3.845228e-10	5.873068e+00	4.958937e+01
8.660000e-06	1.085215e-09	3.735015e-10	5.776241e+00	4.872601e+01
8.670000e-06	1.067009e-09	3.616087e-10	5.679339e+00	4.786138e+01
8.680000e-06	1.048748e-09	3.509347e-10	5.582141e+00	4.699552e+01
8.690000e-06	1.030432e-09	3.434531e-10	5.484652e+00	4.612843e+01
8.700000e-06	1.012095e-09	3.383038e-10	5.387047e+00	4.526015e+01
8.710000e-06	9.937370e-10	3.320699e-10	5.289334e+00	4.439069e+01
8.720000e-06	9.753708e-10	3.247605e-10	5.191577e+00	4.352008e+01
8.730000e-06	9.569973e-10	3.190738e-10	5.093781e+00	4.264834e+01
8.740000e-06	9.385745e-10	3.161356e-10	4.995723e+00	4.177550e+01
8.750000e-06	9.200845e-10	3.119298e-10	4.897306e+00	4.090157e+01
8.760000e-06	9.015616e-10	3.028119e-10	4.798715e+00	4.002658e+01
8.770000e-06	8.830116e-10	2.901099e-10	4.699980e+00	3.915056e+01
8.780000e-06	8.644382e-10	2.777640e-10	4.601120e+00	3.827351e+01
8.790000e-06	8.458345e-10	2.704849e-10	4.502099e+00	3.739548e+01
8.800000e-06	8.272114e-10	2.690079e-10	4.402974e+00	3.651648e+01
8.810000e-06	8.085798e-10	2.696999e-10	4.303805e+00	3.563653e+01
8.820000e-06	7.899072e-10	2.677946e-10	4.204417e+00	3.475565e+01
8.830000e-06	7.712164e-10	2.625920e-10	4.104932e+00	3.387388e+01
8.840000e-06	7.525059e-10	2.557558e-10	4.005342e+00	3.299122e+01
8.850000e-06	7.337611e-10	2.460415e-10	3.905570e+00	3.210771e+01
8.860000e-06	7.150037e-10	2.336233e-10	3.805730e+00	3.122337e+01
8.870000e-06	6.962443e-10	2.219106e-10	3.705880e+00	3.033822e+01
8.880000e-06	6.774647e-10	2.142961e-10	3.605923e+00	2.945228e+01
8.890000e-06	6.586621e-10	2.117152e-10	3.505843e+00	2.856558e+01
8.900000e-06	6.398462e-10	2.102504e-10	3.405692e+00	2.767814e+01
8.910000e-06	6.210128e-10	2.052651e-10	3.305449e+00	2.678999e+01
8.920000e-06	6.021705e-10	1.973525e-10	3.205157e+00	2.590114e+01
8.930000e-06	5.833099e-10	1.895538e-10	3.104768e+00	2.501161e+01
8.940000e-06	5.644198e-10	1.819228e-10	3.004223e+00	2.412145e+01
8.950000e-06	5.455142e-10	1.720782e-10	2.903595e+00	2.323065e+01
8.960000e-06	5.266113e-10	1.599408e-10	2.802981e+00	2.233926e+01
8.970000e-06	5.077150e-10	1.484681e-10	2.702402e+00	2.144728e+01
8.980000e-06	4.888101e-10	1.413652e-10	2.601777e+00	2.055475e+01
8.990000e-06	4.698586e-10	1.374951e-10	2.500905e+00	1.966169e+01
9.000000e-06	4.508820e-10	1.335633e-10	2.399899e+00	1.876812e+01
9.010000e-06	4.318944e-10	1.274334e-10	2.298834e+00	1.787407e+01
9.020000e-06	4.128897e-10	1.174735e-10	2.197679e+00	1.697955e+01
9.030000e-06	3.938846e-10	1.063036e-10	2.096521e+00	1.608459e+01
9.040000e-06	3.748924e-10	9.712327e-11	1.995431e+00	1.518922e+01
9.050000e-06	3.559061e-10	8.930483e-11	1.894374e+00	1.429346e+01
9.060000e-06	3.368945e-10	8.000793e-11	1.793182e+00	1.339733e+01
9.070000e-06	3.178719e-10	6.886762e-11	1.691931e+00	1.250085e+01
9.080000e-06	2.988532e-10	5.832127e-11	1.590700e+00	1.160405e+01
9.090000e-06	2.798262e-10	4.900212e-11	1.489426e+00	1.070695e+01
9.100000e-06	2.607706e-10	4.017765e-11	1.388000e+00	9.809569e+00
9.110000e-06	2.416938e-10	3.093056e-11	1.286460e+00	8.911940e+00
9.120000e-06	2.226220e-10	2.220695e-11	1.184947e+00	8.014082e+00
9.130000e-06	2.035688e-10	1.461035e-11	1.083533e+00	7.116018e+00
9.140000e-06	1.845273e-10	6.376541e-12	9.821819e-01	6.217771e+00
9.150000e-06	1.654691e-10	-3.304437e-12	8.807413e-01	5.319366e+00
9.160000e-06	1.464052e-10	-1.544118e-11	7.792705e-01	4.420824e+00
9.170000e-06	1.273617e-10	-2.784615e-11	6.779082e-01	3.522170e+00
9.180000e-06	1.083102e-10	-3.727503e-11	5.765033e-01	2.623427e+00
9.190000e-06	8.924727e-11	-4.459731e-11	4.750379e-01	1.724618e+00
9.200000e-06	7.018731e-11	-5.248943e-11	3.735880e-01	8.257672e-01
9.210000e-06	5.112714e-11	-6.240389e-11	2.721371e-01	-7.310289e-02
9.220000e-06	3.207404e-11	-7.236741e-11	1.707239e-01	-9.719686e-01
9.230000e-06	1.300708e-11	-8.057563e-11	6.923680e-02	-1.870807e+00
9.240000e-06	-6.066541e-12	-8.739889e-11	-3.228568e-02	-2.769593e+00
9.250000e-06	-2.512426e-11	-9.558419e-11	-1.337235e-01	-3.668306e+00
9.260000e-06	-4.417684e-11	-1.070412e-10	-2.351341e-01	-4.566920e+00
9.270000e-06	-6.323156e-11	-1.192862e-10	-3.365561e-01	-5.465414e+00
9.280000e-06	-8.229506e-11	-1.291965e-10	-4.380247e-01	-6.363762e+00
9.290000e-06	-1.013605e-10	-1.364056e-10	-5.395036e-01	-7.261943e+00
9.300000e-06	-1.204232e-10	-1.420730e-10	-6.409680e-01	-8.159933e+00
9.310000e-06	-1.394809e-10	-1.474915e-10	-7.424057e-01	-9.057708e+00
9.320000e-06	-1.585391e-10	-1.539686e-10	-8.438464e-01	-9.955245e+00
9.330000e-06	-1.776103e-10	-1.613342e-10	-9.453561e-01	-1.085252e+01
9.340000e-06	-1.966753e-10	-1.688966e-10	-1.046832e+00	-1.174951e+01
9.350000e-06	-2.157354e-10	-1.773791e-10	-1.148283e+00	-1.264620e+01
9.360000e-06	-2.347871e-10	-1.872310e-10	-1.249689e+00	-1.354255e+01
9.370000e-06	-2.538253e-10	-1.973362e-10	-1.351023e+00	-1.443854e+01
9.380000e-06	-2.728469e-10	-2.059871e-10	-1.452269e+00	-1.533416e+01
9.390000e-06	-2.918471e-10	-2.116053e-10	-1.553400e+00	-1.622938e+01
9.400000e-06	-3.108465e-10	-2.157536e-10	-1.654528e+00	-1.712418e+01
9.410000e-06	-3.298536e-10	-2.205390e-10	-1.755696e+00	-1.801852e+01
9.420000e-06	-3.488645e-10	-2.261038e-10	-1.856885e+00	-1.891240e+01
9.430000e-06	-3.678721e-10	-2.327507e-10	-1.958056e+00	-1.980578e+01
9.440000e-06	-3.868638e-10	-2.402064e-10	-2.059143e+00	-2.069864e+01
9.450000e-06	-4.058364e-10	-2.483168e-10	-2.160127e+00	-2.159097e+01
9.460000e-06	-4.247915e-10	-2.571500e-10	-2.261019e+00	-2.248273e+01
9.470000e-06	-4.437380e-10	-2.659601e-10	-2.361865e+00	-2.337390e+01
9.480000e-06	-4.626694e-10	-2.736573e-10	-2.462630e+00	-2.426446e+01
9.490000e-06	-4.815911e-10	-2.791620e-10	-2.563344e+00	-2.515439e+01
9.500000e-06	-5.005257e-10	-2.822220e-10	-2.664127e+00	-2.604367e+01
9.510000e-06	-5.194649e-10	-2.850745e-10	-2.764934e+00	-2.693226e+01
9.520000e-06	-5.383940e-10	-2.898918e-10	-2.865687e+00	-2.782015e+01
9.530000e-06	-5.572862e-10	-2.973339e-10	-2.966245e+00	-2.870732e+01
9.540000e-06	-5.761422e-10	-3.060704e-10	-3.066609e+00	-2.959373e+01
9.550000e-06	-5.949801e-10	-3.133271e-10	-3.166876e+00	-3.047938e+01
9.560000e-06	-6.138022e-10	-3.181709e-10	-3.267060e+00	-3.136423e+01
9.570000e-06	-6.326194e-10	-3.220013e-10	-3.367218e+00	-3.224826e+01
9.580000e-06	-6.514163e-10	-3.271450e-10	-3.467268e+00	-3.313145e+01
9.590000e-06	-6.701884e-10	-3.333068e-10	-3.567185e+00	-3.401378e+01
9.600000e-06	-6.889362e-10	-3.393985e-10	-3.666973e+00	-3.489522e+01
9.610000e-06	-7.076749e-10	-3.457415e-10	-3.766713e+00	-3.577575e+01
9.620000e-06	-7.264195e-10	-3.530371e-10	-3.866484e+00	-3.665535e+01
9.630000e-06	-7.451438e-10	-3.606483e-10	-3.966147e+00	-3.753399e+01
9.640000e-06	-7.638285e-10	-3.662601e-10	-4.065600e+00	-3.841166e+01
9.650000e-06	-7.824770e-10	-3.707804e-10	-4.164860e+00	-3.928832e+01
9.660000e-06	-8.010874e-10	-3.762544e-10	-4.263917e+00	-4.016396e+01
9.670000e-06	-8.196575e-10	-3.838084e-10	-4.362759e+00	-4.103855e+01
9.680000e-06	-8.382107e-10	-3.929641e-10	-4.461512e+00	-4.191208e+01
9.690000e-06	-8.567557e-10	-4.025493e-10	-4.560220e+00	-4.278451e+01
9.700000e-06	-8.752700e-10	-4.124561e-10	-4.658766e+00	-4.365583e+01
9.710000e-06	-8.937575e-10	-4.200582e-10	-4.757169e+00	-4.452601e+01
9.720000e-06	-9.122184e-10	-4.246262e-10	-4.855430e+00	-4.539503e+01
9.730000e-06	-9.306354e-10	-4.284334e-10	-4.953457e+00	-4.626287e+01
9.740000e-06	-9.490362e-10	-4.344136e-10	-5.051399e+00	-4.712950e+01
9.750000e-06	-9.673960e-10	-4.434113e-10	-5.149122e+00	-4.799490e+01
9.760000e-06	-9.856943e-10	-4.531580e-10	-5.246518e+00	-4.885906e+01
9.770000e-06	-1.003991e-09	-4.626484e-10	-5.343905e+00	-4.972194e+01
9.780000e-06	-1.022274e-09	-4.717480e-10	-5.441222e+00	-5.058353e+01
9.790000e-06	-1.040502e-09	-4.803233e-10	-5.538241e+00	-5.144379e+01
9.800000e-06	-1.058706e-09	-4.863926e-10	-5.635137e+00	-5.230272e+01
9.810000e-06	-1.076874e-09	-4.908088e-10	-5.731836e+00	-5.316029e+01
9.820000e-06	-1.094991e-09	-4.965125e-10	-5.828269e+00	-5.401647e+01
9.830000e-06	-1.113059e-09	-5.028307e-10	-5.924438e+00	-5.487125e+01
9.840000e-06	-1.131089e-09	-5.092995e-10	-6.020406e+00	-5.572460e+01
9.850000e-06	-1.149108e-09	-5.166095e-10	-6.116314e+00	-5.657649e+01
9.860000e-06	-1.167105e-09	-5.262855e-10	-6.212105e+00	-5.742692e+01
9.870000e-06	-1.185065e-09	-5.380322e-10	-6.307700e+00	-5.827585e+01
9.880000e-06	-1.202972e-09	-5.493503e-10	-6.403015e+00	-5.912326e+01
9.890000e-06	-1.220831e-09	-5.578417e-10	-6.498070e+00	-5.996913e+01
9.900000e-06	-1.238661e-09	-5.637143e-10	-6.592974e+00	-6.081344e+01
9.910000e-06	-1.256458e-09	-5.691529e-10	-6.687703e+00	-6.165616e+01
9.920000e-06	-1.274222e-09	-5.741389e-10	-6.782257e+00	-6.249728e+01
9.930000e-06	-1.291981e-09	-5.785652e-10	-6.876777e+00	-6.333677e+01
9.940000e-06	-1.309705e-09	-5.831557e-10	-6.971118e+00	-6.417462e+01
9.950000e-06	-1.327374e-09	-5.896926e-10	-7.065167e+00	-6.501079e+01
9.960000e-06	-1.345007e-09	-5.995077e-10	-7.159022e+00	-6.584527e+01
9.970000e-06	-1.362613e-09	-6.094476e-10	-7.252730e+00	-6.667804e+01
9.980000e-06	-1.380186e-09	-6.159978e-10	-7.346266e+00	-6.750907e+01
9.990000e-06	-1.397730e-09	-6.199328e-10	-7.439649e+00	-6.833834e+01
1.000000e-05	-1.415260e-09	-6.244031e-10	-7.532952e+00	-6.916584e+01
1.001000e-05	-1.432777e-09	-6.312355e-10	-7.626190e+00	-6.999153e+01
1.002000e-05	-1.450277e-09	-6.386153e-10	-7.719334e+00	-7.081541e+01
1.003000e-05	-1.467729e-09	-6.442150e-10	-7.812228e+00	-7.163743e+01
1.004000e-05	-1.485140e-09	-6.483942e-10	-7.904900e+00	-7.245760e+01
1.005000e-05	-1.502539e-09	-6.528823e-10	-7.997511e+00	-7.327588e+01
1.006000e-05	-1.519914e-09	-6.595202e-10	-8.089993e+00	-7.409225e+01
1.007000e-05	-1.537257e-09	-6.677057e-10	-8.182300e+00	-7.490669e+01
1.008000e-05	-1.554584e-09	-6.737464e-10	-8.274527e+00	-7.571918e+01
1.009000e-05	-1.571893e-09	-6.763732e-10	-8.366656e+00	-7.652970e+01
1.010000e-05	-1.589173e-09	-6.789899e-10	-8.458632e+00	-7.733823e+01
1.011000e-05	-1.606428e-09	-6.838853e-10	-8.550477e+00	-7.814474e+01
1.012000e-05	-1.623658e-09	-6.895059e-10	-8.642185e+00	-7.894923e+01
1.013000e-05	-1.640843e-09	-6.938740e-10	-8.733655e+00	-7.975165e+01
1.014000e-05	-1.657988e-09	-6.965843e-10	-8.824915e+00	-8.055201e+01
1.015000e-05	-1.675130e-09	-6.998288e-10	-8.916153e+00	-8.135026e+01
1.016000e-05	-1.692263e-09	-7.061283e-10	-9.007349e+00	-8.214640e+01
1.017000e-05	-1.709351e-09	-7.146998e-10	-9.098303e+00	-8.294040e+01
1.018000e-05	-1.726398e-09	-7.228463e-10	-9.189036e+00	-8.373224e+01
1.019000e-05	-1.743408e-09	-7.286147e-10	-9.279574e+00	-8.452190e+01
1.020000e-05	-1.760369e-09	-7.323407e-10	-9.369852e+00	-8.530936e+01
1.021000e-05	-1.777292e-09	-7.347933e-10	-9.459930e+00	-8.609460e+01
1.022000e-05	-1.794168e-09	-7.368628e-10	-9.549756e+00	-8.687761e+01
1.023000e-05	-1.810995e-09	-7.403562e-10	-9.639316e+00	-8.765835e+01
1.024000e-05	-1.827773e-09	-7.461711e-10	-9.728621e+00	-8.843681e+01
1.025000e-05	-1.844504e-09	-7.533820e-10	-9.817677e+00	-8.921296e+01
1.026000e-05	-1.861189e-09	-7.596398e-10	-9.906484e+00	-8.998680e+01
1.027000e-05	-1.877838e-09	-7.647876e-10	-9.995100e+00	-9.075829e+01
1.028000e-05	-1.894454e-09	-7.706085e-10	-1.008354e+01	-9.152743e+01
1.029000e-05	-1.910990e-09	-7.779576e-10	-1.017156e+01	-9.229418e+01
1.030000e-05	-1.927441e-09	-7.849165e-10	-1.025912e+01	-9.305852e+01
1.031000e-05	-1.943843e-09	-7.899560e-10	-1.034643e+01	-9.382045e+01
1.032000e-05	-1.960189e-09	-7.940658e-10	-1.043343e+01	-9.457994e+01
1.033000e-05	-1.976460e-09	-8.001229e-10	-1.052003e+01	-9.533696e+01
1.034000e-05	-1.992685e-09	-8.097267e-10	-1.060639e+01	-9.609150e+01
1.035000e-05	-2.008852e-09	-8.184205e-10	-1.069244e+01	-9.684355e+01
1.036000e-05	-2.024944e-09	-8.235564e-10	-1.077810e+01	-9.759307e+01
1.037000e-05	-2.040972e-09	-8.274424e-10	-1.086341e+01	-9.834005e+01
1.038000e-05	-2.056928e-09	-8.337469e-10	-1.094834e+01	-9.908448e+01
1.039000e-05	-2.072832e-09	-8.432282e-10	-1.103299e+01	-9.982632e+01
1.040000e-05	-2.088688e-09	-8.516146e-10	-1.111739e+01	-1.005656e+02
1.041000e-05	-2.104496e-09	-8.567389e-10	-1.120152e+01	-1.013022e+02
1.042000e-05	-2.120268e-09	-8.619040e-10	-1.128548e+01	-1.020362e+02
1.043000e-05	-2.135978e-09	-8.710326e-10	-1.136909e+01	-1.027675e+02
1.044000e-05	-2.151630e-09	-8.821043e-10	-1.145241e+01	-1.034962e+02
1.045000e-05	-2.167255e-09	-8.899775e-10	-1.153557e+01	-1.042222e+02
1.046000e-05	-2.182837e-09	-8.929601e-10	-1.161851e+01	-1.049454e+02
1.047000e-05	-2.198377e-09	-8.961147e-10	-1.170122e+01	-1.056660e+02
1.048000e-05	-2.213882e-09	-9.048818e-10	-1.178375e+01	-1.063838e+02
1.049000e-05	-2.229344e-09	-9.177923e-10	-1.186605e+01	-1.070988e+02
1.050000e-05	-2.244779e-09	-9.290548e-10	-1.194821e+01	-1.078110e+02
1.051000e-05	-2.260191e-09	-9.346420e-10	-1.203024e+01	-1.085204e+02
1.052000e-05	-2.275571e-09	-9.375699e-10	-1.211210e+01	-1.092270e+02
1.053000e-05	-2.290926e-09	-9.408813e-10	-1.219383e+01	-1.099308e+02
1.054000e-05	-2.306265e-09	-9.451633e-10	-1.227548e+01	-1.106317e+02
1.055000e-05	-2.321578e-09	-9.505579e-10	-1.235698e+01	-1.113297e+02
1.056000e-05	-2.336856e-09	-9.563340e-10	-1.243830e+01	-1.120248e+02
1.057000e-05	-2.352113e-09	-9.640694e-10	-1.251951e+01	-1.127170e+02
1.058000e-05	-2.367347e-09	-9.743746e-10	-1.260060e+01	-1.134063e+02
1.059000e-05	-2.382555e-09	-9.860038e-10	-1.268154e+01	-1.140926e+02
1.060000e-05	-2.397738e-09	-9.957115e-10	-1.276236e+01	-1.147760e+02
1.061000e-05	-2.412886e-09	-1.000863e-09	-1.284298e+01	-1.154563e+02
1.062000e-05	-2.427996e-09	-1.003662e-09	-1.292341e+01	-1.161337e+02
1.063000e-05	-2.443073e-09	-1.007590e-09	-1.300366e+01	-1.168080e+02
1.064000e-05	-2.458078e-09	-1.013679e-09	-1.308353e+01	-1.174793e+02
1.065000e-05	-2.472998e-09	-1.019213e-09	-1.316294e+01	-1.181476e+02
1.066000e-05	-2.487865e-09	-1.023644e-09	-1.324207e+01	-1.188128e+02
1.067000e-05	-2.502655e-09	-1.029335e-09	-1.332079e+01	-1.194748e+02
1.068000e-05	-2.517383e-09	-1.037192e-09	-1.339918e+01	-1.201338e+02
1.069000e-05	-2.532051e-09	-1.045910e-09	-1.347726e+01	-1.207897e+02
1.070000e-05	-2.546633e-09	-1.053112e-09	-1.355487e+01	-1.214424e+02
1.071000e-05	-2.561089e-09	-1.057626e-09	-1.363182e+01	-1.220919e+02
1.072000e-05	-2.575411e-09	-1.059217e-09	-1.370805e+01	-1.227383e+02
1.073000e-05	-2.589650e-09	-1.060431e-09	-1.378384e+01	-1.233815e+02
1.074000e-05	-2.603780e-09	-1.063294e-09	-1.385905e+01	-1.240214e+02
1.075000e-05	-2.617765e-09	-1.067351e-09	-1.393348e+01	-1.246582e+02
1.076000e-05	-2.631633e-09	-1.073189e-09	-1.400730e+01	-1.252917e+02
1.077000e-05	-2.645404e-09	-1.081056e-09	-1.408060e+01	-1.259219e+02
1.078000e-05	-2.659073e-09	-1.089772e-09	-1.415335e+01	-1.265489e+02
1.079000e-05	-2.672604e-09	-1.096401e-09	-1.422537e+01	-1.271725e+02
1.080000e-05	-2.685983e-09	-1.099301e-09	-1.429659e+01	-1.277929e+02
1.081000e-05	-2.699241e-09	-1.100378e-09	-1.436716e+01	-1.284099e+02
1.082000e-05	-2.712380e-09	-1.101960e-09	-1.443709e+01	-1.290236e+02
1.083000e-05	-2.725392e-09	-1.104912e-09	-1.450635e+01	-1.296340e+02
1.084000e-05	-2.738268e-09	-1.109766e-09	-1.457488e+01	-1.302409e+02
1.085000e-05	-2.751002e-09	-1.116411e-09	-1.464266e+01	-1.308445e+02
1.086000e-05	-2.763627e-09	-1.122483e-09	-1.470986e+01	-1.314447e+02
1.087000e-05	-2.776153e-09	-1.127627e-09	-1.477653e+01	-1.320414e+02
1.088000e-05	-2.788586e-09	-1.133154e-09	-1.484271e+01	-1.326348e+02
1.089000e-05	-2.800928e-09	-1.138912e-09	-1.490840e+01	-1.332246e+02
1.090000e-05	-2.813169e-09	-1.143521e-09	-1.497355e+01	-1.338110e+02
1.091000e-05	-2.825312e-09	-1.144836e-09	-1.503819e+01	-1.343939e+02
1.092000e-05	-2.837360e-09	-1.145512e-09	-1.510232e+01	-1.349734e+02
1.093000e-05	-2.849318e-09	-1.148940e-09	-1.516597e+01	-1.355493e+02
1.094000e-05	-2.861181e-09	-1.154895e-09	-1.522911e+01	-1.361217e+02
1.095000e-05	-2.872969e-09	-1.161909e-09	-1.529185e+01	-1.366905e+02
1.096000e-05	-2.884686e-09	-1.167730e-09	-1.535422e+01	-1.372558e+02
1.097000e-05	-2.896325e-09	-1.172603e-09	-1.541617e+01	-1.378175e+02
1.098000e-05	-2.907901e-09	-1.179029e-09	-1.547778e+01	-1.383757e+02
1.099000e-05	-2.919446e-09	-1.187229e-09	-1.553923e+01	-1.389302e+02
1.100000e-05	-2.930949e-09	-1.194930e-09	-1.560046e+01	-1.394811e+02
1.101000e-05	-2.942373e-09	-1.201738e-09	-1.566127e+01	-1.400284e+02
1.102000e-05	-2.953730e-09	-1.207543e-09	-1.572172e+01	-1.405721e+02
1.103000e-05	-2.965042e-09	-1.212155e-09	-1.578193e+01	-1.411121e+02
1.104000e-05	-2.976296e-09	-1.215734e-09	-1.584182e+01	-1.416484e+02
1.105000e-05	-2.987484e-09	-1.218455e-09	-1.590138e+01	-1.421810e+02
1.106000e-05	-2.998617e-09	-1.223170e-09	-1.596064e+01	-1.427100e+02
1.107000e-05	-3.009696e-09	-1.232632e-09	-1.601960e+01	-1.432352e+02
1.108000e-05	-3.020714e-09	-1.245417e-09	-1.607825e+01	-1.437567e+02
1.109000e-05	-3.031667e-09	-1.256577e-09	-1.613655e+01	-1.442744e+02
1.110000e-05	-3.042528e-09	-1.262134e-09	-1.619436e+01	-1.447885e+02
1.111000e-05	-3.053291e-09	-1.263083e-09	-1.625164e+01	-1.452987e+02
1.112000e-05	-3.063961e-09	-1.264052e-09	-1.630844e+01	-1.458052e+02
1.113000e-05	-3.074541e-09	-1.268289e-09	-1.636475e+01	-1.463078e+02
1.114000e-05	-3.085032e-09	-1.275773e-09	-1.642059e+01	-1.468067e+02
1.115000e-05	-3.095413e-09	-1.283519e-09	-1.647584e+01	-1.473017e+02
1.116000e-05	-3.105712e-09	-1.290162e-09	-1.653066e+01	-1.477929e+02
1.117000e-05	-3.115933e-09	-1.296443e-09	-1.658507e+01	-1.482803e+02
1.118000e-05	-3.126045e-09	-1.301733e-09	-1.663889e+01	-1.487638e+02
1.119000e-05	-3.136039e-09	-1.305927e-09	-1.669209e+01	-1.492435e+02
1.120000e-05	-3.145955e-09	-1.309889e-09	-1.674486e+01	-1.497192e+02
1.121000e-05	-3.155816e-09	-1.314279e-09	-1.679735e+01	-1.501911e+02
1.122000e-05	-3.165581e-09	-1.318924e-09	-1.684933e+01	-1.506590e+02
1.123000e-05	-3.175253e-09	-1.324170e-09	-1.690081e+01	-1.511231e+02
1.124000e-05	-3.184859e-09	-1.329060e-09	-1.695194e+01	-1.515832e+02
1.125000e-05	-3.194403e-09	-1.332070e-09	-1.700274e+01	-1.520394e+02
1.126000e-05	-3.203887e-09	-1.333907e-09	-1.705322e+01	-1.524916e+02
1.127000e-05	-3.213320e-09	-1.336413e-09	-1.710343e+01	-1.529398e+02
1.128000e-05	-3.222702e-09	-1.341444e-09	-1.715336e+01	-1.533841e+02
1.129000e-05	-3.232036e-09	-1.348037e-09	-1.720305e+01	-1.538243e+02
1.130000e-05	-3.241316e-09	-1.352802e-09	-1.725244e+01	-1.542606e+02
1.131000e-05	-3.250531e-09	-1.353674e-09	-1.730149e+01	-1.546929e+02
1.132000e-05	-3.259702e-09	-1.353211e-09	-1.735030e+01	-1.551211e+02
1.133000e-05	-3.268796e-09	-1.354502e-09	-1.739870e+01	-1.555453e+02
1.134000e-05	-3.277812e-09	-1.358266e-09	-1.744669e+01	-1.559655e+02
1.135000e-05	-3.286751e-09	-1.363887e-09	-1.749428e+01	-1.563816e+02
1.136000e-05	-3.295602e-09	-1.370059e-09	-1.754139e+01	-1.567936e+02
1.137000e-05	-3.304383e-09	-1.376974e-09	-1.758812e+01	-1.572015e+02
1.138000e-05	-3.313077e-09	-1.383002e-09	-1.763440e+01	-1.576054e+02
1.139000e-05	-3.321682e-09	-1.385310e-09	-1.768020e+01	-1.580052e+02
1.140000e-05	-3.330180e-09	-1.383583e-09	-1.772543e+01	-1.584008e+02
1.141000e-05	-3.338564e-09	-1.381026e-09	-1.777006e+01	-1.587924e+02
1.142000e-05	-3.346853e-09	-1.381296e-09	-1.781418e+01	-1.591798e+02
1.143000e-05	-3.355031e-09	-1.385156e-09	-1.785771e+01	-1.595630e+02
1.144000e-05	-3.363103e-09	-1.389576e-09	-1.790067e+01	-1.599421e+02
1.145000e-05	-3.371080e-09	-1.391049e-09	-1.794313e+01	-1.603171e+02
1.146000e-05	-3.378978e-09	-1.390874e-09	-1.798517e+01	-1.606879e+02
1.147000e-05	-3.386802e-09	-1.391969e-09	-1.802682e+01	-1.610545e+02
1.148000e-05	-3.394549e-09	-1.394936e-09	-1.806805e+01	-1.614169e+02
1.149000e-05	-3.402218e-09	-1.397410e-09	-1.810887e+01	-1.617751e+02
1.150000e-05	-3.409823e-09	-1.398670e-09	-1.814935e+01	-1.621291e+02
1.151000e-05	-3.417370e-09	-1.400183e-09	-1.818952e+01	-1.624789e+02
1.152000e-05	-3.424861e-09	-1.401979e-09	-1.822939e+01	-1.628244e+02
1.153000e-05	-3.432318e-09	-1.403113e-09	-1.826908e+01	-1.631658e+02
1.154000e-05	-3.439745e-09	-1.402723e-09	-1.830861e+01	-1.635028e+02
1.155000e-05	-3.447126e-09	-1.402043e-09	-1.834790e+01	-1.638357e+02
1.156000e-05	-3.454466e-09	-1.403755e-09	-1.838697e+01	-1.641642e+02
1.157000e-05	-3.461769e-09	-1.409044e-09	-1.842584e+01	-1.644885e+02
1.158000e-05	-3.469023e-09	-1.414624e-09	-1.846445e+01	-1.648086e+02
1.159000e-05	-3.476228e-09	-1.416995e-09	-1.850280e+01	-1.651243e+02
1.160000e-05	-3.483395e-09	-1.417168e-09	-1.854095e+01	-1.654357e+02
1.161000e-05	-3.490527e-09	-1.417802e-09	-1.857891e+01	-1.657429e+02
1.162000e-05	-3.497604e-09	-1.420627e-09	-1.861657e+01	-1.660457e+02
1.163000e-05	-3.504601e-09	-1.424889e-09	-1.865382e+01	-1.663442e+02
1.164000e-05	-3.511511e-09	-1.427656e-09	-1.869060e+01	-1.666384e+02
1.165000e-05	-3.518335e-09	-1.428521e-09	-1.872692e+01	-1.669282e+02
1.166000e-05	-3.525065e-09	-1.430378e-09	-1.876274e+01	-1.672137e+02
1.167000e-05	-3.531697e-09	-1.434615e-09	-1.879804e+01	-1.674949e+02
1.168000e-05	-3.538220e-09	-1.439007e-09	-1.883276e+01	-1.677716e+02
1.169000e-05	-3.544629e-09	-1.440051e-09	-1.886687e+01	-1.680441e+02
1.170000e-05	-3.550905e-09	-1.439112e-09	-1.890028e+01	-1.683121e+02
1.171000e-05	-3.557037e-09	-1.440968e-09	-1.893292e+01	-1.685758e+02
1.172000e-05	-3.563038e-09	-1.447907e-09	-1.896486e+01	-1.688351e+02
1.173000e-05	-3.568897e-09	-1.456858e-09	-1.899605e+01	-1.690900e+02
1.174000e-05	-3.574604e-09	-1.461891e-09	-1.902642e+01	-1.693405e+02
1.175000e-05	-3.580156e-09	-1.461965e-09	-1.905597e+01	-1.695866e+02
1.176000e-05	-3.585561e-09	-1.461318e-09	-1.908474e+01	-1.698283e+02
1.177000e-05	-3.590828e-09	-1.464189e-09	-1.911278e+01	-1.700656e+02
1.178000e-05	-3.595920e-09	-1.469990e-09	-1.913988e+01	-1.702984e+02
1.179000e-05	-3.600851e-09	-1.475510e-09	-1.916612e+01	-1.705269e+02
1.180000e-05	-3.605611e-09	-1.480146e-09	-1.919146e+01	-1.707508e+02
1.181000e-05	-3.610207e-09	-1.484281e-09	-1.921593e+01	-1.709704e+02
1.182000e-05	-3.614684e-09	-1.488496e-09	-1.923975e+01	-1.711855e+02
1.183000e-05	-3.619015e-09	-1.491154e-09	-1.926281e+01	-1.713961e+02
1.184000e-05	-3.623212e-09	-1.490963e-09	-1.928515e+01	-1.716023e+02
1.185000e-05	-3.627297e-09	-1.491043e-09	-1.930689e+01	-1.718040e+02
1.186000e-05	-3.631263e-09	-1.494691e-09	-1.932800e+01	-1.720013e+02
1.187000e-05	-3.635116e-09	-1.501326e-09	-1.934851e+01	-1.721941e+02
1.188000e-05	-3.638873e-09	-1.506467e-09	-1.936851e+01	-1.723824e+02
1.189000e-05	-3.642536e-09	-1.508706e-09	-1.938800e+01	-1.725662e+02
1.190000e-05	-3.646123e-09	-1.510699e-09	-1.940709e+01	-1.727455e+02
1.191000e-05	-3.649667e-09	-1.514371e-09	-1.942596e+01	-1.729203e+02
1.192000e-05	-3.653178e-09	-1.518227e-09	-1.944464e+01	-1.730907e+02
1.193000e-05	-3.656650e-09	-1.519732e-09	-1.946312e+01	-1.732565e+02
1.194000e-05	-3.660079e-09	-1.519118e-09	-1.948138e+01	-1.734178e+02
1.195000e-05	-3.663462e-09	-1.518795e-09	-1.949939e+01	-1.735747e+02
1.196000e-05	-3.666802e-09	-1.521298e-09	-1.951716e+01	-1.737270e+02
1.197000e-05	-3.670104e-09	-1.523630e-09	-1.953474e+01	-1.738747e+02
1.198000e-05	-3.673366e-09	-1.522273e-09	-1.955210e+01	-1.740180e+02
1.199000e-05	-3.676581e-09	-1.521098e-09	-1.956921e+01	-1.741567e+02
1.200000e-05	-3.679747e-09	-1.523568e-09	-1.958606e+01	-1.742909e+02
1.201000e-05	-3.682857e-09	-1.528025e-09	-1.960261e+01	-1.744206e+02
1.202000e-05	-3.685892e-09	-1.530301e-09	-1.961877e+01	-1.745458e+02
1.203000e-05	-3.688838e-09	-1.529701e-09	-1.963445e+01	-1.746663e+02
1.204000e-05	-3.691717e-09	-1.529962e-09	-1.964978e+01	-1.747824e+02
1.205000e-05	-3.694521e-09	-1.533648e-09	-1.966470e+01	-1.748939e+02
1.206000e-05	-3.697218e-09	-1.537823e-09	-1.967906e+01	-1.750009e+02
1.207000e-05	-3.699794e-09	-1.537164e-09	-1.969276e+01	-1.751033e+02
1.208000e-05	-3.702255e-09	-1.532405e-09	-1.970587e+01	-1.752011e+02
1.209000e-05	-3.704619e-09	-1.528951e-09	-1.971845e+01	-1.752944e+02
1.210000e-05	-3.706867e-09	-1.530513e-09	-1.973042e+01	-1.753831e+02
1.211000e-05	-3.709005e-09	-1.535549e-09	-1.974179e+01	-1.754673e+02
1.212000e-05	-3.711052e-09	-1.539212e-09	-1.975269e+01	-1.755469e+02
1.213000e-05	-3.712991e-09	-1.539565e-09	-1.976301e+01	-1.756220e+02
1.214000e-05	-3.714823e-09	-1.540175e-09	-1.977276e+01	-1.756924e+02
1.215000e-05	-3.716581e-09	-1.542979e-09	-1.978212e+01	-1.757583e+02
1.216000e-05	-3.718271e-09	-1.544042e-09	-1.979111e+01	-1.758197e+02
1.217000e-05	-3.719889e-09	-1.539375e-09	-1.979973e+01	-1.758764e+02
1.218000e-05	-3.721418e-09	-1.530293e-09	-1.980787e+01	-1.759286e+02
1.219000e-05	-3.722877e-09	-1.525528e-09	-1.981563e+01	-1.759762e+02
1.220000e-05	-3.724272e-09	-1.536295e-09	-1.982306e+01	-1.760193e+02
1.221000e-05	-3.725610e-09	-1.569137e-09	-1.983018e+01	-1.760577e+02
1.222000e-05	-3.726900e-09	-1.608993e-09	-1.983704e+01	-1.760916e+02
1.223000e-05	-3.728105e-09	-1.604413e-09	-1.984346e+01	-1.761209e+02
1.224000e-05	-3.729182e-09	-1.542748e-09	-1.984919e+01	-1.761456e+02
1.225000e-05	-3.730077e-09	-1.468314e-09	-1.985395e+01	-1.761657e+02
1.226000e-05	-3.730848e-09	-1.402993e-09	-1.985805e+01	-1.761813e+02
1.227000e-05	-3.731572e-09	-1.415260e-09	-1.986191e+01	-1.761923e+02
1.228000e-05	-3.732242e-09	-1.501779e-09	-1.986548e+01	-1.761986e+02
1.229000e-05	-3.732857e-09	-1.537978e-09	-1.986875e+01	-1.762004e+02
1.230000e-05	-3.733410e-09	-1.627376e-09	-1.987169e+01	-1.761977e+02
1.231000e-05	-3.733903e-09	-1.782404e-09	-1.987432e+01	-1.761903e+02
1.232000e-05	-3.734302e-09	-1.745099e-09	-1.987644e+01	-1.761783e+02
