# Temperatura_=_20.0
# Concentracion g/m^3_=_10000.0
# C_Vs_to_Am_M_A/Vsm_=_116720831517.84952
# pendiente_HvsI_1/m_=_3716.3
# ordenada_HvsI_A/m_=_1297.0
# frecuencia_Hz_=_135026.73505591232
# Promedio de 22 ciclos

Tiempo_(s)	Campo_(V.s)	Magnetizacion_(V.s)	Campo_(kA/m)	Magnetizacion_(A/m)
0.000000e+00	-3.799624e-09	-1.616571e-09	-1.985285e+01	-1.909867e+02
1.000000e-08	-3.799605e-09	-1.617097e-09	-1.985276e+01	-1.909809e+02
2.000000e-08	-3.799407e-09	-1.608429e-09	-1.985172e+01	-1.909613e+02
3.000000e-08	-3.799006e-09	-1.595329e-09	-1.984962e+01	-1.909280e+02
4.000000e-08	-3.798349e-09	-1.597269e-09	-1.984619e+01	-1.908809e+02
5.000000e-08	-3.797382e-09	-1.624065e-09	-1.984114e+01	-1.908200e+02
6.000000e-08	-3.796104e-09	-1.648383e-09	-1.983446e+01	-1.907455e+02
7.000000e-08	-3.794545e-09	-1.639386e-09	-1.982632e+01	-1.906571e+02
8.000000e-08	-3.792748e-09	-1.606030e-09	-1.981693e+01	-1.905551e+02
9.000000e-08	-3.790738e-09	-1.602261e-09	-1.980642e+01	-1.904393e+02
1.000000e-07	-3.788449e-09	-1.608524e-09	-1.979447e+01	-1.903098e+02
1.100000e-07	-3.785823e-09	-1.581272e-09	-1.978074e+01	-1.901666e+02
1.200000e-07	-3.782816e-09	-1.581080e-09	-1.976503e+01	-1.900096e+02
1.300000e-07	-3.779412e-09	-1.630217e-09	-1.974725e+01	-1.898390e+02
1.400000e-07	-3.775639e-09	-1.667254e-09	-1.972753e+01	-1.896547e+02
1.500000e-07	-3.771540e-09	-1.648876e-09	-1.970612e+01	-1.894568e+02
1.600000e-07	-3.767198e-09	-1.610412e-09	-1.968343e+01	-1.892452e+02
1.700000e-07	-3.762686e-09	-1.561572e-09	-1.965985e+01	-1.890200e+02
1.800000e-07	-3.758025e-09	-1.568296e-09	-1.963550e+01	-1.887812e+02
1.900000e-07	-3.753141e-09	-1.586136e-09	-1.960998e+01	-1.885287e+02
2.000000e-07	-3.747971e-09	-1.586842e-09	-1.958297e+01	-1.882627e+02
2.100000e-07	-3.742520e-09	-1.588291e-09	-1.955449e+01	-1.879831e+02
2.200000e-07	-3.736803e-09	-1.613903e-09	-1.952461e+01	-1.876900e+02
2.300000e-07	-3.730835e-09	-1.627389e-09	-1.949344e+01	-1.873833e+02
2.400000e-07	-3.724637e-09	-1.579706e-09	-1.946105e+01	-1.870632e+02
2.500000e-07	-3.718200e-09	-1.523205e-09	-1.942742e+01	-1.867296e+02
2.600000e-07	-3.711493e-09	-1.526214e-09	-1.939237e+01	-1.863825e+02
2.700000e-07	-3.704496e-09	-1.585125e-09	-1.935581e+01	-1.860220e+02
2.800000e-07	-3.697195e-09	-1.598527e-09	-1.931767e+01	-1.856481e+02
2.900000e-07	-3.689609e-09	-1.571308e-09	-1.927803e+01	-1.852608e+02
3.000000e-07	-3.681774e-09	-1.552764e-09	-1.923709e+01	-1.848602e+02
3.100000e-07	-3.673737e-09	-1.561811e-09	-1.919510e+01	-1.844463e+02
3.200000e-07	-3.665524e-09	-1.544198e-09	-1.915219e+01	-1.840191e+02
3.300000e-07	-3.657156e-09	-1.518572e-09	-1.910846e+01	-1.835786e+02
3.400000e-07	-3.648627e-09	-1.520738e-09	-1.906390e+01	-1.831249e+02
3.500000e-07	-3.639871e-09	-1.554769e-09	-1.901815e+01	-1.826580e+02
3.600000e-07	-3.630827e-09	-1.564728e-09	-1.897090e+01	-1.821779e+02
3.700000e-07	-3.621449e-09	-1.539942e-09	-1.892190e+01	-1.816847e+02
3.800000e-07	-3.611702e-09	-1.515046e-09	-1.887097e+01	-1.811785e+02
3.900000e-07	-3.601545e-09	-1.509019e-09	-1.881790e+01	-1.806591e+02
4.000000e-07	-3.590948e-09	-1.504946e-09	-1.876253e+01	-1.801268e+02
4.100000e-07	-3.579899e-09	-1.500633e-09	-1.870480e+01	-1.795815e+02
4.200000e-07	-3.568466e-09	-1.507274e-09	-1.864506e+01	-1.790233e+02
4.300000e-07	-3.556741e-09	-1.512211e-09	-1.858380e+01	-1.784521e+02
4.400000e-07	-3.544750e-09	-1.504566e-09	-1.852115e+01	-1.778681e+02
4.500000e-07	-3.532518e-09	-1.492551e-09	-1.845724e+01	-1.772713e+02
4.600000e-07	-3.520063e-09	-1.483003e-09	-1.839216e+01	-1.766617e+02
4.700000e-07	-3.507388e-09	-1.471690e-09	-1.832593e+01	-1.760394e+02
4.800000e-07	-3.494452e-09	-1.466689e-09	-1.825834e+01	-1.754044e+02
4.900000e-07	-3.481232e-09	-1.476330e-09	-1.818927e+01	-1.747568e+02
5.000000e-07	-3.467742e-09	-1.484510e-09	-1.811878e+01	-1.740965e+02
5.100000e-07	-3.453985e-09	-1.470655e-09	-1.804691e+01	-1.734238e+02
5.200000e-07	-3.439964e-09	-1.451700e-09	-1.797365e+01	-1.727385e+02
5.300000e-07	-3.425695e-09	-1.447230e-09	-1.789909e+01	-1.720408e+02
5.400000e-07	-3.411183e-09	-1.445976e-09	-1.782327e+01	-1.713307e+02
5.500000e-07	-3.396386e-09	-1.434207e-09	-1.774595e+01	-1.706083e+02
5.600000e-07	-3.381285e-09	-1.428777e-09	-1.766705e+01	-1.698736e+02
5.700000e-07	-3.365832e-09	-1.435298e-09	-1.758631e+01	-1.691266e+02
5.800000e-07	-3.349977e-09	-1.436426e-09	-1.750347e+01	-1.683674e+02
5.900000e-07	-3.333774e-09	-1.422920e-09	-1.741881e+01	-1.675962e+02
6.000000e-07	-3.317225e-09	-1.408858e-09	-1.733234e+01	-1.668128e+02
6.100000e-07	-3.300346e-09	-1.399317e-09	-1.724415e+01	-1.660174e+02
6.200000e-07	-3.283182e-09	-1.393134e-09	-1.715447e+01	-1.652101e+02
6.300000e-07	-3.265787e-09	-1.391634e-09	-1.706358e+01	-1.643908e+02
6.400000e-07	-3.248210e-09	-1.393654e-09	-1.697174e+01	-1.635598e+02
6.500000e-07	-3.230460e-09	-1.389130e-09	-1.687900e+01	-1.627169e+02
6.600000e-07	-3.212551e-09	-1.380797e-09	-1.678542e+01	-1.618623e+02
6.700000e-07	-3.194479e-09	-1.374554e-09	-1.669100e+01	-1.609961e+02
6.800000e-07	-3.176251e-09	-1.368170e-09	-1.659576e+01	-1.601182e+02
6.900000e-07	-3.157850e-09	-1.356584e-09	-1.649961e+01	-1.592288e+02
7.000000e-07	-3.139251e-09	-1.346655e-09	-1.640243e+01	-1.583280e+02
7.100000e-07	-3.120417e-09	-1.340507e-09	-1.630403e+01	-1.574157e+02
7.200000e-07	-3.101312e-09	-1.334933e-09	-1.620421e+01	-1.564921e+02
7.300000e-07	-3.081933e-09	-1.327021e-09	-1.610295e+01	-1.555572e+02
7.400000e-07	-3.062301e-09	-1.317760e-09	-1.600037e+01	-1.546111e+02
7.500000e-07	-3.042437e-09	-1.305611e-09	-1.589659e+01	-1.536539e+02
7.600000e-07	-3.022384e-09	-1.294545e-09	-1.579181e+01	-1.526856e+02
7.700000e-07	-3.002191e-09	-1.290345e-09	-1.568630e+01	-1.517063e+02
7.800000e-07	-2.981893e-09	-1.289799e-09	-1.558025e+01	-1.507161e+02
7.900000e-07	-2.961508e-09	-1.283969e-09	-1.547373e+01	-1.497150e+02
8.000000e-07	-2.941034e-09	-1.273301e-09	-1.536676e+01	-1.487031e+02
8.100000e-07	-2.920456e-09	-1.262157e-09	-1.525924e+01	-1.476805e+02
8.200000e-07	-2.899739e-09	-1.250456e-09	-1.515100e+01	-1.466473e+02
8.300000e-07	-2.878822e-09	-1.239762e-09	-1.504170e+01	-1.456035e+02
8.400000e-07	-2.857680e-09	-1.231929e-09	-1.493124e+01	-1.445492e+02
8.500000e-07	-2.836311e-09	-1.226440e-09	-1.481959e+01	-1.434845e+02
8.600000e-07	-2.814717e-09	-1.221671e-09	-1.470676e+01	-1.424095e+02
8.700000e-07	-2.792896e-09	-1.217770e-09	-1.459275e+01	-1.413242e+02
8.800000e-07	-2.770871e-09	-1.210288e-09	-1.447767e+01	-1.402287e+02
8.900000e-07	-2.748666e-09	-1.196645e-09	-1.436165e+01	-1.391231e+02
9.000000e-07	-2.726289e-09	-1.180328e-09	-1.424473e+01	-1.380075e+02
9.100000e-07	-2.703752e-09	-1.167752e-09	-1.412697e+01	-1.368819e+02
9.200000e-07	-2.681040e-09	-1.158808e-09	-1.400830e+01	-1.357465e+02
9.300000e-07	-2.658133e-09	-1.152811e-09	-1.388861e+01	-1.346013e+02
9.400000e-07	-2.635038e-09	-1.146687e-09	-1.376794e+01	-1.334464e+02
9.500000e-07	-2.611748e-09	-1.136311e-09	-1.364625e+01	-1.322819e+02
9.600000e-07	-2.588238e-09	-1.122084e-09	-1.352342e+01	-1.311078e+02
9.700000e-07	-2.564523e-09	-1.108351e-09	-1.339951e+01	-1.299244e+02
9.800000e-07	-2.540635e-09	-1.097399e-09	-1.327469e+01	-1.287315e+02
9.900000e-07	-2.516590e-09	-1.088395e-09	-1.314906e+01	-1.275294e+02
1.000000e-06	-2.492423e-09	-1.078505e-09	-1.302279e+01	-1.263180e+02
1.010000e-06	-2.468153e-09	-1.069802e-09	-1.289598e+01	-1.250976e+02
1.020000e-06	-2.443780e-09	-1.060782e-09	-1.276863e+01	-1.238682e+02
1.030000e-06	-2.419314e-09	-1.050558e-09	-1.264080e+01	-1.226298e+02
1.040000e-06	-2.394725e-09	-1.036891e-09	-1.251232e+01	-1.213826e+02
1.050000e-06	-2.369977e-09	-1.020372e-09	-1.238302e+01	-1.201266e+02
1.060000e-06	-2.345079e-09	-1.005757e-09	-1.225292e+01	-1.188620e+02
1.070000e-06	-2.320049e-09	-9.968707e-10	-1.212214e+01	-1.175889e+02
1.080000e-06	-2.294835e-09	-9.928161e-10	-1.199040e+01	-1.163072e+02
1.090000e-06	-2.269386e-09	-9.891526e-10	-1.185743e+01	-1.150172e+02
1.100000e-06	-2.243686e-09	-9.815066e-10	-1.172315e+01	-1.137189e+02
1.110000e-06	-2.217708e-09	-9.683379e-10	-1.158742e+01	-1.124123e+02
1.120000e-06	-2.191426e-09	-9.526400e-10	-1.145009e+01	-1.110977e+02
1.130000e-06	-2.164854e-09	-9.382708e-10	-1.131125e+01	-1.097751e+02
1.140000e-06	-2.137993e-09	-9.258826e-10	-1.117091e+01	-1.084446e+02
1.150000e-06	-2.110871e-09	-9.146812e-10	-1.102919e+01	-1.071062e+02
1.160000e-06	-2.083522e-09	-9.057758e-10	-1.088630e+01	-1.057601e+02
1.170000e-06	-2.055952e-09	-8.983198e-10	-1.074225e+01	-1.044065e+02
1.180000e-06	-2.028189e-09	-8.902309e-10	-1.059719e+01	-1.030452e+02
1.190000e-06	-2.000262e-09	-8.779671e-10	-1.045127e+01	-1.016766e+02
1.200000e-06	-1.972210e-09	-8.620539e-10	-1.030470e+01	-1.003006e+02
1.210000e-06	-1.944060e-09	-8.454034e-10	-1.015762e+01	-9.891741e+01
1.220000e-06	-1.915839e-09	-8.310599e-10	-1.001017e+01	-9.752708e+01
1.230000e-06	-1.887554e-09	-8.205646e-10	-9.862376e+00	-9.612971e+01
1.240000e-06	-1.859212e-09	-8.126572e-10	-9.714292e+00	-9.472542e+01
1.250000e-06	-1.830833e-09	-8.055998e-10	-9.566010e+00	-9.331430e+01
1.260000e-06	-1.802396e-09	-7.980389e-10	-9.417431e+00	-9.189645e+01
1.270000e-06	-1.773885e-09	-7.880794e-10	-9.268460e+00	-9.047198e+01
1.280000e-06	-1.745296e-09	-7.756193e-10	-9.119084e+00	-8.904098e+01
1.290000e-06	-1.716628e-09	-7.597894e-10	-8.969296e+00	-8.760357e+01
1.300000e-06	-1.687883e-09	-7.437006e-10	-8.819103e+00	-8.615984e+01
1.310000e-06	-1.659021e-09	-7.306197e-10	-8.668300e+00	-8.470990e+01
1.320000e-06	-1.629998e-09	-7.198297e-10	-8.516658e+00	-8.325385e+01
1.330000e-06	-1.600829e-09	-7.096027e-10	-8.364253e+00	-8.179180e+01
1.340000e-06	-1.571521e-09	-6.991910e-10	-8.211120e+00	-8.032385e+01
1.350000e-06	-1.542063e-09	-6.879839e-10	-8.057201e+00	-7.885011e+01
1.360000e-06	-1.512485e-09	-6.759826e-10	-7.902656e+00	-7.737069e+01
1.370000e-06	-1.482798e-09	-6.623410e-10	-7.747543e+00	-7.588569e+01
1.380000e-06	-1.453001e-09	-6.455834e-10	-7.591859e+00	-7.439521e+01
1.390000e-06	-1.423100e-09	-6.278509e-10	-7.435628e+00	-7.289937e+01
1.400000e-06	-1.393102e-09	-6.122357e-10	-7.278886e+00	-7.139827e+01
1.410000e-06	-1.363007e-09	-5.999620e-10	-7.121641e+00	-6.989203e+01
1.420000e-06	-1.332819e-09	-5.908807e-10	-6.963913e+00	-6.838074e+01
1.430000e-06	-1.302553e-09	-5.825499e-10	-6.805775e+00	-6.686453e+01
1.440000e-06	-1.272218e-09	-5.733750e-10	-6.647277e+00	-6.534348e+01
1.450000e-06	-1.241827e-09	-5.619824e-10	-6.488485e+00	-6.381773e+01
1.460000e-06	-1.211390e-09	-5.474085e-10	-6.329453e+00	-6.228738e+01
1.470000e-06	-1.180911e-09	-5.296234e-10	-6.170201e+00	-6.075253e+01
1.480000e-06	-1.150381e-09	-5.103429e-10	-6.010683e+00	-5.921329e+01
1.490000e-06	-1.119787e-09	-4.943959e-10	-5.850829e+00	-5.766979e+01
1.500000e-06	-1.089117e-09	-4.838603e-10	-5.690580e+00	-5.612213e+01
1.510000e-06	-1.058377e-09	-4.774690e-10	-5.529965e+00	-5.457041e+01
1.520000e-06	-1.027577e-09	-4.693064e-10	-5.369035e+00	-5.301476e+01
1.530000e-06	-9.967107e-10	-4.560879e-10	-5.207762e+00	-5.145529e+01
1.540000e-06	-9.657779e-10	-4.394861e-10	-5.046140e+00	-4.989210e+01
1.550000e-06	-9.347798e-10	-4.227411e-10	-4.884176e+00	-4.832531e+01
1.560000e-06	-9.037024e-10	-4.082663e-10	-4.721798e+00	-4.675503e+01
1.570000e-06	-8.725619e-10	-3.957336e-10	-4.559091e+00	-4.518138e+01
1.580000e-06	-8.413684e-10	-3.841058e-10	-4.396106e+00	-4.360447e+01
1.590000e-06	-8.100766e-10	-3.727560e-10	-4.232608e+00	-4.202440e+01
1.600000e-06	-7.787079e-10	-3.615292e-10	-4.068708e+00	-4.044131e+01
1.610000e-06	-7.472896e-10	-3.497374e-10	-3.904549e+00	-3.885529e+01
1.620000e-06	-7.158106e-10	-3.352997e-10	-3.740072e+00	-3.726647e+01
1.630000e-06	-6.842723e-10	-3.179478e-10	-3.575286e+00	-3.567496e+01
1.640000e-06	-6.526599e-10	-3.018623e-10	-3.410113e+00	-3.408087e+01
1.650000e-06	-6.209967e-10	-2.883617e-10	-3.244674e+00	-3.248431e+01
1.660000e-06	-5.893069e-10	-2.757854e-10	-3.079097e+00	-3.088541e+01
1.670000e-06	-5.575737e-10	-2.629498e-10	-2.913292e+00	-2.928428e+01
1.680000e-06	-5.257832e-10	-2.495531e-10	-2.747188e+00	-2.768103e+01
1.690000e-06	-4.939509e-10	-2.367721e-10	-2.580866e+00	-2.607578e+01
1.700000e-06	-4.621003e-10	-2.255214e-10	-2.414448e+00	-2.446864e+01
1.710000e-06	-4.302135e-10	-2.150757e-10	-2.247841e+00	-2.285973e+01
1.720000e-06	-3.982758e-10	-2.035930e-10	-2.080968e+00	-2.124917e+01
1.730000e-06	-3.663003e-10	-1.909858e-10	-1.913898e+00	-1.963707e+01
1.740000e-06	-3.342947e-10	-1.768050e-10	-1.746670e+00	-1.802354e+01
1.750000e-06	-3.022672e-10	-1.626726e-10	-1.579328e+00	-1.640871e+01
1.760000e-06	-2.702229e-10	-1.495842e-10	-1.411898e+00	-1.479269e+01
1.770000e-06	-2.381639e-10	-1.366345e-10	-1.244391e+00	-1.317560e+01
1.780000e-06	-2.060930e-10	-1.242556e-10	-1.076822e+00	-1.155755e+01
1.790000e-06	-1.740125e-10	-1.120341e-10	-9.092031e-01	-9.938657e+00
1.800000e-06	-1.419157e-10	-9.944082e-11	-7.414984e-01	-8.319041e+00
1.810000e-06	-1.098110e-10	-8.551042e-11	-5.737531e-01	-6.698816e+00
1.820000e-06	-7.770536e-11	-6.934358e-11	-4.060025e-01	-5.078101e+00
1.830000e-06	-4.559334e-11	-5.231454e-11	-2.382188e-01	-3.457012e+00
1.840000e-06	-1.348048e-11	-3.757720e-11	-7.043056e-02	-1.835664e+00
1.850000e-06	1.863022e-11	-2.654408e-11	9.734641e-02	-2.141759e-01
1.860000e-06	5.073528e-11	-1.698835e-11	2.650939e-01	1.407337e+00
1.870000e-06	8.283860e-11	-5.238387e-12	4.328322e-01	3.028757e+00
1.880000e-06	1.149365e-10	9.938979e-12	6.005419e-01	4.649967e+00
1.890000e-06	1.470276e-10	2.579749e-11	7.682166e-01	6.270852e+00
1.900000e-06	1.791201e-10	3.999217e-11	9.358984e-01	7.891295e+00
1.910000e-06	2.112125e-10	5.229186e-11	1.103580e+00	9.511178e+00
1.920000e-06	2.432792e-10	6.486268e-11	1.271127e+00	1.113038e+01
1.930000e-06	2.753175e-10	7.932548e-11	1.438525e+00	1.274880e+01
1.940000e-06	3.073411e-10	9.364344e-11	1.605847e+00	1.436630e+01
1.950000e-06	3.393379e-10	1.061219e-10	1.773029e+00	1.598279e+01
1.960000e-06	3.713150e-10	1.184244e-10	1.940108e+00	1.759812e+01
1.970000e-06	4.032843e-10	1.328259e-10	2.107146e+00	1.921220e+01
1.980000e-06	4.352337e-10	1.494101e-10	2.274080e+00	2.082491e+01
1.990000e-06	4.671508e-10	1.653703e-10	2.440845e+00	2.243613e+01
2.000000e-06	4.990362e-10	1.770473e-10	2.607444e+00	2.404573e+01
2.010000e-06	5.308881e-10	1.865333e-10	2.773869e+00	2.565362e+01
2.020000e-06	5.626908e-10	1.990376e-10	2.940037e+00	2.725967e+01
2.030000e-06	5.944340e-10	2.158932e-10	3.105893e+00	2.886377e+01
2.040000e-06	6.261054e-10	2.333914e-10	3.271375e+00	3.046579e+01
2.050000e-06	6.577079e-10	2.476618e-10	3.436496e+00	3.206563e+01
2.060000e-06	6.892530e-10	2.601680e-10	3.601318e+00	3.366318e+01
2.070000e-06	7.207286e-10	2.739480e-10	3.765777e+00	3.525830e+01
2.080000e-06	7.521397e-10	2.895012e-10	3.929898e+00	3.685090e+01
2.090000e-06	7.834907e-10	3.044195e-10	4.093705e+00	3.844086e+01
2.100000e-06	8.147805e-10	3.166382e-10	4.257193e+00	4.002805e+01
2.110000e-06	8.460043e-10	3.276176e-10	4.420336e+00	4.161237e+01
2.120000e-06	8.771535e-10	3.401922e-10	4.583089e+00	4.319371e+01
2.130000e-06	9.082120e-10	3.556903e-10	4.745368e+00	4.477194e+01
2.140000e-06	9.391874e-10	3.709218e-10	4.907213e+00	4.634696e+01
2.150000e-06	9.700986e-10	3.828769e-10	5.068722e+00	4.791866e+01
2.160000e-06	1.000942e-09	3.945764e-10	5.229875e+00	4.948691e+01
2.170000e-06	1.031710e-09	4.091447e-10	5.390639e+00	5.105161e+01
2.180000e-06	1.062406e-09	4.263091e-10	5.551023e+00	5.261264e+01
2.190000e-06	1.093053e-09	4.420660e-10	5.711153e+00	5.416989e+01
2.200000e-06	1.123644e-09	4.539866e-10	5.870989e+00	5.572325e+01
2.210000e-06	1.154167e-09	4.654802e-10	6.030472e+00	5.727261e+01
2.220000e-06	1.184631e-09	4.799796e-10	6.189643e+00	5.881786e+01
2.230000e-06	1.215042e-09	4.967190e-10	6.348538e+00	6.035888e+01
2.240000e-06	1.245402e-09	5.113074e-10	6.507169e+00	6.189556e+01
2.250000e-06	1.275702e-09	5.227712e-10	6.665486e+00	6.342779e+01
2.260000e-06	1.305949e-09	5.339015e-10	6.823523e+00	6.495547e+01
2.270000e-06	1.336146e-09	5.480215e-10	6.981303e+00	6.647848e+01
2.280000e-06	1.366280e-09	5.644600e-10	7.138751e+00	6.799672e+01
2.290000e-06	1.396314e-09	5.789107e-10	7.295677e+00	6.951006e+01
2.300000e-06	1.426243e-09	5.896501e-10	7.452056e+00	7.101842e+01
2.310000e-06	1.456082e-09	6.001576e-10	7.607965e+00	7.252166e+01
2.320000e-06	1.485791e-09	6.139811e-10	7.763191e+00	7.401970e+01
2.330000e-06	1.515359e-09	6.283271e-10	7.917682e+00	7.551242e+01
2.340000e-06	1.544801e-09	6.397755e-10	8.071517e+00	7.699971e+01
2.350000e-06	1.574096e-09	6.510571e-10	8.224578e+00	7.848146e+01
2.360000e-06	1.603266e-09	6.656205e-10	8.376989e+00	7.995757e+01
2.370000e-06	1.632318e-09	6.822841e-10	8.528788e+00	8.142794e+01
2.380000e-06	1.661220e-09	6.973906e-10	8.679800e+00	8.289245e+01
2.390000e-06	1.690005e-09	7.086279e-10	8.830200e+00	8.435100e+01
2.400000e-06	1.718699e-09	7.174434e-10	8.980121e+00	8.580349e+01
2.410000e-06	1.747301e-09	7.266157e-10	9.129569e+00	8.724982e+01
2.420000e-06	1.775826e-09	7.387831e-10	9.278611e+00	8.868987e+01
2.430000e-06	1.804283e-09	7.539969e-10	9.427296e+00	9.012354e+01
2.440000e-06	1.832701e-09	7.702390e-10	9.575777e+00	9.155073e+01
2.450000e-06	1.861083e-09	7.860633e-10	9.724075e+00	9.297134e+01
2.460000e-06	1.889409e-09	8.011645e-10	9.872076e+00	9.438527e+01
2.470000e-06	1.917673e-09	8.150427e-10	1.001975e+01	9.579241e+01
2.480000e-06	1.945883e-09	8.255943e-10	1.016715e+01	9.719267e+01
2.490000e-06	1.974006e-09	8.323567e-10	1.031409e+01	9.858593e+01
2.500000e-06	2.002024e-09	8.387305e-10	1.046049e+01	9.997211e+01
2.510000e-06	2.029932e-09	8.495363e-10	1.060630e+01	1.013511e+02
2.520000e-06	2.057681e-09	8.670741e-10	1.075129e+01	1.027228e+02
2.530000e-06	2.085225e-09	8.862635e-10	1.089520e+01	1.040871e+02
2.540000e-06	2.112515e-09	9.009529e-10	1.103780e+01	1.054439e+02
2.550000e-06	2.139527e-09	9.103122e-10	1.117893e+01	1.067932e+02
2.560000e-06	2.166262e-09	9.175539e-10	1.131862e+01	1.081348e+02
2.570000e-06	2.192708e-09	9.258874e-10	1.145680e+01	1.094686e+02
2.580000e-06	2.218853e-09	9.339897e-10	1.159340e+01	1.107945e+02
2.590000e-06	2.244713e-09	9.424587e-10	1.172852e+01	1.121124e+02
2.600000e-06	2.270319e-09	9.546243e-10	1.186231e+01	1.134223e+02
2.610000e-06	2.295667e-09	9.712629e-10	1.199475e+01	1.147241e+02
2.620000e-06	2.320786e-09	9.895750e-10	1.212600e+01	1.160175e+02
2.630000e-06	2.345720e-09	1.003113e-09	1.225628e+01	1.173027e+02
2.640000e-06	2.370488e-09	1.010386e-09	1.238569e+01	1.185794e+02
2.650000e-06	2.395119e-09	1.016404e-09	1.251438e+01	1.198476e+02
2.660000e-06	2.419636e-09	1.025572e-09	1.264249e+01	1.211071e+02
2.670000e-06	2.444058e-09	1.039215e-09	1.277009e+01	1.223580e+02
2.680000e-06	2.468376e-09	1.054929e-09	1.289715e+01	1.236000e+02
2.690000e-06	2.492578e-09	1.068301e-09	1.302360e+01	1.248332e+02
2.700000e-06	2.516649e-09	1.078344e-09	1.314937e+01	1.260574e+02
2.710000e-06	2.540579e-09	1.088439e-09	1.327441e+01	1.272725e+02
2.720000e-06	2.564331e-09	1.099019e-09	1.339851e+01	1.284784e+02
2.730000e-06	2.587873e-09	1.107507e-09	1.352151e+01	1.296752e+02
2.740000e-06	2.611184e-09	1.114931e-09	1.364331e+01	1.308626e+02
2.750000e-06	2.634261e-09	1.125918e-09	1.376389e+01	1.320405e+02
2.760000e-06	2.657139e-09	1.142402e-09	1.388343e+01	1.332090e+02
2.770000e-06	2.679849e-09	1.159464e-09	1.400208e+01	1.343679e+02
2.780000e-06	2.702401e-09	1.170503e-09	1.411992e+01	1.355172e+02
2.790000e-06	2.724803e-09	1.176142e-09	1.423697e+01	1.366567e+02
2.800000e-06	2.747069e-09	1.180682e-09	1.435331e+01	1.377863e+02
2.810000e-06	2.769187e-09	1.188928e-09	1.446887e+01	1.389061e+02
2.820000e-06	2.791123e-09	1.201699e-09	1.458349e+01	1.400158e+02
2.830000e-06	2.812858e-09	1.213553e-09	1.469705e+01	1.411155e+02
2.840000e-06	2.834354e-09	1.222228e-09	1.480937e+01	1.422051e+02
2.850000e-06	2.855592e-09	1.229837e-09	1.492033e+01	1.432844e+02
2.860000e-06	2.876614e-09	1.239039e-09	1.503017e+01	1.443534e+02
2.870000e-06	2.897441e-09	1.249327e-09	1.513899e+01	1.454120e+02
2.880000e-06	2.918106e-09	1.256590e-09	1.524696e+01	1.464602e+02
2.890000e-06	2.938643e-09	1.260616e-09	1.535427e+01	1.474978e+02
2.900000e-06	2.959061e-09	1.267095e-09	1.546096e+01	1.485248e+02
2.910000e-06	2.979390e-09	1.279562e-09	1.556717e+01	1.495411e+02
2.920000e-06	2.999635e-09	1.294098e-09	1.567295e+01	1.505467e+02
2.930000e-06	3.019747e-09	1.305151e-09	1.577804e+01	1.515415e+02
2.940000e-06	3.039697e-09	1.312348e-09	1.588228e+01	1.525253e+02
2.950000e-06	3.059472e-09	1.318505e-09	1.598560e+01	1.534982e+02
2.960000e-06	3.079013e-09	1.327491e-09	1.608770e+01	1.544600e+02
2.970000e-06	3.098259e-09	1.338237e-09	1.618826e+01	1.554107e+02
2.980000e-06	3.117216e-09	1.345720e-09	1.628731e+01	1.563503e+02
2.990000e-06	3.135914e-09	1.350844e-09	1.638500e+01	1.572786e+02
3.000000e-06	3.154367e-09	1.357796e-09	1.648142e+01	1.581956e+02
3.010000e-06	3.172588e-09	1.368816e-09	1.657662e+01	1.591012e+02
3.020000e-06	3.190623e-09	1.380691e-09	1.667086e+01	1.599953e+02
3.030000e-06	3.208510e-09	1.389279e-09	1.676432e+01	1.608780e+02
3.040000e-06	3.226229e-09	1.394640e-09	1.685690e+01	1.617490e+02
3.050000e-06	3.243810e-09	1.399879e-09	1.694875e+01	1.626085e+02
3.060000e-06	3.261246e-09	1.406580e-09	1.703986e+01	1.634562e+02
3.070000e-06	3.278490e-09	1.413557e-09	1.712996e+01	1.642922e+02
3.080000e-06	3.295514e-09	1.418925e-09	1.721890e+01	1.651164e+02
3.090000e-06	3.312247e-09	1.424048e-09	1.730634e+01	1.659287e+02
3.100000e-06	3.328669e-09	1.432244e-09	1.739214e+01	1.667290e+02
3.110000e-06	3.344743e-09	1.443050e-09	1.747612e+01	1.675174e+02
3.120000e-06	3.360432e-09	1.452623e-09	1.755810e+01	1.682937e+02
3.130000e-06	3.375751e-09	1.458097e-09	1.763814e+01	1.690579e+02
3.140000e-06	3.390753e-09	1.461711e-09	1.771653e+01	1.698099e+02
3.150000e-06	3.405492e-09	1.467173e-09	1.779353e+01	1.705497e+02
3.160000e-06	3.420000e-09	1.474059e-09	1.786934e+01	1.712773e+02
3.170000e-06	3.434291e-09	1.481248e-09	1.794401e+01	1.719925e+02
3.180000e-06	3.448343e-09	1.486430e-09	1.801743e+01	1.726954e+02
3.190000e-06	3.462134e-09	1.488730e-09	1.808949e+01	1.733858e+02
3.200000e-06	3.475655e-09	1.490909e-09	1.816014e+01	1.740637e+02
3.210000e-06	3.488907e-09	1.496491e-09	1.822937e+01	1.747292e+02
3.220000e-06	3.501876e-09	1.504525e-09	1.829714e+01	1.753820e+02
3.230000e-06	3.514595e-09	1.511767e-09	1.836359e+01	1.760223e+02
3.240000e-06	3.527091e-09	1.518167e-09	1.842888e+01	1.766499e+02
3.250000e-06	3.539398e-09	1.524951e-09	1.849319e+01	1.772648e+02
3.260000e-06	3.551511e-09	1.532137e-09	1.855648e+01	1.778669e+02
3.270000e-06	3.563365e-09	1.536326e-09	1.861841e+01	1.784562e+02
3.280000e-06	3.574910e-09	1.536075e-09	1.867873e+01	1.790327e+02
3.290000e-06	3.586083e-09	1.534178e-09	1.873711e+01	1.795963e+02
3.300000e-06	3.596839e-09	1.535118e-09	1.879331e+01	1.801470e+02
3.310000e-06	3.607162e-09	1.541093e-09	1.884725e+01	1.806847e+02
3.320000e-06	3.617063e-09	1.550260e-09	1.889898e+01	1.812095e+02
3.330000e-06	3.626592e-09	1.558402e-09	1.894877e+01	1.817212e+02
3.340000e-06	3.635759e-09	1.563825e-09	1.899667e+01	1.822198e+02
3.350000e-06	3.644613e-09	1.566774e-09	1.904293e+01	1.827053e+02
3.360000e-06	3.653249e-09	1.568568e-09	1.908805e+01	1.831777e+02
3.370000e-06	3.661726e-09	1.569660e-09	1.913235e+01	1.836368e+02
3.380000e-06	3.670064e-09	1.570537e-09	1.917591e+01	1.840828e+02
3.390000e-06	3.678245e-09	1.571887e-09	1.921866e+01	1.845156e+02
3.400000e-06	3.686227e-09	1.575946e-09	1.926036e+01	1.849350e+02
3.410000e-06	3.693946e-09	1.582348e-09	1.930069e+01	1.853412e+02
3.420000e-06	3.701387e-09	1.588363e-09	1.933957e+01	1.857340e+02
3.430000e-06	3.708551e-09	1.592129e-09	1.937700e+01	1.861134e+02
3.440000e-06	3.715452e-09	1.593961e-09	1.941306e+01	1.864795e+02
3.450000e-06	3.722101e-09	1.595434e-09	1.944780e+01	1.868322e+02
3.460000e-06	3.728505e-09	1.597164e-09	1.948126e+01	1.871714e+02
3.470000e-06	3.734675e-09	1.598467e-09	1.951350e+01	1.874971e+02
3.480000e-06	3.740588e-09	1.598602e-09	1.954439e+01	1.878094e+02
3.490000e-06	3.746218e-09	1.599708e-09	1.957381e+01	1.881081e+02
3.500000e-06	3.751561e-09	1.604001e-09	1.960172e+01	1.883933e+02
3.510000e-06	3.756631e-09	1.610575e-09	1.962822e+01	1.886650e+02
3.520000e-06	3.761470e-09	1.616002e-09	1.965350e+01	1.889231e+02
3.530000e-06	3.766101e-09	1.617753e-09	1.967770e+01	1.891676e+02
3.540000e-06	3.770564e-09	1.616115e-09	1.970102e+01	1.893984e+02
3.550000e-06	3.774900e-09	1.614746e-09	1.972367e+01	1.896157e+02
3.560000e-06	3.779084e-09	1.614526e-09	1.974553e+01	1.898193e+02
3.570000e-06	3.783082e-09	1.616114e-09	1.976642e+01	1.900093e+02
3.580000e-06	3.786843e-09	1.619788e-09	1.978607e+01	1.901855e+02
3.590000e-06	3.790279e-09	1.624273e-09	1.980403e+01	1.903481e+02
3.600000e-06	3.793329e-09	1.628587e-09	1.981996e+01	1.904971e+02
3.610000e-06	3.795971e-09	1.630404e-09	1.983377e+01	1.906323e+02
3.620000e-06	3.798172e-09	1.628469e-09	1.984527e+01	1.907537e+02
3.630000e-06	3.799945e-09	1.626246e-09	1.985453e+01	1.908615e+02
3.640000e-06	3.801351e-09	1.627339e-09	1.986188e+01	1.909555e+02
3.650000e-06	3.802409e-09	1.631241e-09	1.986741e+01	1.910358e+02
3.660000e-06	3.803186e-09	1.635511e-09	1.987146e+01	1.911024e+02
3.670000e-06	3.803767e-09	1.637893e-09	1.987450e+01	1.911552e+02
3.680000e-06	3.804183e-09	1.637839e-09	1.987667e+01	1.911942e+02
3.690000e-06	3.804442e-09	1.636936e-09	1.987803e+01	1.912195e+02
3.700000e-06	3.804530e-09	1.636513e-09	1.987849e+01	1.912311e+02
3.710000e-06	3.804426e-09	1.641311e-09	1.987794e+01	1.912289e+02
3.720000e-06	3.804066e-09	1.653345e-09	1.987606e+01	1.912129e+02
3.730000e-06	3.803394e-09	1.665523e-09	1.987255e+01	1.911831e+02
3.740000e-06	3.802437e-09	1.663120e-09	1.986755e+01	1.911396e+02
3.750000e-06	3.801215e-09	1.635510e-09	1.986117e+01	1.910824e+02
3.760000e-06	3.799730e-09	1.615333e-09	1.985341e+01	1.910114e+02
3.770000e-06	3.797926e-09	1.650204e-09	1.984398e+01	1.909267e+02
3.780000e-06	3.795721e-09	1.706667e-09	1.983246e+01	1.908282e+02
3.790000e-06	3.793148e-09	1.686396e-09	1.981901e+01	1.907160e+02
3.800000e-06	3.790323e-09	1.666271e-09	1.980426e+01	1.905901e+02
3.810000e-06	3.787338e-09	1.690890e-09	1.978866e+01	1.904505e+02
3.820000e-06	3.784225e-09	1.665216e-09	1.977240e+01	1.902971e+02
3.830000e-06	3.780981e-09	1.600726e-09	1.975544e+01	1.901301e+02
3.840000e-06	3.777582e-09	1.587762e-09	1.973768e+01	1.899494e+02
3.850000e-06	3.774027e-09	1.635389e-09	1.971911e+01	1.897550e+02
3.860000e-06	3.770320e-09	1.667300e-09	1.969974e+01	1.895470e+02
3.870000e-06	3.766440e-09	1.657796e-09	1.967947e+01	1.893254e+02
3.880000e-06	3.762332e-09	1.653685e-09	1.965800e+01	1.890901e+02
3.890000e-06	3.757922e-09	1.653961e-09	1.963496e+01	1.888412e+02
3.900000e-06	3.753131e-09	1.624335e-09	1.960993e+01	1.885787e+02
3.910000e-06	3.747931e-09	1.588733e-09	1.958276e+01	1.883027e+02
3.920000e-06	3.742292e-09	1.593872e-09	1.955330e+01	1.880131e+02
3.930000e-06	3.736150e-09	1.635493e-09	1.952120e+01	1.877100e+02
3.940000e-06	3.729537e-09	1.659149e-09	1.948665e+01	1.873934e+02
3.950000e-06	3.722585e-09	1.646845e-09	1.945033e+01	1.870633e+02
3.960000e-06	3.715396e-09	1.619339e-09	1.941276e+01	1.867197e+02
3.970000e-06	3.708009e-09	1.603589e-09	1.937417e+01	1.863628e+02
3.980000e-06	3.700474e-09	1.588379e-09	1.933480e+01	1.859924e+02
3.990000e-06	3.692799e-09	1.575550e-09	1.929469e+01	1.856086e+02
4.000000e-06	3.684936e-09	1.589295e-09	1.925361e+01	1.852115e+02
4.010000e-06	3.676840e-09	1.624972e-09	1.921131e+01	1.848010e+02
4.020000e-06	3.668472e-09	1.633131e-09	1.916759e+01	1.843773e+02
4.030000e-06	3.659822e-09	1.594307e-09	1.912239e+01	1.839402e+02
4.040000e-06	3.650900e-09	1.555213e-09	1.907577e+01	1.834900e+02
4.050000e-06	3.641719e-09	1.559029e-09	1.902781e+01	1.830266e+02
4.060000e-06	3.632306e-09	1.577030e-09	1.897862e+01	1.825499e+02
4.070000e-06	3.622679e-09	1.574158e-09	1.892832e+01	1.820602e+02
4.080000e-06	3.612818e-09	1.564550e-09	1.887680e+01	1.815573e+02
4.090000e-06	3.602699e-09	1.571959e-09	1.882393e+01	1.810414e+02
4.100000e-06	3.592307e-09	1.575036e-09	1.876963e+01	1.805125e+02
4.110000e-06	3.581646e-09	1.553816e-09	1.871393e+01	1.799706e+02
4.120000e-06	3.570726e-09	1.533497e-09	1.865687e+01	1.794157e+02
4.130000e-06	3.559549e-09	1.535576e-09	1.859847e+01	1.788480e+02
4.140000e-06	3.548129e-09	1.540690e-09	1.853881e+01	1.782673e+02
4.150000e-06	3.536495e-09	1.535772e-09	1.847801e+01	1.776738e+02
4.160000e-06	3.524627e-09	1.538806e-09	1.841600e+01	1.770676e+02
4.170000e-06	3.512485e-09	1.545352e-09	1.835256e+01	1.764486e+02
4.180000e-06	3.499999e-09	1.529950e-09	1.828733e+01	1.758169e+02
4.190000e-06	3.487128e-09	1.503569e-09	1.822007e+01	1.751726e+02
4.200000e-06	3.473858e-09	1.500790e-09	1.815074e+01	1.745157e+02
4.210000e-06	3.460131e-09	1.512894e-09	1.807902e+01	1.738462e+02
4.220000e-06	3.445970e-09	1.507142e-09	1.800503e+01	1.731642e+02
4.230000e-06	3.431432e-09	1.491082e-09	1.792907e+01	1.724698e+02
4.240000e-06	3.416553e-09	1.489858e-09	1.785133e+01	1.717629e+02
4.250000e-06	3.401403e-09	1.489710e-09	1.777217e+01	1.710437e+02
4.260000e-06	3.386055e-09	1.474873e-09	1.769197e+01	1.703122e+02
4.270000e-06	3.370563e-09	1.462845e-09	1.761103e+01	1.695684e+02
4.280000e-06	3.354949e-09	1.464646e-09	1.752945e+01	1.688124e+02
4.290000e-06	3.339188e-09	1.459654e-09	1.744709e+01	1.680443e+02
4.300000e-06	3.323252e-09	1.447207e-09	1.736383e+01	1.672641e+02
4.310000e-06	3.307104e-09	1.443132e-09	1.727946e+01	1.664719e+02
4.320000e-06	3.290702e-09	1.440489e-09	1.719376e+01	1.656677e+02
4.330000e-06	3.274036e-09	1.423578e-09	1.710668e+01	1.648515e+02
4.340000e-06	3.257095e-09	1.405561e-09	1.701816e+01	1.640236e+02
4.350000e-06	3.239915e-09	1.403092e-09	1.692840e+01	1.631838e+02
4.360000e-06	3.222535e-09	1.403882e-09	1.683759e+01	1.623322e+02
4.370000e-06	3.204970e-09	1.396292e-09	1.674581e+01	1.614690e+02
4.380000e-06	3.187235e-09	1.389698e-09	1.665315e+01	1.605942e+02
4.390000e-06	3.169310e-09	1.384031e-09	1.655949e+01	1.597079e+02
4.400000e-06	3.151177e-09	1.372863e-09	1.646475e+01	1.588100e+02
4.410000e-06	3.132813e-09	1.361590e-09	1.636880e+01	1.579007e+02
4.420000e-06	3.114186e-09	1.354141e-09	1.627147e+01	1.569801e+02
4.430000e-06	3.095293e-09	1.344700e-09	1.617275e+01	1.560481e+02
4.440000e-06	3.076177e-09	1.334949e-09	1.607287e+01	1.551050e+02
4.450000e-06	3.056892e-09	1.330953e-09	1.597211e+01	1.541507e+02
4.460000e-06	3.037481e-09	1.326087e-09	1.587069e+01	1.531853e+02
4.470000e-06	3.017958e-09	1.314981e-09	1.576868e+01	1.522088e+02
4.480000e-06	2.998341e-09	1.302358e-09	1.566619e+01	1.512215e+02
4.490000e-06	2.978635e-09	1.291363e-09	1.556322e+01	1.502232e+02
4.500000e-06	2.958807e-09	1.278675e-09	1.545962e+01	1.492142e+02
4.510000e-06	2.938823e-09	1.268330e-09	1.535521e+01	1.481944e+02
4.520000e-06	2.918649e-09	1.262852e-09	1.524980e+01	1.471639e+02
4.530000e-06	2.898208e-09	1.255916e-09	1.514299e+01	1.461229e+02
4.540000e-06	2.877441e-09	1.245213e-09	1.503449e+01	1.450713e+02
4.550000e-06	2.856304e-09	1.235120e-09	1.492405e+01	1.440093e+02
4.560000e-06	2.834762e-09	1.225691e-09	1.481149e+01	1.429370e+02
4.570000e-06	2.812847e-09	1.216755e-09	1.469699e+01	1.418544e+02
4.580000e-06	2.790624e-09	1.209572e-09	1.458088e+01	1.407616e+02
4.590000e-06	2.768113e-09	1.201450e-09	1.446326e+01	1.396586e+02
4.600000e-06	2.745303e-09	1.188608e-09	1.434407e+01	1.385456e+02
4.610000e-06	2.722246e-09	1.175415e-09	1.422360e+01	1.374227e+02
4.620000e-06	2.699009e-09	1.166250e-09	1.410219e+01	1.362898e+02
4.630000e-06	2.675629e-09	1.157127e-09	1.398003e+01	1.351472e+02
4.640000e-06	2.652137e-09	1.145406e-09	1.385729e+01	1.339948e+02
4.650000e-06	2.628558e-09	1.135458e-09	1.373409e+01	1.328328e+02
4.660000e-06	2.604890e-09	1.127336e-09	1.361042e+01	1.316612e+02
4.670000e-06	2.581125e-09	1.118045e-09	1.348625e+01	1.304802e+02
4.680000e-06	2.557249e-09	1.106690e-09	1.336150e+01	1.292898e+02
4.690000e-06	2.533230e-09	1.092778e-09	1.323600e+01	1.280901e+02
4.700000e-06	2.509025e-09	1.078937e-09	1.310953e+01	1.268812e+02
4.710000e-06	2.484626e-09	1.069832e-09	1.298205e+01	1.256631e+02
4.720000e-06	2.460019e-09	1.064504e-09	1.285348e+01	1.244360e+02
4.730000e-06	2.435196e-09	1.056446e-09	1.272378e+01	1.232000e+02
4.740000e-06	2.410193e-09	1.043461e-09	1.259314e+01	1.219551e+02
4.750000e-06	2.385014e-09	1.028012e-09	1.246158e+01	1.207014e+02
4.760000e-06	2.359664e-09	1.014139e-09	1.232913e+01	1.194391e+02
4.770000e-06	2.334177e-09	1.004198e-09	1.219596e+01	1.181681e+02
4.780000e-06	2.308552e-09	9.951922e-10	1.206207e+01	1.168887e+02
4.790000e-06	2.282782e-09	9.839581e-10	1.192742e+01	1.156008e+02
4.800000e-06	2.256905e-09	9.716523e-10	1.179222e+01	1.143047e+02
4.810000e-06	2.230885e-09	9.611695e-10	1.165627e+01	1.130003e+02
4.820000e-06	2.204665e-09	9.516446e-10	1.151926e+01	1.116878e+02
4.830000e-06	2.178262e-09	9.395248e-10	1.138131e+01	1.103673e+02
4.840000e-06	2.151656e-09	9.257594e-10	1.124230e+01	1.090388e+02
4.850000e-06	2.124843e-09	9.134941e-10	1.110220e+01	1.077025e+02
4.860000e-06	2.097861e-09	9.033177e-10	1.096122e+01	1.063584e+02
4.870000e-06	2.070733e-09	8.942194e-10	1.081948e+01	1.050067e+02
4.880000e-06	2.043475e-09	8.831946e-10	1.067705e+01	1.036475e+02
4.890000e-06	2.016113e-09	8.682007e-10	1.053409e+01	1.022808e+02
4.900000e-06	1.988670e-09	8.531166e-10	1.039070e+01	1.009067e+02
4.910000e-06	1.961166e-09	8.411560e-10	1.024699e+01	9.952539e+01
4.920000e-06	1.933612e-09	8.319913e-10	1.010302e+01	9.813691e+01
4.930000e-06	1.906006e-09	8.225493e-10	9.958788e+00	9.674138e+01
4.940000e-06	1.878340e-09	8.104378e-10	9.814232e+00	9.533890e+01
4.950000e-06	1.850619e-09	7.966988e-10	9.669391e+00	9.392956e+01
4.960000e-06	1.822833e-09	7.839856e-10	9.524213e+00	9.251346e+01
4.970000e-06	1.794959e-09	7.732198e-10	9.378572e+00	9.109072e+01
4.980000e-06	1.766982e-09	7.622779e-10	9.232391e+00	8.966142e+01
4.990000e-06	1.738870e-09	7.491609e-10	9.085508e+00	8.822568e+01
5.000000e-06	1.710617e-09	7.347095e-10	8.937887e+00	8.678360e+01
5.010000e-06	1.682197e-09	7.214324e-10	8.789397e+00	8.533528e+01
5.020000e-06	1.653587e-09	7.100869e-10	8.639909e+00	8.388082e+01
5.030000e-06	1.624789e-09	6.981919e-10	8.489443e+00	8.242034e+01
5.040000e-06	1.595809e-09	6.855143e-10	8.338023e+00	8.095393e+01
5.050000e-06	1.566642e-09	6.733811e-10	8.185625e+00	7.948170e+01
5.060000e-06	1.537264e-09	6.614304e-10	8.032127e+00	7.800376e+01
5.070000e-06	1.507678e-09	6.491777e-10	7.877541e+00	7.652021e+01
5.080000e-06	1.477917e-09	6.350641e-10	7.722041e+00	7.503116e+01
5.090000e-06	1.447986e-09	6.197430e-10	7.565655e+00	7.353671e+01
5.100000e-06	1.417866e-09	6.050861e-10	7.408281e+00	7.203699e+01
5.110000e-06	1.387585e-09	5.911985e-10	7.250061e+00	7.053208e+01
5.120000e-06	1.357140e-09	5.787880e-10	7.090991e+00	6.902211e+01
5.130000e-06	1.326534e-09	5.670190e-10	6.931075e+00	6.750718e+01
5.140000e-06	1.295795e-09	5.545667e-10	6.770463e+00	6.598739e+01
5.150000e-06	1.264913e-09	5.419523e-10	6.609107e+00	6.446287e+01
5.160000e-06	1.233915e-09	5.304556e-10	6.447143e+00	6.293371e+01
5.170000e-06	1.202828e-09	5.184570e-10	6.284716e+00	6.140003e+01
5.180000e-06	1.171649e-09	5.038891e-10	6.121807e+00	5.986194e+01
5.190000e-06	1.140402e-09	4.876834e-10	5.958543e+00	5.831955e+01
5.200000e-06	1.109105e-09	4.715980e-10	5.795019e+00	5.677297e+01
5.210000e-06	1.077752e-09	4.567466e-10	5.631199e+00	5.522231e+01
5.220000e-06	1.046350e-09	4.426448e-10	5.467128e+00	5.366768e+01
5.230000e-06	1.014914e-09	4.302999e-10	5.302872e+00	5.210920e+01
5.240000e-06	9.834507e-10	4.197431e-10	5.138480e+00	5.054698e+01
5.250000e-06	9.519530e-10	4.114408e-10	4.973906e+00	4.898113e+01
5.260000e-06	9.204134e-10	4.015679e-10	4.809113e+00	4.741176e+01
5.270000e-06	8.888479e-10	3.875420e-10	4.644184e+00	4.583898e+01
5.280000e-06	8.572568e-10	3.702788e-10	4.479123e+00	4.426291e+01
5.290000e-06	8.256211e-10	3.516432e-10	4.313827e+00	4.268367e+01
5.300000e-06	7.939432e-10	3.356638e-10	4.148312e+00	4.110136e+01
5.310000e-06	7.622291e-10	3.232506e-10	3.982607e+00	3.951611e+01
5.320000e-06	7.304859e-10	3.123414e-10	3.816750e+00	3.792801e+01
5.330000e-06	6.987213e-10	3.001188e-10	3.650782e+00	3.633720e+01
5.340000e-06	6.669290e-10	2.861254e-10	3.484669e+00	3.474377e+01
5.350000e-06	6.351108e-10	2.715709e-10	3.318420e+00	3.314786e+01
5.360000e-06	6.032654e-10	2.577115e-10	3.152029e+00	3.154957e+01
5.370000e-06	5.713924e-10	2.434536e-10	2.985494e+00	2.994901e+01
5.380000e-06	5.394946e-10	2.287324e-10	2.818830e+00	2.834631e+01
5.390000e-06	5.075498e-10	2.141134e-10	2.651920e+00	2.674158e+01
5.400000e-06	4.755635e-10	2.009443e-10	2.484793e+00	2.513493e+01
5.410000e-06	4.435602e-10	1.903185e-10	2.317577e+00	2.352648e+01
5.420000e-06	4.115359e-10	1.801620e-10	2.150252e+00	2.191634e+01
5.430000e-06	3.795013e-10	1.675562e-10	1.982873e+00	2.030464e+01
5.440000e-06	3.474631e-10	1.526322e-10	1.815475e+00	1.869148e+01
5.450000e-06	3.154056e-10	1.391771e-10	1.647975e+00	1.707699e+01
5.460000e-06	2.833112e-10	1.268011e-10	1.480284e+00	1.546128e+01
5.470000e-06	2.511775e-10	1.145704e-10	1.312387e+00	1.384446e+01
5.480000e-06	2.190256e-10	9.968087e-11	1.144395e+00	1.222665e+01
5.490000e-06	1.868786e-10	8.221996e-11	9.764281e-01	1.060797e+01
5.500000e-06	1.547312e-10	6.640812e-11	8.084591e-01	8.988543e+00
5.510000e-06	1.225747e-10	5.339734e-11	6.404433e-01	7.368473e+00
5.520000e-06	9.041620e-11	4.219258e-11	4.724164e-01	5.747881e+00
5.530000e-06	5.823966e-11	2.856198e-11	3.042956e-01	4.126884e+00
5.540000e-06	2.604458e-11	1.423504e-11	1.360778e-01	2.505600e+00
5.550000e-06	-6.147198e-12	2.116366e-12	-3.212270e-02	8.841432e-01
5.560000e-06	-3.833264e-11	-7.440736e-12	-2.002902e-01	-7.373679e-01
5.570000e-06	-7.051506e-11	-1.788230e-11	-3.684418e-01	-2.358817e+00
5.580000e-06	-1.026935e-10	-3.159740e-11	-5.365727e-01	-3.980087e+00
5.590000e-06	-1.348608e-10	-4.787285e-11	-7.046452e-01	-5.601062e+00
5.600000e-06	-1.670027e-10	-6.406560e-11	-8.725850e-01	-7.221625e+00
5.610000e-06	-1.991252e-10	-7.672157e-11	-1.040423e+00	-8.841659e+00
5.620000e-06	-2.312294e-10	-8.820374e-11	-1.208167e+00	-1.046105e+01
5.630000e-06	-2.632975e-10	-1.016748e-10	-1.375721e+00	-1.207967e+01
5.640000e-06	-2.953702e-10	-1.164705e-10	-1.543299e+00	-1.369742e+01
5.650000e-06	-3.274447e-10	-1.302614e-10	-1.710887e+00	-1.531418e+01
5.660000e-06	-3.594830e-10	-1.421723e-10	-1.878285e+00	-1.692982e+01
5.670000e-06	-3.914921e-10	-1.550711e-10	-2.045531e+00	-1.854423e+01
5.680000e-06	-4.234773e-10	-1.712029e-10	-2.212653e+00	-2.015730e+01
5.690000e-06	-4.554507e-10	-1.883884e-10	-2.379712e+00	-2.176891e+01
5.700000e-06	-4.874003e-10	-2.024908e-10	-2.546647e+00	-2.337894e+01
5.710000e-06	-5.193133e-10	-2.135115e-10	-2.713391e+00	-2.498729e+01
5.720000e-06	-5.511965e-10	-2.245875e-10	-2.879979e+00	-2.659382e+01
5.730000e-06	-5.830485e-10	-2.379104e-10	-3.046405e+00	-2.819843e+01
5.740000e-06	-6.148702e-10	-2.542558e-10	-3.212672e+00	-2.980100e+01
5.750000e-06	-6.466685e-10	-2.699147e-10	-3.378816e+00	-3.140142e+01
5.760000e-06	-6.784329e-10	-2.824428e-10	-3.544784e+00	-3.299957e+01
5.770000e-06	-7.101629e-10	-2.955105e-10	-3.710571e+00	-3.459533e+01
5.780000e-06	-7.418621e-10	-3.114038e-10	-3.876198e+00	-3.618860e+01
5.790000e-06	-7.735232e-10	-3.284260e-10	-4.041626e+00	-3.777924e+01
5.800000e-06	-8.051590e-10	-3.434536e-10	-4.206921e+00	-3.936717e+01
5.810000e-06	-8.367786e-10	-3.536959e-10	-4.372132e+00	-4.095224e+01
5.820000e-06	-8.683745e-10	-3.629469e-10	-4.537220e+00	-4.253436e+01
5.830000e-06	-8.999380e-10	-3.771971e-10	-4.702137e+00	-4.411341e+01
5.840000e-06	-9.314620e-10	-3.956044e-10	-4.866849e+00	-4.568928e+01
5.850000e-06	-9.629457e-10	-4.124663e-10	-5.031350e+00	-4.726185e+01
5.860000e-06	-9.944081e-10	-4.249810e-10	-5.195739e+00	-4.883100e+01
5.870000e-06	-1.025838e-09	-4.351714e-10	-5.359961e+00	-5.039663e+01
5.880000e-06	-1.057198e-09	-4.474840e-10	-5.523815e+00	-5.195863e+01
5.890000e-06	-1.088492e-09	-4.628246e-10	-5.687325e+00	-5.351687e+01
5.900000e-06	-1.119741e-09	-4.767504e-10	-5.850597e+00	-5.507126e+01
5.910000e-06	-1.150917e-09	-4.874524e-10	-6.013492e+00	-5.662166e+01
5.920000e-06	-1.181982e-09	-4.996205e-10	-6.175806e+00	-5.816799e+01
5.930000e-06	-1.212965e-09	-5.154750e-10	-6.337690e+00	-5.971012e+01
5.940000e-06	-1.243876e-09	-5.322529e-10	-6.499198e+00	-6.124794e+01
5.950000e-06	-1.274648e-09	-5.465776e-10	-6.659982e+00	-6.278134e+01
5.960000e-06	-1.305267e-09	-5.571181e-10	-6.819960e+00	-6.431021e+01
5.970000e-06	-1.335774e-09	-5.665851e-10	-6.979359e+00	-6.583445e+01
5.980000e-06	-1.366148e-09	-5.792106e-10	-7.138062e+00	-6.735393e+01
5.990000e-06	-1.396351e-09	-5.948921e-10	-7.295869e+00	-6.886856e+01
6.000000e-06	-1.426402e-09	-6.094217e-10	-7.452886e+00	-7.037822e+01
6.010000e-06	-1.456264e-09	-6.213821e-10	-7.608914e+00	-7.188281e+01
6.020000e-06	-1.485923e-09	-6.329356e-10	-7.763880e+00	-7.338221e+01
6.030000e-06	-1.515374e-09	-6.454355e-10	-7.917760e+00	-7.487632e+01
6.040000e-06	-1.544605e-09	-6.590133e-10	-8.070491e+00	-7.636503e+01
6.050000e-06	-1.573649e-09	-6.718876e-10	-8.222242e+00	-7.784824e+01
6.060000e-06	-1.602503e-09	-6.830494e-10	-8.373003e+00	-7.932583e+01
6.070000e-06	-1.631177e-09	-6.943410e-10	-8.522824e+00	-8.079770e+01
6.080000e-06	-1.659689e-09	-7.069835e-10	-8.671801e+00	-8.226375e+01
6.090000e-06	-1.688030e-09	-7.197782e-10	-8.819881e+00	-8.372386e+01
6.100000e-06	-1.716194e-09	-7.306027e-10	-8.967037e+00	-8.517794e+01
6.110000e-06	-1.744222e-09	-7.401256e-10	-9.113481e+00	-8.662588e+01
6.120000e-06	-1.772149e-09	-7.508819e-10	-9.259397e+00	-8.806757e+01
6.130000e-06	-1.799976e-09	-7.646260e-10	-9.404792e+00	-8.950291e+01
6.140000e-06	-1.827719e-09	-7.804593e-10	-9.549750e+00	-9.093180e+01
6.150000e-06	-1.855394e-09	-7.957775e-10	-9.694347e+00	-9.235414e+01
6.160000e-06	-1.883015e-09	-8.086918e-10	-9.838667e+00	-9.376982e+01
6.170000e-06	-1.910595e-09	-8.201162e-10	-9.982773e+00	-9.517874e+01
6.180000e-06	-1.938132e-09	-8.305272e-10	-1.012665e+01	-9.658079e+01
6.190000e-06	-1.965615e-09	-8.412880e-10	-1.027025e+01	-9.797589e+01
6.200000e-06	-1.993021e-09	-8.531826e-10	-1.041344e+01	-9.936392e+01
6.210000e-06	-2.020331e-09	-8.656126e-10	-1.055614e+01	-1.007448e+02
6.220000e-06	-2.047527e-09	-8.787461e-10	-1.069824e+01	-1.021184e+02
6.230000e-06	-2.074599e-09	-8.919165e-10	-1.083969e+01	-1.034847e+02
6.240000e-06	-2.101523e-09	-9.045840e-10	-1.098036e+01	-1.048434e+02
6.250000e-06	-2.128242e-09	-9.162017e-10	-1.111997e+01	-1.061947e+02
6.260000e-06	-2.154777e-09	-9.259758e-10	-1.125861e+01	-1.075383e+02
6.270000e-06	-2.181135e-09	-9.348558e-10	-1.139633e+01	-1.088741e+02
6.280000e-06	-2.207306e-09	-9.454197e-10	-1.153307e+01	-1.102021e+02
6.290000e-06	-2.233316e-09	-9.567505e-10	-1.166897e+01	-1.115221e+02
6.300000e-06	-2.259175e-09	-9.683043e-10	-1.180408e+01	-1.128341e+02
6.310000e-06	-2.284897e-09	-9.793000e-10	-1.193848e+01	-1.141380e+02
6.320000e-06	-2.310464e-09	-9.902195e-10	-1.207207e+01	-1.154336e+02
6.330000e-06	-2.335865e-09	-1.003666e-09	-1.220479e+01	-1.167209e+02
6.340000e-06	-2.361105e-09	-1.017396e-09	-1.233666e+01	-1.179999e+02
6.350000e-06	-2.386183e-09	-1.029385e-09	-1.246770e+01	-1.192703e+02
6.360000e-06	-2.411103e-09	-1.039227e-09	-1.259790e+01	-1.205321e+02
6.370000e-06	-2.435853e-09	-1.047495e-09	-1.272722e+01	-1.217852e+02
6.380000e-06	-2.460392e-09	-1.055020e-09	-1.285543e+01	-1.230296e+02
6.390000e-06	-2.484709e-09	-1.063845e-09	-1.298249e+01	-1.242650e+02
6.400000e-06	-2.508835e-09	-1.075330e-09	-1.310855e+01	-1.254916e+02
6.410000e-06	-2.532806e-09	-1.088589e-09	-1.323379e+01	-1.267091e+02
6.420000e-06	-2.556652e-09	-1.103698e-09	-1.335839e+01	-1.279174e+02
6.430000e-06	-2.580383e-09	-1.118877e-09	-1.348238e+01	-1.291165e+02
6.440000e-06	-2.604019e-09	-1.130700e-09	-1.360588e+01	-1.303064e+02
6.450000e-06	-2.627565e-09	-1.137837e-09	-1.372890e+01	-1.314868e+02
6.460000e-06	-2.651017e-09	-1.143012e-09	-1.385144e+01	-1.326578e+02
6.470000e-06	-2.674375e-09	-1.149573e-09	-1.397348e+01	-1.338192e+02
6.480000e-06	-2.697600e-09	-1.158878e-09	-1.409484e+01	-1.349710e+02
6.490000e-06	-2.720643e-09	-1.170611e-09	-1.421523e+01	-1.361130e+02
6.500000e-06	-2.743454e-09	-1.182391e-09	-1.433442e+01	-1.372452e+02
6.510000e-06	-2.765997e-09	-1.192546e-09	-1.445221e+01	-1.383676e+02
6.520000e-06	-2.788256e-09	-1.202630e-09	-1.456851e+01	-1.394800e+02
6.530000e-06	-2.810202e-09	-1.213562e-09	-1.468317e+01	-1.405823e+02
6.540000e-06	-2.831803e-09	-1.223771e-09	-1.479604e+01	-1.416745e+02
6.550000e-06	-2.853053e-09	-1.231942e-09	-1.490707e+01	-1.427565e+02
6.560000e-06	-2.873938e-09	-1.237465e-09	-1.501619e+01	-1.438282e+02
6.570000e-06	-2.894498e-09	-1.242984e-09	-1.512362e+01	-1.448895e+02
6.580000e-06	-2.914783e-09	-1.251162e-09	-1.522960e+01	-1.459404e+02
6.590000e-06	-2.934832e-09	-1.260984e-09	-1.533436e+01	-1.469808e+02
6.600000e-06	-2.954706e-09	-1.271176e-09	-1.543820e+01	-1.480106e+02
6.610000e-06	-2.974448e-09	-1.280194e-09	-1.554135e+01	-1.490297e+02
6.620000e-06	-2.994091e-09	-1.289101e-09	-1.564398e+01	-1.500381e+02
6.630000e-06	-3.013640e-09	-1.299066e-09	-1.574613e+01	-1.510357e+02
6.640000e-06	-3.033081e-09	-1.309385e-09	-1.584770e+01	-1.520224e+02
6.650000e-06	-3.052384e-09	-1.317155e-09	-1.594856e+01	-1.529981e+02
6.660000e-06	-3.071531e-09	-1.321814e-09	-1.604861e+01	-1.539628e+02
6.670000e-06	-3.090500e-09	-1.326529e-09	-1.614772e+01	-1.549165e+02
6.680000e-06	-3.109225e-09	-1.334115e-09	-1.624555e+01	-1.558589e+02
6.690000e-06	-3.127666e-09	-1.344200e-09	-1.634191e+01	-1.567902e+02
6.700000e-06	-3.145865e-09	-1.353745e-09	-1.643699e+01	-1.577101e+02
6.710000e-06	-3.163854e-09	-1.362643e-09	-1.653099e+01	-1.586187e+02
6.720000e-06	-3.181640e-09	-1.371258e-09	-1.662392e+01	-1.595158e+02
6.730000e-06	-3.199264e-09	-1.378574e-09	-1.671600e+01	-1.604015e+02
6.740000e-06	-3.216712e-09	-1.384902e-09	-1.680717e+01	-1.612756e+02
6.750000e-06	-3.233945e-09	-1.390230e-09	-1.689721e+01	-1.621381e+02
6.760000e-06	-3.250947e-09	-1.394811e-09	-1.698604e+01	-1.629889e+02
6.770000e-06	-3.267712e-09	-1.399616e-09	-1.707364e+01	-1.638279e+02
6.780000e-06	-3.284221e-09	-1.405915e-09	-1.715990e+01	-1.646552e+02
6.790000e-06	-3.300468e-09	-1.414222e-09	-1.724479e+01	-1.654705e+02
6.800000e-06	-3.316515e-09	-1.422630e-09	-1.732864e+01	-1.662740e+02
6.810000e-06	-3.332383e-09	-1.429859e-09	-1.741154e+01	-1.670655e+02
6.820000e-06	-3.348096e-09	-1.436943e-09	-1.749365e+01	-1.678450e+02
6.830000e-06	-3.363677e-09	-1.444921e-09	-1.757505e+01	-1.686123e+02
6.840000e-06	-3.379101e-09	-1.452552e-09	-1.765564e+01	-1.693675e+02
6.850000e-06	-3.394334e-09	-1.457529e-09	-1.773524e+01	-1.701105e+02
6.860000e-06	-3.409308e-09	-1.459460e-09	-1.781347e+01	-1.708413e+02
6.870000e-06	-3.423934e-09	-1.462036e-09	-1.788989e+01	-1.715597e+02
6.880000e-06	-3.438160e-09	-1.467742e-09	-1.796423e+01	-1.722658e+02
6.890000e-06	-3.451955e-09	-1.476150e-09	-1.803630e+01	-1.729595e+02
6.900000e-06	-3.465317e-09	-1.485438e-09	-1.810612e+01	-1.736407e+02
6.910000e-06	-3.478287e-09	-1.493788e-09	-1.817388e+01	-1.743094e+02
6.920000e-06	-3.490890e-09	-1.499306e-09	-1.823974e+01	-1.749656e+02
6.930000e-06	-3.503145e-09	-1.502215e-09	-1.830376e+01	-1.756091e+02
6.940000e-06	-3.515126e-09	-1.502754e-09	-1.836636e+01	-1.762400e+02
6.950000e-06	-3.526904e-09	-1.503322e-09	-1.842791e+01	-1.768582e+02
6.960000e-06	-3.538507e-09	-1.507377e-09	-1.848853e+01	-1.774637e+02
6.970000e-06	-3.549911e-09	-1.514793e-09	-1.854811e+01	-1.780564e+02
6.980000e-06	-3.561083e-09	-1.524823e-09	-1.860649e+01	-1.786362e+02
6.990000e-06	-3.571986e-09	-1.533714e-09	-1.866346e+01	-1.792032e+02
7.000000e-06	-3.582597e-09	-1.536925e-09	-1.871890e+01	-1.797572e+02
7.010000e-06	-3.592939e-09	-1.534517e-09	-1.877294e+01	-1.802983e+02
7.020000e-06	-3.603021e-09	-1.532532e-09	-1.882561e+01	-1.808265e+02
7.030000e-06	-3.612877e-09	-1.534946e-09	-1.887711e+01	-1.813416e+02
7.040000e-06	-3.622531e-09	-1.541354e-09	-1.892755e+01	-1.818436e+02
7.050000e-06	-3.631973e-09	-1.548179e-09	-1.897688e+01	-1.823325e+02
7.060000e-06	-3.641183e-09	-1.552675e-09	-1.902501e+01	-1.828083e+02
7.070000e-06	-3.650114e-09	-1.556170e-09	-1.907167e+01	-1.832710e+02
7.080000e-06	-3.658763e-09	-1.559219e-09	-1.911686e+01	-1.837204e+02
7.090000e-06	-3.667144e-09	-1.561890e-09	-1.916065e+01	-1.841566e+02
7.100000e-06	-3.675282e-09	-1.565862e-09	-1.920317e+01	-1.845795e+02
7.110000e-06	-3.683208e-09	-1.570274e-09	-1.924458e+01	-1.849891e+02
7.120000e-06	-3.690955e-09	-1.573461e-09	-1.928506e+01	-1.853854e+02
7.130000e-06	-3.698562e-09	-1.575732e-09	-1.932481e+01	-1.857684e+02
7.140000e-06	-3.706027e-09	-1.577624e-09	-1.936382e+01	-1.861380e+02
7.150000e-06	-3.713297e-09	-1.580642e-09	-1.940180e+01	-1.864941e+02
7.160000e-06	-3.720335e-09	-1.586197e-09	-1.943857e+01	-1.868368e+02
7.170000e-06	-3.727086e-09	-1.592739e-09	-1.947385e+01	-1.871661e+02
7.180000e-06	-3.733489e-09	-1.596782e-09	-1.950730e+01	-1.874819e+02
7.190000e-06	-3.739511e-09	-1.596787e-09	-1.953877e+01	-1.877841e+02
7.200000e-06	-3.745106e-09	-1.594679e-09	-1.956800e+01	-1.880729e+02
7.210000e-06	-3.750234e-09	-1.592862e-09	-1.959479e+01	-1.883481e+02
7.220000e-06	-3.754922e-09	-1.592726e-09	-1.961929e+01	-1.886097e+02
7.230000e-06	-3.759270e-09	-1.595040e-09	-1.964201e+01	-1.888577e+02
7.240000e-06	-3.763354e-09	-1.598856e-09	-1.966334e+01	-1.890922e+02
7.250000e-06	-3.767220e-09	-1.602518e-09	-1.968354e+01	-1.893130e+02
7.260000e-06	-3.770923e-09	-1.604273e-09	-1.970289e+01	-1.895202e+02
7.270000e-06	-3.774491e-09	-1.603067e-09	-1.972154e+01	-1.897137e+02
7.280000e-06	-3.777898e-09	-1.600296e-09	-1.973934e+01	-1.898935e+02
7.290000e-06	-3.781100e-09	-1.599356e-09	-1.975607e+01	-1.900597e+02
7.300000e-06	-3.784071e-09	-1.601484e-09	-1.977159e+01	-1.902122e+02
7.310000e-06	-3.786779e-09	-1.605238e-09	-1.978574e+01	-1.903510e+02
7.320000e-06	-3.789189e-09	-1.608336e-09	-1.979833e+01	-1.904760e+02
7.330000e-06	-3.791316e-09	-1.610213e-09	-1.980945e+01	-1.905874e+02
7.340000e-06	-3.793210e-09	-1.611280e-09	-1.981934e+01	-1.906850e+02
7.350000e-06	-3.794903e-09	-1.611367e-09	-1.982819e+01	-1.907689e+02
7.360000e-06	-3.796406e-09	-1.610089e-09	-1.983604e+01	-1.908390e+02
7.370000e-06	-3.797670e-09	-1.608653e-09	-1.984265e+01	-1.908954e+02
7.380000e-06	-3.798559e-09	-1.608911e-09	-1.984729e+01	-1.909381e+02
7.390000e-06	-3.799136e-09	-1.611493e-09	-1.985030e+01	-1.909669e+02
7.400000e-06	-3.799488e-09	-1.614205e-09	-1.985214e+01	-1.909821e+02
