# Temperatura_=_20.0
# Concentracion g/m^3_=_10000.0
# C_Vs_to_Am_M_A/Vsm_=_116720831517.84952
# pendiente_HvsI_1/m_=_3716.3
# ordenada_HvsI_A/m_=_1297.0
# frecuencia_Hz_=_81207.27897266037
# Promedio de 23 ciclos

Tiempo_(s)	Campo_(V.s)	Magnetizacion_(V.s)	Campo_(kA/m)	Magnetizacion_(A/m)
0.000000e+00	-1.071683e-08	-4.731363e-09	-5.701419e+01	-5.616754e+02
1.000000e-08	-1.071698e-08	-4.735834e-09	-5.701495e+01	-5.615317e+02
2.000000e-08	-1.071685e-08	-4.735884e-09	-5.701431e+01	-5.613734e+02
3.000000e-08	-1.071653e-08	-4.732307e-09	-5.701256e+01	-5.612005e+02
4.000000e-08	-1.071607e-08	-4.728015e-09	-5.701013e+01	-5.610129e+02
5.000000e-08	-1.071546e-08	-4.726227e-09	-5.700690e+01	-5.608108e+02
6.000000e-08	-1.071469e-08	-4.726443e-09	-5.700277e+01	-5.605940e+02
7.000000e-08	-1.071365e-08	-4.724386e-09	-5.699724e+01	-5.603627e+02
8.000000e-08	-1.071219e-08	-4.694919e-09	-5.698950e+01	-5.601167e+02
9.000000e-08	-1.071018e-08	-4.654677e-09	-5.697879e+01	-5.598562e+02
1.000000e-07	-1.070752e-08	-4.690975e-09	-5.696467e+01	-5.595811e+02
1.100000e-07	-1.070432e-08	-4.824623e-09	-5.694760e+01	-5.592914e+02
1.200000e-07	-1.070075e-08	-4.866675e-09	-5.692866e+01	-5.589871e+02
1.300000e-07	-1.069701e-08	-4.732695e-09	-5.690875e+01	-5.586683e+02
1.400000e-07	-1.069316e-08	-4.660518e-09	-5.688826e+01	-5.583349e+02
1.500000e-07	-1.068914e-08	-4.672863e-09	-5.686687e+01	-5.579870e+02
1.600000e-07	-1.068490e-08	-4.602132e-09	-5.684430e+01	-5.576246e+02
1.700000e-07	-1.068045e-08	-4.525157e-09	-5.682061e+01	-5.572476e+02
1.800000e-07	-1.067582e-08	-4.645219e-09	-5.679598e+01	-5.568561e+02
1.900000e-07	-1.067104e-08	-4.776384e-09	-5.677059e+01	-5.564501e+02
2.000000e-07	-1.066613e-08	-4.751329e-09	-5.674447e+01	-5.560296e+02
2.100000e-07	-1.066109e-08	-4.705299e-09	-5.671764e+01	-5.555947e+02
2.200000e-07	-1.065580e-08	-4.625317e-09	-5.668950e+01	-5.551452e+02
2.300000e-07	-1.065011e-08	-4.608243e-09	-5.665921e+01	-5.546814e+02
2.400000e-07	-1.064394e-08	-4.642336e-09	-5.662640e+01	-5.542030e+02
2.500000e-07	-1.063732e-08	-4.713328e-09	-5.659119e+01	-5.537102e+02
2.600000e-07	-1.063039e-08	-4.793719e-09	-5.655433e+01	-5.532031e+02
2.700000e-07	-1.062327e-08	-4.697563e-09	-5.651643e+01	-5.526814e+02
2.800000e-07	-1.061594e-08	-4.642734e-09	-5.647746e+01	-5.521455e+02
2.900000e-07	-1.060835e-08	-4.739309e-09	-5.643705e+01	-5.515951e+02
3.000000e-07	-1.060047e-08	-4.637329e-09	-5.639516e+01	-5.510303e+02
3.100000e-07	-1.059240e-08	-4.421300e-09	-5.635222e+01	-5.504512e+02
3.200000e-07	-1.058413e-08	-4.581370e-09	-5.630821e+01	-5.498578e+02
3.300000e-07	-1.057565e-08	-4.782503e-09	-5.626312e+01	-5.492500e+02
3.400000e-07	-1.056702e-08	-4.644150e-09	-5.621721e+01	-5.486280e+02
3.500000e-07	-1.055821e-08	-4.600436e-09	-5.617032e+01	-5.479916e+02
3.600000e-07	-1.054912e-08	-4.678532e-09	-5.612198e+01	-5.473410e+02
3.700000e-07	-1.053972e-08	-4.573613e-09	-5.607197e+01	-5.466761e+02
3.800000e-07	-1.052995e-08	-4.505799e-09	-5.601996e+01	-5.459970e+02
3.900000e-07	-1.051966e-08	-4.647372e-09	-5.596523e+01	-5.453037e+02
4.000000e-07	-1.050888e-08	-4.667500e-09	-5.590786e+01	-5.445961e+02
4.100000e-07	-1.049766e-08	-4.601898e-09	-5.584819e+01	-5.438744e+02
4.200000e-07	-1.048605e-08	-4.669427e-09	-5.578642e+01	-5.431385e+02
4.300000e-07	-1.047412e-08	-4.647848e-09	-5.572298e+01	-5.423885e+02
4.400000e-07	-1.046191e-08	-4.517211e-09	-5.565800e+01	-5.416243e+02
4.500000e-07	-1.044941e-08	-4.513641e-09	-5.559152e+01	-5.408461e+02
4.600000e-07	-1.043666e-08	-4.595948e-09	-5.552364e+01	-5.400537e+02
4.700000e-07	-1.042366e-08	-4.598056e-09	-5.545451e+01	-5.392473e+02
4.800000e-07	-1.041041e-08	-4.596679e-09	-5.538402e+01	-5.384268e+02
4.900000e-07	-1.039687e-08	-4.601486e-09	-5.531199e+01	-5.375923e+02
5.000000e-07	-1.038304e-08	-4.549938e-09	-5.523838e+01	-5.367438e+02
5.100000e-07	-1.036888e-08	-4.520630e-09	-5.516307e+01	-5.358814e+02
5.200000e-07	-1.035439e-08	-4.511172e-09	-5.508597e+01	-5.350049e+02
5.300000e-07	-1.033956e-08	-4.510381e-09	-5.500707e+01	-5.341146e+02
5.400000e-07	-1.032436e-08	-4.542646e-09	-5.492623e+01	-5.332103e+02
5.500000e-07	-1.030874e-08	-4.564404e-09	-5.484315e+01	-5.322921e+02
5.600000e-07	-1.029270e-08	-4.533970e-09	-5.475777e+01	-5.313601e+02
5.700000e-07	-1.027628e-08	-4.503807e-09	-5.467043e+01	-5.304142e+02
5.800000e-07	-1.025950e-08	-4.477496e-09	-5.458116e+01	-5.294545e+02
5.900000e-07	-1.024235e-08	-4.458624e-09	-5.448995e+01	-5.284811e+02
6.000000e-07	-1.022493e-08	-4.488034e-09	-5.439724e+01	-5.274938e+02
6.100000e-07	-1.020723e-08	-4.498070e-09	-5.430311e+01	-5.264929e+02
6.200000e-07	-1.018933e-08	-4.485930e-09	-5.420785e+01	-5.254782e+02
6.300000e-07	-1.017125e-08	-4.492030e-09	-5.411167e+01	-5.244498e+02
6.400000e-07	-1.015298e-08	-4.482908e-09	-5.401450e+01	-5.234078e+02
6.500000e-07	-1.013455e-08	-4.444344e-09	-5.391643e+01	-5.223521e+02
6.600000e-07	-1.011590e-08	-4.431159e-09	-5.381723e+01	-5.212828e+02
6.700000e-07	-1.009703e-08	-4.444932e-09	-5.371682e+01	-5.202000e+02
6.800000e-07	-1.007789e-08	-4.450788e-09	-5.361502e+01	-5.191036e+02
6.900000e-07	-1.005846e-08	-4.461988e-09	-5.351162e+01	-5.179936e+02
7.000000e-07	-1.003874e-08	-4.454122e-09	-5.340671e+01	-5.168702e+02
7.100000e-07	-1.001876e-08	-4.430395e-09	-5.330042e+01	-5.157334e+02
7.200000e-07	-9.998554e-09	-4.414723e-09	-5.319292e+01	-5.145830e+02
7.300000e-07	-9.978181e-09	-4.407805e-09	-5.308453e+01	-5.134193e+02
7.400000e-07	-9.957676e-09	-4.405265e-09	-5.297544e+01	-5.122422e+02
7.500000e-07	-9.937044e-09	-4.406083e-09	-5.286568e+01	-5.110518e+02
7.600000e-07	-9.916270e-09	-4.408912e-09	-5.275516e+01	-5.098481e+02
7.700000e-07	-9.895304e-09	-4.399098e-09	-5.264362e+01	-5.086311e+02
7.800000e-07	-9.874092e-09	-4.384060e-09	-5.253077e+01	-5.074008e+02
7.900000e-07	-9.852620e-09	-4.364390e-09	-5.241654e+01	-5.061573e+02
8.000000e-07	-9.830902e-09	-4.353681e-09	-5.230100e+01	-5.049007e+02
8.100000e-07	-9.808915e-09	-4.357889e-09	-5.218402e+01	-5.036308e+02
8.200000e-07	-9.786654e-09	-4.362625e-09	-5.206560e+01	-5.023479e+02
8.300000e-07	-9.764142e-09	-4.359148e-09	-5.194583e+01	-5.010519e+02
8.400000e-07	-9.741399e-09	-4.345508e-09	-5.182484e+01	-4.997428e+02
8.500000e-07	-9.718431e-09	-4.333113e-09	-5.170265e+01	-4.984207e+02
8.600000e-07	-9.695200e-09	-4.320812e-09	-5.157906e+01	-4.970857e+02
8.700000e-07	-9.671695e-09	-4.314328e-09	-5.145401e+01	-4.957377e+02
8.800000e-07	-9.647930e-09	-4.311129e-09	-5.132758e+01	-4.943767e+02
8.900000e-07	-9.623936e-09	-4.308518e-09	-5.119993e+01	-4.930029e+02
9.000000e-07	-9.599770e-09	-4.304244e-09	-5.107136e+01	-4.916163e+02
9.100000e-07	-9.575442e-09	-4.293318e-09	-5.094194e+01	-4.902168e+02
9.200000e-07	-9.550926e-09	-4.278721e-09	-5.081151e+01	-4.888046e+02
9.300000e-07	-9.526231e-09	-4.259363e-09	-5.068013e+01	-4.873797e+02
9.400000e-07	-9.501332e-09	-4.245545e-09	-5.054766e+01	-4.859420e+02
9.500000e-07	-9.476215e-09	-4.239912e-09	-5.041404e+01	-4.844917e+02
9.600000e-07	-9.450823e-09	-4.240707e-09	-5.027896e+01	-4.830288e+02
9.700000e-07	-9.425111e-09	-4.237004e-09	-5.014217e+01	-4.815533e+02
9.800000e-07	-9.399026e-09	-4.223388e-09	-5.000340e+01	-4.800653e+02
9.900000e-07	-9.372526e-09	-4.206791e-09	-4.986242e+01	-4.785647e+02
1.000000e-06	-9.345625e-09	-4.191449e-09	-4.971930e+01	-4.770517e+02
1.010000e-06	-9.318360e-09	-4.182175e-09	-4.957425e+01	-4.755262e+02
1.020000e-06	-9.290778e-09	-4.173928e-09	-4.942752e+01	-4.739884e+02
1.030000e-06	-9.262908e-09	-4.165545e-09	-4.927925e+01	-4.724382e+02
1.040000e-06	-9.234803e-09	-4.153084e-09	-4.912973e+01	-4.708758e+02
1.050000e-06	-9.206504e-09	-4.138341e-09	-4.897917e+01	-4.693010e+02
1.060000e-06	-9.178042e-09	-4.125123e-09	-4.882775e+01	-4.677141e+02
1.070000e-06	-9.149412e-09	-4.112208e-09	-4.867544e+01	-4.661149e+02
1.080000e-06	-9.120597e-09	-4.101185e-09	-4.852214e+01	-4.645036e+02
1.090000e-06	-9.091606e-09	-4.088598e-09	-4.836790e+01	-4.628802e+02
1.100000e-06	-9.062439e-09	-4.075484e-09	-4.821274e+01	-4.612448e+02
1.110000e-06	-9.033059e-09	-4.060560e-09	-4.805643e+01	-4.595973e+02
1.120000e-06	-9.003448e-09	-4.043180e-09	-4.789890e+01	-4.579379e+02
1.130000e-06	-8.973604e-09	-4.023775e-09	-4.774013e+01	-4.562665e+02
1.140000e-06	-8.943498e-09	-4.007092e-09	-4.757996e+01	-4.545833e+02
1.150000e-06	-8.913163e-09	-3.996499e-09	-4.741858e+01	-4.528882e+02
1.160000e-06	-8.882643e-09	-3.987234e-09	-4.725621e+01	-4.511813e+02
1.170000e-06	-8.851933e-09	-3.977609e-09	-4.709283e+01	-4.494626e+02
1.180000e-06	-8.821013e-09	-3.962079e-09	-4.692833e+01	-4.477323e+02
1.190000e-06	-8.789889e-09	-3.941545e-09	-4.676275e+01	-4.459903e+02
1.200000e-06	-8.758551e-09	-3.920617e-09	-4.659603e+01	-4.442367e+02
1.210000e-06	-8.726972e-09	-3.899785e-09	-4.642803e+01	-4.424715e+02
1.220000e-06	-8.695172e-09	-3.881343e-09	-4.625885e+01	-4.406947e+02
1.230000e-06	-8.663180e-09	-3.865133e-09	-4.608865e+01	-4.389065e+02
1.240000e-06	-8.631005e-09	-3.850336e-09	-4.591747e+01	-4.371069e+02
1.250000e-06	-8.598675e-09	-3.839768e-09	-4.574548e+01	-4.352959e+02
1.260000e-06	-8.566180e-09	-3.831472e-09	-4.557260e+01	-4.334735e+02
1.270000e-06	-8.533502e-09	-3.823341e-09	-4.539875e+01	-4.316399e+02
1.280000e-06	-8.500637e-09	-3.810907e-09	-4.522391e+01	-4.297950e+02
1.290000e-06	-8.467556e-09	-3.790595e-09	-4.504792e+01	-4.279389e+02
1.300000e-06	-8.434257e-09	-3.766017e-09	-4.487076e+01	-4.260717e+02
1.310000e-06	-8.400713e-09	-3.741435e-09	-4.469231e+01	-4.241933e+02
1.320000e-06	-8.366882e-09	-3.724022e-09	-4.451233e+01	-4.223039e+02
1.330000e-06	-8.332768e-09	-3.710280e-09	-4.433084e+01	-4.204035e+02
1.340000e-06	-8.298345e-09	-3.699852e-09	-4.414771e+01	-4.184922e+02
1.350000e-06	-8.263560e-09	-3.693011e-09	-4.396265e+01	-4.165700e+02
1.360000e-06	-8.228426e-09	-3.683721e-09	-4.377574e+01	-4.146369e+02
1.370000e-06	-8.192988e-09	-3.669120e-09	-4.358721e+01	-4.126930e+02
1.380000e-06	-8.157268e-09	-3.645907e-09	-4.339718e+01	-4.107383e+02
1.390000e-06	-8.121307e-09	-3.621977e-09	-4.320586e+01	-4.087730e+02
1.400000e-06	-8.085142e-09	-3.601401e-09	-4.301346e+01	-4.067970e+02
1.410000e-06	-8.048793e-09	-3.583854e-09	-4.282008e+01	-4.048104e+02
1.420000e-06	-8.012297e-09	-3.570069e-09	-4.262592e+01	-4.028133e+02
1.430000e-06	-7.975662e-09	-3.558200e-09	-4.243102e+01	-4.008057e+02
1.440000e-06	-7.938877e-09	-3.548385e-09	-4.223532e+01	-3.987876e+02
1.450000e-06	-7.901964e-09	-3.537266e-09	-4.203894e+01	-3.967592e+02
1.460000e-06	-7.864942e-09	-3.523082e-09	-4.184198e+01	-3.947204e+02
1.470000e-06	-7.827727e-09	-3.504569e-09	-4.164399e+01	-3.926713e+02
1.480000e-06	-7.790295e-09	-3.482658e-09	-4.144485e+01	-3.906120e+02
1.490000e-06	-7.752668e-09	-3.460871e-09	-4.124467e+01	-3.885425e+02
1.500000e-06	-7.714822e-09	-3.443441e-09	-4.104333e+01	-3.864629e+02
1.510000e-06	-7.676762e-09	-3.431103e-09	-4.084085e+01	-3.843732e+02
1.520000e-06	-7.638489e-09	-3.417392e-09	-4.063723e+01	-3.822736e+02
1.530000e-06	-7.600029e-09	-3.402618e-09	-4.043262e+01	-3.801639e+02
1.540000e-06	-7.561391e-09	-3.389073e-09	-4.022707e+01	-3.780444e+02
1.550000e-06	-7.522561e-09	-3.377158e-09	-4.002049e+01	-3.759150e+02
1.560000e-06	-7.483563e-09	-3.364659e-09	-3.981302e+01	-3.737758e+02
1.570000e-06	-7.444395e-09	-3.347849e-09	-3.960464e+01	-3.716269e+02
1.580000e-06	-7.405043e-09	-3.327855e-09	-3.939529e+01	-3.694683e+02
1.590000e-06	-7.365504e-09	-3.306834e-09	-3.918493e+01	-3.673001e+02
1.600000e-06	-7.325786e-09	-3.286792e-09	-3.897363e+01	-3.651223e+02
1.610000e-06	-7.285898e-09	-3.266822e-09	-3.876143e+01	-3.629350e+02
1.620000e-06	-7.245832e-09	-3.247802e-09	-3.854827e+01	-3.607382e+02
1.630000e-06	-7.205609e-09	-3.230580e-09	-3.833428e+01	-3.585320e+02
1.640000e-06	-7.165250e-09	-3.216363e-09	-3.811957e+01	-3.563165e+02
1.650000e-06	-7.124756e-09	-3.204796e-09	-3.790414e+01	-3.540918e+02
1.660000e-06	-7.084130e-09	-3.187508e-09	-3.768800e+01	-3.518577e+02
1.670000e-06	-7.043351e-09	-3.161961e-09	-3.747106e+01	-3.496146e+02
1.680000e-06	-7.002421e-09	-3.130932e-09	-3.725331e+01	-3.473623e+02
1.690000e-06	-6.961345e-09	-3.105389e-09	-3.703478e+01	-3.451010e+02
1.700000e-06	-6.920109e-09	-3.091016e-09	-3.681540e+01	-3.428306e+02
1.710000e-06	-6.878700e-09	-3.078800e-09	-3.659510e+01	-3.405514e+02
1.720000e-06	-6.837081e-09	-3.066372e-09	-3.637369e+01	-3.382632e+02
1.730000e-06	-6.795191e-09	-3.045886e-09	-3.615083e+01	-3.359663e+02
1.740000e-06	-6.753029e-09	-3.017578e-09	-3.592653e+01	-3.336606e+02
1.750000e-06	-6.710642e-09	-2.986314e-09	-3.570103e+01	-3.313462e+02
1.760000e-06	-6.667961e-09	-2.955472e-09	-3.547397e+01	-3.290232e+02
1.770000e-06	-6.625012e-09	-2.933328e-09	-3.524548e+01	-3.266916e+02
1.780000e-06	-6.581829e-09	-2.916326e-09	-3.501575e+01	-3.243515e+02
1.790000e-06	-6.538396e-09	-2.904022e-09	-3.478468e+01	-3.220030e+02
1.800000e-06	-6.494767e-09	-2.889953e-09	-3.455257e+01	-3.196460e+02
1.810000e-06	-6.450922e-09	-2.867796e-09	-3.431931e+01	-3.172807e+02
1.820000e-06	-6.406893e-09	-2.839131e-09	-3.408508e+01	-3.149072e+02
1.830000e-06	-6.362718e-09	-2.806784e-09	-3.385007e+01	-3.125255e+02
1.840000e-06	-6.318393e-09	-2.780153e-09	-3.361425e+01	-3.101356e+02
1.850000e-06	-6.273925e-09	-2.761189e-09	-3.337768e+01	-3.077376e+02
1.860000e-06	-6.229333e-09	-2.747726e-09	-3.314044e+01	-3.053316e+02
1.870000e-06	-6.184634e-09	-2.733937e-09	-3.290264e+01	-3.029177e+02
1.880000e-06	-6.139821e-09	-2.713484e-09	-3.266423e+01	-3.004959e+02
1.890000e-06	-6.094847e-09	-2.686097e-09	-3.242497e+01	-2.980662e+02
1.900000e-06	-6.049747e-09	-2.654294e-09	-3.218503e+01	-2.956288e+02
1.910000e-06	-6.004549e-09	-2.624598e-09	-3.194458e+01	-2.931836e+02
1.920000e-06	-5.959215e-09	-2.600816e-09	-3.170340e+01	-2.907309e+02
1.930000e-06	-5.913715e-09	-2.583567e-09	-3.146133e+01	-2.882705e+02
1.940000e-06	-5.868067e-09	-2.569970e-09	-3.121848e+01	-2.858027e+02
1.950000e-06	-5.822318e-09	-2.554171e-09	-3.097510e+01	-2.833274e+02
1.960000e-06	-5.776415e-09	-2.535745e-09	-3.073089e+01	-2.808447e+02
1.970000e-06	-5.730338e-09	-2.514530e-09	-3.048576e+01	-2.783547e+02
1.980000e-06	-5.684134e-09	-2.491301e-09	-3.023995e+01	-2.758574e+02
1.990000e-06	-5.637797e-09	-2.467967e-09	-2.999343e+01	-2.733530e+02
2.000000e-06	-5.591308e-09	-2.444503e-09	-2.974611e+01	-2.708414e+02
2.010000e-06	-5.544670e-09	-2.422480e-09	-2.949799e+01	-2.683228e+02
2.020000e-06	-5.497878e-09	-2.400868e-09	-2.924906e+01	-2.657972e+02
2.030000e-06	-5.450930e-09	-2.380082e-09	-2.899929e+01	-2.632646e+02
2.040000e-06	-5.403843e-09	-2.360144e-09	-2.874879e+01	-2.607252e+02
2.050000e-06	-5.356631e-09	-2.340924e-09	-2.849762e+01	-2.581790e+02
2.060000e-06	-5.309278e-09	-2.321571e-09	-2.824569e+01	-2.556261e+02
2.070000e-06	-5.261783e-09	-2.299320e-09	-2.799302e+01	-2.530665e+02
2.080000e-06	-5.214191e-09	-2.275233e-09	-2.773983e+01	-2.505003e+02
2.090000e-06	-5.166500e-09	-2.250561e-09	-2.748611e+01	-2.479276e+02
2.100000e-06	-5.118680e-09	-2.228464e-09	-2.723170e+01	-2.453484e+02
2.110000e-06	-5.070731e-09	-2.209317e-09	-2.697661e+01	-2.427629e+02
2.120000e-06	-5.022680e-09	-2.189603e-09	-2.672098e+01	-2.401710e+02
2.130000e-06	-4.974540e-09	-2.169396e-09	-2.646487e+01	-2.375728e+02
2.140000e-06	-4.926280e-09	-2.149717e-09	-2.620812e+01	-2.349685e+02
2.150000e-06	-4.877875e-09	-2.132296e-09	-2.595060e+01	-2.323580e+02
2.160000e-06	-4.829361e-09	-2.112808e-09	-2.569251e+01	-2.297415e+02
2.170000e-06	-4.780763e-09	-2.088635e-09	-2.543396e+01	-2.271190e+02
2.180000e-06	-4.732033e-09	-2.064154e-09	-2.517471e+01	-2.244905e+02
2.190000e-06	-4.683178e-09	-2.040616e-09	-2.491480e+01	-2.218562e+02
2.200000e-06	-4.634223e-09	-2.018953e-09	-2.465436e+01	-2.192162e+02
2.210000e-06	-4.585126e-09	-2.000172e-09	-2.439316e+01	-2.165704e+02
2.220000e-06	-4.535844e-09	-1.981986e-09	-2.413098e+01	-2.139190e+02
2.230000e-06	-4.486459e-09	-1.960213e-09	-2.386825e+01	-2.112620e+02
2.240000e-06	-4.436978e-09	-1.935020e-09	-2.360500e+01	-2.085995e+02
2.250000e-06	-4.387312e-09	-1.910632e-09	-2.334078e+01	-2.059315e+02
2.260000e-06	-4.337498e-09	-1.888151e-09	-2.307577e+01	-2.032582e+02
2.270000e-06	-4.287518e-09	-1.866122e-09	-2.280988e+01	-2.005796e+02
2.280000e-06	-4.237363e-09	-1.843698e-09	-2.254305e+01	-1.978958e+02
2.290000e-06	-4.187126e-09	-1.821339e-09	-2.227579e+01	-1.952068e+02
2.300000e-06	-4.136757e-09	-1.799645e-09	-2.200783e+01	-1.925127e+02
2.310000e-06	-4.086189e-09	-1.777249e-09	-2.173881e+01	-1.898136e+02
2.320000e-06	-4.035482e-09	-1.753500e-09	-2.146904e+01	-1.871096e+02
2.330000e-06	-3.984630e-09	-1.727133e-09	-2.119851e+01	-1.844006e+02
2.340000e-06	-3.933631e-09	-1.700891e-09	-2.092719e+01	-1.816869e+02
2.350000e-06	-3.882470e-09	-1.677709e-09	-2.065502e+01	-1.789684e+02
2.360000e-06	-3.831170e-09	-1.655213e-09	-2.038210e+01	-1.762453e+02
2.370000e-06	-3.779750e-09	-1.632845e-09	-2.010855e+01	-1.735176e+02
2.380000e-06	-3.728206e-09	-1.607001e-09	-1.983433e+01	-1.707853e+02
2.390000e-06	-3.676534e-09	-1.577577e-09	-1.955943e+01	-1.680486e+02
2.400000e-06	-3.624721e-09	-1.546000e-09	-1.928379e+01	-1.653075e+02
2.410000e-06	-3.572784e-09	-1.513881e-09	-1.900747e+01	-1.625621e+02
2.420000e-06	-3.520738e-09	-1.486329e-09	-1.873059e+01	-1.598125e+02
2.430000e-06	-3.468591e-09	-1.462764e-09	-1.845316e+01	-1.570587e+02
2.440000e-06	-3.416334e-09	-1.442101e-09	-1.817515e+01	-1.543008e+02
2.450000e-06	-3.363962e-09	-1.418088e-09	-1.789653e+01	-1.515388e+02
2.460000e-06	-3.311477e-09	-1.388975e-09	-1.761731e+01	-1.487729e+02
2.470000e-06	-3.258921e-09	-1.358625e-09	-1.733771e+01	-1.460032e+02
2.480000e-06	-3.206290e-09	-1.329463e-09	-1.705771e+01	-1.432296e+02
2.490000e-06	-3.153553e-09	-1.303739e-09	-1.677714e+01	-1.404523e+02
2.500000e-06	-3.100728e-09	-1.279258e-09	-1.649611e+01	-1.376714e+02
2.510000e-06	-3.047847e-09	-1.255150e-09	-1.621478e+01	-1.348868e+02
2.520000e-06	-2.994903e-09	-1.230901e-09	-1.593312e+01	-1.320987e+02
2.530000e-06	-2.941882e-09	-1.206545e-09	-1.565104e+01	-1.293072e+02
2.540000e-06	-2.888773e-09	-1.180150e-09	-1.536850e+01	-1.265123e+02
2.550000e-06	-2.835581e-09	-1.151996e-09	-1.508551e+01	-1.237141e+02
2.560000e-06	-2.782317e-09	-1.124188e-09	-1.480215e+01	-1.209127e+02
2.570000e-06	-2.728993e-09	-1.098078e-09	-1.451846e+01	-1.181081e+02
2.580000e-06	-2.675599e-09	-1.074118e-09	-1.423440e+01	-1.153005e+02
2.590000e-06	-2.622116e-09	-1.049149e-09	-1.394987e+01	-1.124898e+02
2.600000e-06	-2.568571e-09	-1.022422e-09	-1.366501e+01	-1.096762e+02
2.610000e-06	-2.514979e-09	-9.943933e-10	-1.337989e+01	-1.068598e+02
2.620000e-06	-2.461335e-09	-9.676261e-10	-1.309450e+01	-1.040405e+02
2.630000e-06	-2.407627e-09	-9.425665e-10	-1.280877e+01	-1.012185e+02
2.640000e-06	-2.353852e-09	-9.183060e-10	-1.252268e+01	-9.839394e+01
2.650000e-06	-2.300036e-09	-8.945409e-10	-1.223638e+01	-9.556676e+01
2.660000e-06	-2.246177e-09	-8.691635e-10	-1.194985e+01	-9.273709e+01
2.670000e-06	-2.192250e-09	-8.429773e-10	-1.166296e+01	-8.990500e+01
2.680000e-06	-2.138243e-09	-8.163095e-10	-1.137563e+01	-8.707056e+01
2.690000e-06	-2.084172e-09	-7.892651e-10	-1.108797e+01	-8.423385e+01
2.700000e-06	-2.030063e-09	-7.631509e-10	-1.080011e+01	-8.139494e+01
2.710000e-06	-1.975901e-09	-7.376829e-10	-1.051196e+01	-7.855390e+01
2.720000e-06	-1.921667e-09	-7.137328e-10	-1.022343e+01	-7.571081e+01
2.730000e-06	-1.867385e-09	-6.910512e-10	-9.934648e+00	-7.286575e+01
2.740000e-06	-1.813081e-09	-6.673291e-10	-9.645749e+00	-7.001878e+01
2.750000e-06	-1.758716e-09	-6.432041e-10	-9.356527e+00	-6.716998e+01
2.760000e-06	-1.704291e-09	-6.173640e-10	-9.066982e+00	-6.431942e+01
2.770000e-06	-1.649840e-09	-5.900478e-10	-8.777298e+00	-6.146718e+01
2.780000e-06	-1.595352e-09	-5.635896e-10	-8.487417e+00	-5.861334e+01
2.790000e-06	-1.540818e-09	-5.410249e-10	-8.197294e+00	-5.575796e+01
2.800000e-06	-1.486244e-09	-5.218095e-10	-7.906955e+00	-5.290113e+01
2.810000e-06	-1.431633e-09	-5.007702e-10	-7.616421e+00	-5.004291e+01
2.820000e-06	-1.376993e-09	-4.755432e-10	-7.325736e+00	-4.718338e+01
2.830000e-06	-1.322316e-09	-4.461784e-10	-7.034848e+00	-4.432262e+01
2.840000e-06	-1.267596e-09	-4.178789e-10	-6.743736e+00	-4.146070e+01
2.850000e-06	-1.212848e-09	-3.936207e-10	-6.452474e+00	-3.859769e+01
2.860000e-06	-1.158070e-09	-3.717993e-10	-6.161050e+00	-3.573367e+01
2.870000e-06	-1.103257e-09	-3.482943e-10	-5.869441e+00	-3.286871e+01
2.880000e-06	-1.048434e-09	-3.204480e-10	-5.577777e+00	-3.000289e+01
2.890000e-06	-9.935953e-10	-2.929228e-10	-5.286035e+00	-2.713628e+01
2.900000e-06	-9.387316e-10	-2.680752e-10	-4.994156e+00	-2.426895e+01
2.910000e-06	-8.838394e-10	-2.428529e-10	-4.702126e+00	-2.140099e+01
2.920000e-06	-8.289149e-10	-2.146238e-10	-4.409925e+00	-1.853247e+01
2.930000e-06	-7.739943e-10	-1.860053e-10	-4.117744e+00	-1.566345e+01
2.940000e-06	-7.190642e-10	-1.608051e-10	-3.825513e+00	-1.279403e+01
2.950000e-06	-6.640979e-10	-1.385560e-10	-3.533089e+00	-9.924258e+00
2.960000e-06	-6.091276e-10	-1.165117e-10	-3.240644e+00	-7.054224e+00
2.970000e-06	-5.541534e-10	-9.110266e-11	-2.948178e+00	-4.184000e+00
2.980000e-06	-4.991339e-10	-6.274514e-11	-2.655472e+00	-1.313660e+00
2.990000e-06	-4.441007e-10	-3.408595e-11	-2.362692e+00	1.556720e+00
3.000000e-06	-3.890646e-10	-7.334458e-12	-2.069896e+00	4.427067e+00
3.010000e-06	-3.340221e-10	1.925061e-11	-1.777067e+00	7.297306e+00
3.020000e-06	-2.789829e-10	4.893486e-11	-1.484254e+00	1.016736e+01
3.030000e-06	-2.239187e-10	8.010924e-11	-1.191309e+00	1.303716e+01
3.040000e-06	-1.688350e-10	1.103851e-10	-8.982610e-01	1.590662e+01
3.050000e-06	-1.137669e-10	1.357444e-10	-6.052957e-01	1.877568e+01
3.060000e-06	-5.871851e-11	1.577668e-10	-3.124352e-01	2.164426e+01
3.070000e-06	-3.683665e-12	1.820765e-10	-1.964680e-02	2.451228e+01
3.080000e-06	5.131780e-11	2.110892e-10	2.729645e-01	2.737966e+01
3.090000e-06	1.063340e-10	2.430712e-10	5.656535e-01	3.024635e+01
3.100000e-06	1.613760e-10	2.725507e-10	8.584802e-01	3.311225e+01
3.110000e-06	2.164076e-10	3.008454e-10	1.151252e+00	3.597729e+01
3.120000e-06	2.714405e-10	3.298195e-10	1.444030e+00	3.884141e+01
3.130000e-06	3.264537e-10	3.595014e-10	1.736703e+00	4.170452e+01
3.140000e-06	3.814489e-10	3.892393e-10	2.029281e+00	4.456655e+01
3.150000e-06	4.364624e-10	4.148859e-10	2.321957e+00	4.742743e+01
3.160000e-06	4.914550e-10	4.376998e-10	2.614522e+00	5.028708e+01
3.170000e-06	5.464246e-10	4.616257e-10	2.906963e+00	5.314543e+01
3.180000e-06	6.013860e-10	4.877111e-10	3.199361e+00	5.600241e+01
3.190000e-06	6.563394e-10	5.155765e-10	3.491717e+00	5.885793e+01
3.200000e-06	7.112963e-10	5.445875e-10	3.784091e+00	6.171192e+01
3.210000e-06	7.662275e-10	5.740213e-10	4.076329e+00	6.456432e+01
3.220000e-06	8.211232e-10	6.022023e-10	4.368377e+00	6.741504e+01
3.230000e-06	8.759918e-10	6.305584e-10	4.660281e+00	7.026402e+01
3.240000e-06	9.308406e-10	6.562403e-10	4.952080e+00	7.311117e+01
3.250000e-06	9.856791e-10	6.757211e-10	5.243824e+00	7.595642e+01
3.260000e-06	1.040510e-09	6.931744e-10	5.535526e+00	7.879971e+01
3.270000e-06	1.095295e-09	7.137298e-10	5.826988e+00	8.164095e+01
3.280000e-06	1.150031e-09	7.405762e-10	6.118184e+00	8.448007e+01
3.290000e-06	1.204759e-09	7.704930e-10	6.409343e+00	8.731700e+01
3.300000e-06	1.259478e-09	7.998223e-10	6.700449e+00	9.015166e+01
3.310000e-06	1.314155e-09	8.267167e-10	6.991333e+00	9.298398e+01
3.320000e-06	1.368766e-09	8.515708e-10	7.281871e+00	9.581389e+01
3.330000e-06	1.423332e-09	8.775235e-10	7.572168e+00	9.864131e+01
3.340000e-06	1.477854e-09	9.025071e-10	7.862226e+00	1.014662e+02
3.350000e-06	1.532337e-09	9.246212e-10	8.152077e+00	1.042884e+02
3.360000e-06	1.586782e-09	9.448641e-10	8.441729e+00	1.071079e+02
3.370000e-06	1.641194e-09	9.662539e-10	8.731208e+00	1.099247e+02
3.380000e-06	1.695585e-09	9.906698e-10	9.020570e+00	1.127385e+02
3.390000e-06	1.749924e-09	1.017144e-09	9.309658e+00	1.155495e+02
3.400000e-06	1.804191e-09	1.045369e-09	9.598363e+00	1.183574e+02
3.410000e-06	1.858410e-09	1.073684e-09	9.886811e+00	1.211623e+02
3.420000e-06	1.912590e-09	1.099960e-09	1.017505e+01	1.239640e+02
3.430000e-06	1.966726e-09	1.123533e-09	1.046306e+01	1.267626e+02
3.440000e-06	2.020801e-09	1.143506e-09	1.075074e+01	1.295578e+02
3.450000e-06	2.074786e-09	1.161782e-09	1.103794e+01	1.323496e+02
3.460000e-06	2.128720e-09	1.181847e-09	1.132488e+01	1.351380e+02
3.470000e-06	2.182615e-09	1.204851e-09	1.161160e+01	1.379229e+02
3.480000e-06	2.236447e-09	1.231886e-09	1.189799e+01	1.407043e+02
3.490000e-06	2.290218e-09	1.260844e-09	1.218406e+01	1.434819e+02
3.500000e-06	2.343925e-09	1.288868e-09	1.246978e+01	1.462558e+02
3.510000e-06	2.397578e-09	1.314210e-09	1.275522e+01	1.490260e+02
3.520000e-06	2.451174e-09	1.336701e-09	1.304035e+01	1.517922e+02
3.530000e-06	2.504720e-09	1.357756e-09	1.332522e+01	1.545546e+02
3.540000e-06	2.558219e-09	1.376694e-09	1.360984e+01	1.573128e+02
3.550000e-06	2.611639e-09	1.394667e-09	1.389404e+01	1.600671e+02
3.560000e-06	2.664981e-09	1.417605e-09	1.417782e+01	1.628171e+02
3.570000e-06	2.718246e-09	1.445559e-09	1.446119e+01	1.655629e+02
3.580000e-06	2.771432e-09	1.474953e-09	1.474415e+01	1.683044e+02
3.590000e-06	2.824557e-09	1.502356e-09	1.502677e+01	1.710416e+02
3.600000e-06	2.877646e-09	1.524848e-09	1.530921e+01	1.737743e+02
3.610000e-06	2.930675e-09	1.544172e-09	1.559133e+01	1.765024e+02
3.620000e-06	2.983599e-09	1.563086e-09	1.587289e+01	1.792260e+02
3.630000e-06	3.036426e-09	1.586573e-09	1.615393e+01	1.819450e+02
3.640000e-06	3.089161e-09	1.613284e-09	1.643448e+01	1.846592e+02
3.650000e-06	3.141796e-09	1.638534e-09	1.671450e+01	1.873686e+02
3.660000e-06	3.194322e-09	1.662211e-09	1.699395e+01	1.900731e+02
3.670000e-06	3.246773e-09	1.684342e-09	1.727299e+01	1.927727e+02
3.680000e-06	3.299146e-09	1.708300e-09	1.755161e+01	1.954672e+02
3.690000e-06	3.351428e-09	1.735601e-09	1.782976e+01	1.981567e+02
3.700000e-06	3.403623e-09	1.763426e-09	1.810744e+01	2.008411e+02
3.710000e-06	3.455676e-09	1.789239e-09	1.838436e+01	2.035202e+02
3.720000e-06	3.507601e-09	1.811178e-09	1.866061e+01	2.061940e+02
3.730000e-06	3.559412e-09	1.832672e-09	1.893625e+01	2.088625e+02
3.740000e-06	3.611084e-09	1.855824e-09	1.921114e+01	2.115255e+02
3.750000e-06	3.662608e-09	1.881666e-09	1.948525e+01	2.141831e+02
3.760000e-06	3.713994e-09	1.908807e-09	1.975863e+01	2.168350e+02
3.770000e-06	3.765294e-09	1.934214e-09	2.003155e+01	2.194814e+02
3.780000e-06	3.816470e-09	1.958287e-09	2.030380e+01	2.221220e+02
3.790000e-06	3.867466e-09	1.979337e-09	2.057510e+01	2.247568e+02
3.800000e-06	3.918316e-09	1.999888e-09	2.084563e+01	2.273858e+02
3.810000e-06	3.969001e-09	2.021395e-09	2.111527e+01	2.300089e+02
3.820000e-06	4.019529e-09	2.044623e-09	2.138408e+01	2.326260e+02
3.830000e-06	4.069927e-09	2.070856e-09	2.165220e+01	2.352371e+02
3.840000e-06	4.120190e-09	2.097621e-09	2.191960e+01	2.378420e+02
3.850000e-06	4.170307e-09	2.122027e-09	2.218622e+01	2.404408e+02
3.860000e-06	4.220242e-09	2.141697e-09	2.245187e+01	2.430333e+02
3.870000e-06	4.269989e-09	2.159073e-09	2.271653e+01	2.456195e+02
3.880000e-06	4.319575e-09	2.177661e-09	2.298033e+01	2.481993e+02
3.890000e-06	4.369029e-09	2.199577e-09	2.324343e+01	2.507726e+02
3.900000e-06	4.418357e-09	2.224904e-09	2.350586e+01	2.533395e+02
3.910000e-06	4.467561e-09	2.252391e-09	2.376763e+01	2.558997e+02
3.920000e-06	4.516633e-09	2.276354e-09	2.402869e+01	2.584533e+02
3.930000e-06	4.565591e-09	2.296232e-09	2.428915e+01	2.610001e+02
3.940000e-06	4.614428e-09	2.315604e-09	2.454897e+01	2.635402e+02
3.950000e-06	4.663138e-09	2.333065e-09	2.480811e+01	2.660734e+02
3.960000e-06	4.711738e-09	2.349896e-09	2.506666e+01	2.685997e+02
3.970000e-06	4.760228e-09	2.365504e-09	2.532463e+01	2.711190e+02
3.980000e-06	4.808620e-09	2.384626e-09	2.558208e+01	2.736313e+02
3.990000e-06	4.856907e-09	2.410214e-09	2.583897e+01	2.761364e+02
4.000000e-06	4.905068e-09	2.438181e-09	2.609519e+01	2.786344e+02
4.010000e-06	4.953110e-09	2.462939e-09	2.635078e+01	2.811251e+02
4.020000e-06	5.001054e-09	2.480733e-09	2.660585e+01	2.836085e+02
4.030000e-06	5.048893e-09	2.495853e-09	2.686035e+01	2.860845e+02
4.040000e-06	5.096614e-09	2.511097e-09	2.711423e+01	2.885531e+02
4.050000e-06	5.144220e-09	2.529373e-09	2.736750e+01	2.910142e+02
4.060000e-06	5.191698e-09	2.549575e-09	2.762008e+01	2.934677e+02
4.070000e-06	5.239028e-09	2.570392e-09	2.787188e+01	2.959136e+02
4.080000e-06	5.286238e-09	2.591502e-09	2.812305e+01	2.983518e+02
4.090000e-06	5.333328e-09	2.611667e-09	2.837357e+01	3.007822e+02
4.100000e-06	5.380273e-09	2.631829e-09	2.862332e+01	3.032048e+02
4.110000e-06	5.427102e-09	2.648468e-09	2.887245e+01	3.056195e+02
4.120000e-06	5.473794e-09	2.663025e-09	2.912086e+01	3.080263e+02
4.130000e-06	5.520311e-09	2.677175e-09	2.936833e+01	3.104250e+02
4.140000e-06	5.566690e-09	2.692715e-09	2.961507e+01	3.128157e+02
4.150000e-06	5.612938e-09	2.712940e-09	2.986111e+01	3.151982e+02
4.160000e-06	5.659032e-09	2.735733e-09	3.010634e+01	3.175726e+02
4.170000e-06	5.704994e-09	2.757714e-09	3.035086e+01	3.199386e+02
4.180000e-06	5.750826e-09	2.776700e-09	3.059469e+01	3.222964e+02
4.190000e-06	5.796517e-09	2.795287e-09	3.083777e+01	3.246458e+02
4.200000e-06	5.842070e-09	2.814423e-09	3.108011e+01	3.269867e+02
4.210000e-06	5.887479e-09	2.832689e-09	3.132169e+01	3.293191e+02
4.220000e-06	5.932745e-09	2.848630e-09	3.156251e+01	3.316430e+02
4.230000e-06	5.977867e-09	2.863383e-09	3.180257e+01	3.339582e+02
4.240000e-06	6.022856e-09	2.881166e-09	3.204191e+01	3.362647e+02
4.250000e-06	6.067739e-09	2.903370e-09	3.228069e+01	3.385625e+02
4.260000e-06	6.112525e-09	2.928378e-09	3.251895e+01	3.408515e+02
4.270000e-06	6.157213e-09	2.950902e-09	3.275670e+01	3.431317e+02
4.280000e-06	6.201776e-09	2.969836e-09	3.299378e+01	3.454028e+02
4.290000e-06	6.246218e-09	2.987586e-09	3.323021e+01	3.476651e+02
4.300000e-06	6.290559e-09	3.005684e-09	3.346612e+01	3.499182e+02
4.310000e-06	6.334787e-09	3.025249e-09	3.370141e+01	3.521623e+02
4.320000e-06	6.378834e-09	3.044525e-09	3.393574e+01	3.543972e+02
4.330000e-06	6.422704e-09	3.064019e-09	3.416913e+01	3.566229e+02
4.340000e-06	6.466412e-09	3.086322e-09	3.440166e+01	3.588393e+02
4.350000e-06	6.509914e-09	3.109708e-09	3.463310e+01	3.610464e+02
4.360000e-06	6.553182e-09	3.132133e-09	3.486328e+01	3.632440e+02
4.370000e-06	6.596182e-09	3.154076e-09	3.509204e+01	3.654323e+02
4.380000e-06	6.638933e-09	3.174982e-09	3.531948e+01	3.676110e+02
4.390000e-06	6.681426e-09	3.194374e-09	3.554554e+01	3.697802e+02
4.400000e-06	6.723618e-09	3.212729e-09	3.577000e+01	3.719397e+02
4.410000e-06	6.765562e-09	3.232071e-09	3.599315e+01	3.740896e+02
4.420000e-06	6.807266e-09	3.251921e-09	3.621502e+01	3.762297e+02
4.430000e-06	6.848718e-09	3.270137e-09	3.643554e+01	3.783600e+02
4.440000e-06	6.889959e-09	3.288049e-09	3.665494e+01	3.804806e+02
4.450000e-06	6.931028e-09	3.306156e-09	3.687343e+01	3.825912e+02
4.460000e-06	6.971926e-09	3.323228e-09	3.709101e+01	3.846918e+02
4.470000e-06	7.012663e-09	3.338933e-09	3.730774e+01	3.867825e+02
4.480000e-06	7.053285e-09	3.355292e-09	3.752385e+01	3.888630e+02
4.490000e-06	7.093791e-09	3.376062e-09	3.773935e+01	3.909335e+02
4.500000e-06	7.134187e-09	3.399000e-09	3.795426e+01	3.929938e+02
4.510000e-06	7.174449e-09	3.418634e-09	3.816846e+01	3.950439e+02
4.520000e-06	7.214556e-09	3.433888e-09	3.838183e+01	3.970837e+02
4.530000e-06	7.254529e-09	3.446273e-09	3.859449e+01	3.991131e+02
4.540000e-06	7.294328e-09	3.460735e-09	3.880622e+01	4.011322e+02
4.550000e-06	7.333927e-09	3.479380e-09	3.901689e+01	4.031408e+02
4.560000e-06	7.373338e-09	3.499396e-09	3.922656e+01	4.051390e+02
4.570000e-06	7.412549e-09	3.519023e-09	3.943516e+01	4.071266e+02
4.580000e-06	7.451548e-09	3.536062e-09	3.964264e+01	4.091036e+02
4.590000e-06	7.490370e-09	3.549751e-09	3.984918e+01	4.110700e+02
4.600000e-06	7.529031e-09	3.561030e-09	4.005486e+01	4.130257e+02
4.610000e-06	7.567512e-09	3.571524e-09	4.025958e+01	4.149707e+02
4.620000e-06	7.605815e-09	3.585756e-09	4.046336e+01	4.169048e+02
4.630000e-06	7.643928e-09	3.605558e-09	4.066612e+01	4.188281e+02
4.640000e-06	7.681845e-09	3.629300e-09	4.086784e+01	4.207405e+02
4.650000e-06	7.719571e-09	3.651851e-09	4.106854e+01	4.226420e+02
4.660000e-06	7.757105e-09	3.667464e-09	4.126823e+01	4.245324e+02
4.670000e-06	7.794440e-09	3.674969e-09	4.146685e+01	4.264118e+02
4.680000e-06	7.831567e-09	3.679875e-09	4.166437e+01	4.282801e+02
4.690000e-06	7.868511e-09	3.689866e-09	4.186092e+01	4.301373e+02
4.700000e-06	7.905301e-09	3.705496e-09	4.205664e+01	4.319833e+02
4.710000e-06	7.941972e-09	3.724019e-09	4.225173e+01	4.338181e+02
4.720000e-06	7.978550e-09	3.742487e-09	4.244633e+01	4.356415e+02
4.730000e-06	8.015008e-09	3.760741e-09	4.264029e+01	4.374536e+02
4.740000e-06	8.051303e-09	3.778399e-09	4.283338e+01	4.392544e+02
4.750000e-06	8.087427e-09	3.791722e-09	4.302557e+01	4.410437e+02
4.760000e-06	8.123374e-09	3.799779e-09	4.321681e+01	4.428216e+02
4.770000e-06	8.159095e-09	3.804773e-09	4.340685e+01	4.445879e+02
4.780000e-06	8.194547e-09	3.812071e-09	4.359545e+01	4.463426e+02
4.790000e-06	8.229691e-09	3.826023e-09	4.378242e+01	4.480858e+02
4.800000e-06	8.264498e-09	3.845343e-09	4.396759e+01	4.498173e+02
4.810000e-06	8.298939e-09	3.864734e-09	4.415082e+01	4.515370e+02
4.820000e-06	8.333030e-09	3.880707e-09	4.433219e+01	4.532451e+02
4.830000e-06	8.366795e-09	3.895406e-09	4.451182e+01	4.549413e+02
4.840000e-06	8.400250e-09	3.910239e-09	4.468980e+01	4.566257e+02
4.850000e-06	8.433465e-09	3.924354e-09	4.486651e+01	4.582982e+02
4.860000e-06	8.466469e-09	3.935949e-09	4.504209e+01	4.599588e+02
4.870000e-06	8.499287e-09	3.945041e-09	4.521668e+01	4.616075e+02
4.880000e-06	8.531951e-09	3.954033e-09	4.539046e+01	4.632441e+02
4.890000e-06	8.564486e-09	3.964459e-09	4.556355e+01	4.648686e+02
4.900000e-06	8.596905e-09	3.981014e-09	4.573602e+01	4.664811e+02
4.910000e-06	8.629184e-09	4.004690e-09	4.590775e+01	4.680815e+02
4.920000e-06	8.661264e-09	4.028680e-09	4.607842e+01	4.696696e+02
4.930000e-06	8.693129e-09	4.047890e-09	4.624794e+01	4.712456e+02
4.940000e-06	8.724778e-09	4.060254e-09	4.641632e+01	4.728092e+02
4.950000e-06	8.756171e-09	4.068257e-09	4.658333e+01	4.743606e+02
4.960000e-06	8.787308e-09	4.076155e-09	4.674898e+01	4.758996e+02
4.970000e-06	8.818213e-09	4.085130e-09	4.691340e+01	4.774263e+02
4.980000e-06	8.848924e-09	4.097424e-09	4.707678e+01	4.789405e+02
4.990000e-06	8.879439e-09	4.114894e-09	4.723912e+01	4.804423e+02
5.000000e-06	8.909760e-09	4.136412e-09	4.740043e+01	4.819315e+02
5.010000e-06	8.939902e-09	4.158291e-09	4.756079e+01	4.834083e+02
5.020000e-06	8.969829e-09	4.174362e-09	4.772001e+01	4.848724e+02
5.030000e-06	8.999529e-09	4.182774e-09	4.787801e+01	4.863240e+02
5.040000e-06	9.028988e-09	4.188817e-09	4.803473e+01	4.877628e+02
5.050000e-06	9.058229e-09	4.198746e-09	4.819030e+01	4.891890e+02
5.060000e-06	9.087278e-09	4.214511e-09	4.834484e+01	4.906025e+02
5.070000e-06	9.116127e-09	4.232154e-09	4.849832e+01	4.920032e+02
5.080000e-06	9.144828e-09	4.248296e-09	4.865101e+01	4.933911e+02
5.090000e-06	9.173412e-09	4.262200e-09	4.880308e+01	4.947661e+02
5.100000e-06	9.201866e-09	4.273795e-09	4.895446e+01	4.961283e+02
5.110000e-06	9.230165e-09	4.286069e-09	4.910502e+01	4.974776e+02
5.120000e-06	9.258277e-09	4.299081e-09	4.925457e+01	4.988139e+02
5.130000e-06	9.286138e-09	4.312324e-09	4.940280e+01	5.001373e+02
5.140000e-06	9.313673e-09	4.326512e-09	4.954929e+01	5.014476e+02
5.150000e-06	9.340843e-09	4.340035e-09	4.969383e+01	5.027449e+02
5.160000e-06	9.367595e-09	4.350914e-09	4.983615e+01	5.040291e+02
5.170000e-06	9.393905e-09	4.357752e-09	4.997612e+01	5.053002e+02
5.180000e-06	9.419809e-09	4.364775e-09	5.011393e+01	5.065581e+02
5.190000e-06	9.445336e-09	4.375500e-09	5.024973e+01	5.078029e+02
5.200000e-06	9.470552e-09	4.390122e-09	5.038389e+01	5.090345e+02
5.210000e-06	9.495543e-09	4.403926e-09	5.051684e+01	5.102528e+02
5.220000e-06	9.520351e-09	4.411809e-09	5.064882e+01	5.114578e+02
5.230000e-06	9.544981e-09	4.417364e-09	5.077985e+01	5.126495e+02
5.240000e-06	9.569428e-09	4.424654e-09	5.090992e+01	5.138279e+02
5.250000e-06	9.593674e-09	4.433817e-09	5.103891e+01	5.149929e+02
5.260000e-06	9.617697e-09	4.442134e-09	5.116671e+01	5.161445e+02
5.270000e-06	9.641489e-09	4.449335e-09	5.129329e+01	5.172827e+02
5.280000e-06	9.665027e-09	4.456428e-09	5.141851e+01	5.184074e+02
5.290000e-06	9.688281e-09	4.463739e-09	5.154222e+01	5.195187e+02
5.300000e-06	9.711310e-09	4.468852e-09	5.166474e+01	5.206164e+02
5.310000e-06	9.734116e-09	4.470911e-09	5.178607e+01	5.217006e+02
5.320000e-06	9.756680e-09	4.476171e-09	5.190611e+01	5.227712e+02
5.330000e-06	9.779062e-09	4.486790e-09	5.202519e+01	5.238282e+02
5.340000e-06	9.801228e-09	4.498399e-09	5.214311e+01	5.248715e+02
5.350000e-06	9.823139e-09	4.507181e-09	5.225968e+01	5.259012e+02
5.360000e-06	9.844777e-09	4.512920e-09	5.237479e+01	5.269173e+02
5.370000e-06	9.866118e-09	4.517141e-09	5.248833e+01	5.279196e+02
5.380000e-06	9.887202e-09	4.520812e-09	5.260050e+01	5.289081e+02
5.390000e-06	9.908083e-09	4.524808e-09	5.271159e+01	5.298830e+02
5.400000e-06	9.928798e-09	4.529545e-09	5.282179e+01	5.308440e+02
5.410000e-06	9.949388e-09	4.535336e-09	5.293133e+01	5.317912e+02
5.420000e-06	9.969842e-09	4.541312e-09	5.304015e+01	5.327246e+02
5.430000e-06	9.990157e-09	4.547193e-09	5.314823e+01	5.336441e+02
5.440000e-06	1.001031e-08	4.553570e-09	5.325543e+01	5.345497e+02
5.450000e-06	1.003022e-08	4.558779e-09	5.336136e+01	5.354414e+02
5.460000e-06	1.004983e-08	4.562854e-09	5.346567e+01	5.363192e+02
5.470000e-06	1.006913e-08	4.567267e-09	5.356837e+01	5.371831e+02
5.480000e-06	1.008814e-08	4.573136e-09	5.366948e+01	5.380329e+02
5.490000e-06	1.010686e-08	4.580282e-09	5.376909e+01	5.388688e+02
5.500000e-06	1.012537e-08	4.588075e-09	5.386758e+01	5.396906e+02
5.510000e-06	1.014369e-08	4.594529e-09	5.396502e+01	5.404984e+02
5.520000e-06	1.016179e-08	4.600379e-09	5.406133e+01	5.412921e+02
5.530000e-06	1.017972e-08	4.608159e-09	5.415669e+01	5.420718e+02
5.540000e-06	1.019748e-08	4.617189e-09	5.425119e+01	5.428373e+02
5.550000e-06	1.021507e-08	4.625969e-09	5.434478e+01	5.435887e+02
5.560000e-06	1.023243e-08	4.631688e-09	5.443717e+01	5.443260e+02
5.570000e-06	1.024951e-08	4.634584e-09	5.452800e+01	5.450491e+02
5.580000e-06	1.026624e-08	4.638025e-09	5.461701e+01	5.457580e+02
5.590000e-06	1.028256e-08	4.644999e-09	5.470383e+01	5.464527e+02
5.600000e-06	1.029845e-08	4.655048e-09	5.478839e+01	5.471332e+02
5.610000e-06	1.031395e-08	4.664696e-09	5.487082e+01	5.477995e+02
5.620000e-06	1.032908e-08	4.670820e-09	5.495131e+01	5.484515e+02
5.630000e-06	1.034389e-08	4.674629e-09	5.503011e+01	5.490893e+02
5.640000e-06	1.035844e-08	4.681400e-09	5.510749e+01	5.497127e+02
5.650000e-06	1.037274e-08	4.692537e-09	5.518357e+01	5.503219e+02
5.660000e-06	1.038677e-08	4.703949e-09	5.525822e+01	5.509167e+02
5.670000e-06	1.040050e-08	4.710849e-09	5.533130e+01	5.514972e+02
5.680000e-06	1.041395e-08	4.715143e-09	5.540282e+01	5.520633e+02
5.690000e-06	1.042710e-08	4.720612e-09	5.547280e+01	5.526151e+02
5.700000e-06	1.043997e-08	4.727429e-09	5.554124e+01	5.531525e+02
5.710000e-06	1.045259e-08	4.732605e-09	5.560842e+01	5.536755e+02
5.720000e-06	1.046501e-08	4.734687e-09	5.567447e+01	5.541841e+02
5.730000e-06	1.047719e-08	4.741410e-09	5.573928e+01	5.546783e+02
5.740000e-06	1.048909e-08	4.754203e-09	5.580258e+01	5.551580e+02
5.750000e-06	1.050064e-08	4.765348e-09	5.586402e+01	5.556233e+02
5.760000e-06	1.051182e-08	4.767359e-09	5.592349e+01	5.560742e+02
5.770000e-06	1.052249e-08	4.761535e-09	5.598027e+01	5.565105e+02
5.780000e-06	1.053264e-08	4.760817e-09	5.603429e+01	5.569324e+02
5.790000e-06	1.054237e-08	4.769069e-09	5.608605e+01	5.573398e+02
5.800000e-06	1.055171e-08	4.779854e-09	5.613572e+01	5.577327e+02
5.810000e-06	1.056075e-08	4.783619e-09	5.618380e+01	5.581111e+02
5.820000e-06	1.056957e-08	4.780599e-09	5.623074e+01	5.584750e+02
5.830000e-06	1.057823e-08	4.779895e-09	5.627681e+01	5.588243e+02
5.840000e-06	1.058674e-08	4.784193e-09	5.632208e+01	5.591591e+02
5.850000e-06	1.059507e-08	4.791741e-09	5.636641e+01	5.594793e+02
5.860000e-06	1.060319e-08	4.795601e-09	5.640961e+01	5.597850e+02
5.870000e-06	1.061107e-08	4.794604e-09	5.645153e+01	5.600761e+02
5.880000e-06	1.061865e-08	4.793577e-09	5.649187e+01	5.603527e+02
5.890000e-06	1.062593e-08	4.793660e-09	5.653056e+01	5.606146e+02
5.900000e-06	1.063292e-08	4.792253e-09	5.656775e+01	5.608620e+02
5.910000e-06	1.063965e-08	4.790493e-09	5.660358e+01	5.610948e+02
5.920000e-06	1.064616e-08	4.791678e-09	5.663822e+01	5.613129e+02
5.930000e-06	1.065242e-08	4.796840e-09	5.667153e+01	5.615165e+02
5.940000e-06	1.065839e-08	4.804601e-09	5.670328e+01	5.617055e+02
5.950000e-06	1.066408e-08	4.806946e-09	5.673355e+01	5.618798e+02
5.960000e-06	1.066949e-08	4.799029e-09	5.676230e+01	5.620395e+02
5.970000e-06	1.067459e-08	4.785112e-09	5.678945e+01	5.621846e+02
5.980000e-06	1.067947e-08	4.778151e-09	5.681540e+01	5.623151e+02
5.990000e-06	1.068420e-08	4.782883e-09	5.684056e+01	5.624309e+02
6.000000e-06	1.068878e-08	4.792678e-09	5.686494e+01	5.625321e+02
6.010000e-06	1.069321e-08	4.799772e-09	5.688853e+01	5.626187e+02
6.020000e-06	1.069748e-08	4.798907e-09	5.691125e+01	5.626906e+02
6.030000e-06	1.070152e-08	4.793504e-09	5.693271e+01	5.627479e+02
6.040000e-06	1.070525e-08	4.784957e-09	5.695258e+01	5.627906e+02
6.050000e-06	1.070860e-08	4.775078e-09	5.697037e+01	5.628185e+02
6.060000e-06	1.071150e-08	4.766397e-09	5.698582e+01	5.628319e+02
6.070000e-06	1.071395e-08	4.761919e-09	5.699888e+01	5.628306e+02
6.080000e-06	1.071594e-08	4.763982e-09	5.700942e+01	5.628147e+02
6.090000e-06	1.071750e-08	4.768259e-09	5.701776e+01	5.627841e+02
6.100000e-06	1.071875e-08	4.769307e-09	5.702437e+01	5.627388e+02
6.110000e-06	1.071972e-08	4.764029e-09	5.702957e+01	5.626790e+02
6.120000e-06	1.072049e-08	4.755793e-09	5.703367e+01	5.626045e+02
6.130000e-06	1.072111e-08	4.748652e-09	5.703693e+01	5.625153e+02
6.140000e-06	1.072157e-08	4.745616e-09	5.703942e+01	5.624115e+02
6.150000e-06	1.072188e-08	4.746365e-09	5.704104e+01	5.622931e+02
6.160000e-06	1.072194e-08	4.748536e-09	5.704139e+01	5.621600e+02
6.170000e-06	1.072170e-08	4.751390e-09	5.704010e+01	5.620123e+02
6.180000e-06	1.072118e-08	4.752118e-09	5.703730e+01	5.618500e+02
6.190000e-06	1.072037e-08	4.751745e-09	5.703300e+01	5.616731e+02
6.200000e-06	1.071928e-08	4.750964e-09	5.702723e+01	5.614816e+02
6.210000e-06	1.071796e-08	4.750651e-09	5.702021e+01	5.612754e+02
6.220000e-06	1.071645e-08	4.757951e-09	5.701214e+01	5.610546e+02
6.230000e-06	1.071474e-08	4.785042e-09	5.700308e+01	5.608193e+02
6.240000e-06	1.071284e-08	4.815003e-09	5.699293e+01	5.605693e+02
6.250000e-06	1.071066e-08	4.804605e-09	5.698137e+01	5.603048e+02
6.260000e-06	1.070818e-08	4.696560e-09	5.696815e+01	5.600257e+02
6.270000e-06	1.070539e-08	4.598056e-09	5.695331e+01	5.597320e+02
6.280000e-06	1.070229e-08	4.737927e-09	5.693683e+01	5.594237e+02
6.290000e-06	1.069894e-08	4.832373e-09	5.691900e+01	5.591009e+02
6.300000e-06	1.069541e-08	4.753099e-09	5.690020e+01	5.587635e+02
6.310000e-06	1.069173e-08	4.904615e-09	5.688066e+01	5.584116e+02
6.320000e-06	1.068792e-08	5.057012e-09	5.686039e+01	5.580452e+02
6.330000e-06	1.068390e-08	4.908959e-09	5.683902e+01	5.576643e+02
6.340000e-06	1.067955e-08	4.751037e-09	5.681584e+01	5.572688e+02
6.350000e-06	1.067473e-08	4.786443e-09	5.679022e+01	5.568588e+02
6.360000e-06	1.066946e-08	4.866880e-09	5.676216e+01	5.564344e+02
6.370000e-06	1.066371e-08	4.846916e-09	5.673156e+01	5.559954e+02
6.380000e-06	1.065751e-08	4.854694e-09	5.669861e+01	5.555420e+02
6.390000e-06	1.065096e-08	4.926601e-09	5.666377e+01	5.550742e+02
6.400000e-06	1.064411e-08	4.894877e-09	5.662731e+01	5.545919e+02
6.410000e-06	1.063701e-08	4.794210e-09	5.658953e+01	5.540952e+02
6.420000e-06	1.062972e-08	4.795470e-09	5.655075e+01	5.535840e+02
6.430000e-06	1.062226e-08	4.825414e-09	5.651106e+01	5.530585e+02
6.440000e-06	1.061460e-08	4.800862e-09	5.647033e+01	5.525185e+02
6.450000e-06	1.060676e-08	4.850907e-09	5.642859e+01	5.519642e+02
6.460000e-06	1.059869e-08	4.940598e-09	5.638566e+01	5.513955e+02
6.470000e-06	1.059035e-08	4.880081e-09	5.634130e+01	5.508125e+02
6.480000e-06	1.058171e-08	4.762654e-09	5.629535e+01	5.502151e+02
6.490000e-06	1.057275e-08	4.764080e-09	5.624766e+01	5.496034e+02
6.500000e-06	1.056351e-08	4.799691e-09	5.619854e+01	5.489774e+02
6.510000e-06	1.055406e-08	4.805037e-09	5.614824e+01	5.483372e+02
6.520000e-06	1.054436e-08	4.831049e-09	5.609666e+01	5.476826e+02
6.530000e-06	1.053442e-08	4.842367e-09	5.604376e+01	5.470138e+02
6.540000e-06	1.052419e-08	4.799925e-09	5.598936e+01	5.463308e+02
6.550000e-06	1.051366e-08	4.773252e-09	5.593331e+01	5.456336e+02
6.560000e-06	1.050281e-08	4.779038e-09	5.587558e+01	5.449221e+02
6.570000e-06	1.049166e-08	4.756571e-09	5.581629e+01	5.441965e+02
6.580000e-06	1.048024e-08	4.745825e-09	5.575554e+01	5.434568e+02
6.590000e-06	1.046856e-08	4.772491e-09	5.569336e+01	5.427028e+02
6.600000e-06	1.045660e-08	4.782142e-09	5.562976e+01	5.419348e+02
6.610000e-06	1.044436e-08	4.763983e-09	5.556462e+01	5.411527e+02
6.620000e-06	1.043174e-08	4.741108e-09	5.549751e+01	5.403564e+02
6.630000e-06	1.041862e-08	4.715315e-09	5.542772e+01	5.395462e+02
6.640000e-06	1.040504e-08	4.697631e-09	5.535547e+01	5.387218e+02
6.650000e-06	1.039103e-08	4.712730e-09	5.528091e+01	5.378835e+02
6.660000e-06	1.037656e-08	4.728289e-09	5.520396e+01	5.370312e+02
6.670000e-06	1.036176e-08	4.721500e-09	5.512519e+01	5.361649e+02
6.680000e-06	1.034669e-08	4.697666e-09	5.504503e+01	5.352846e+02
6.690000e-06	1.033141e-08	4.666307e-09	5.496373e+01	5.343904e+02
6.700000e-06	1.031595e-08	4.655659e-09	5.488150e+01	5.334823e+02
6.710000e-06	1.030033e-08	4.662387e-09	5.479837e+01	5.325603e+02
6.720000e-06	1.028452e-08	4.661548e-09	5.471429e+01	5.316245e+02
6.730000e-06	1.026846e-08	4.653225e-09	5.462886e+01	5.306748e+02
6.740000e-06	1.025212e-08	4.648763e-09	5.454191e+01	5.297114e+02
6.750000e-06	1.023550e-08	4.641097e-09	5.445349e+01	5.287341e+02
6.760000e-06	1.021859e-08	4.631505e-09	5.436355e+01	5.277431e+02
6.770000e-06	1.020145e-08	4.614949e-09	5.427232e+01	5.267383e+02
6.780000e-06	1.018408e-08	4.589059e-09	5.417992e+01	5.257199e+02
6.790000e-06	1.016649e-08	4.579631e-09	5.408637e+01	5.246878e+02
6.800000e-06	1.014869e-08	4.587262e-09	5.399166e+01	5.236420e+02
6.810000e-06	1.013065e-08	4.589419e-09	5.389567e+01	5.225826e+02
6.820000e-06	1.011233e-08	4.576840e-09	5.379822e+01	5.215096e+02
6.830000e-06	1.009373e-08	4.555663e-09	5.369928e+01	5.204230e+02
6.840000e-06	1.007486e-08	4.536250e-09	5.359888e+01	5.193229e+02
6.850000e-06	1.005577e-08	4.531480e-09	5.349730e+01	5.182092e+02
6.860000e-06	1.003652e-08	4.534524e-09	5.339490e+01	5.170821e+02
6.870000e-06	1.001713e-08	4.529269e-09	5.329175e+01	5.159415e+02
6.880000e-06	9.997594e-09	4.519583e-09	5.318781e+01	5.147875e+02
6.890000e-06	9.977886e-09	4.507465e-09	5.308297e+01	5.136201e+02
6.900000e-06	9.957941e-09	4.497279e-09	5.297686e+01	5.124394e+02
6.910000e-06	9.937699e-09	4.486910e-09	5.286917e+01	5.112453e+02
6.920000e-06	9.917119e-09	4.472706e-09	5.275969e+01	5.100379e+02
6.930000e-06	9.896143e-09	4.461896e-09	5.264809e+01	5.088172e+02
6.940000e-06	9.874755e-09	4.459709e-09	5.253430e+01	5.075833e+02
6.950000e-06	9.852989e-09	4.464308e-09	5.241851e+01	5.063362e+02
6.960000e-06	9.830836e-09	4.461913e-09	5.230066e+01	5.050759e+02
6.970000e-06	9.808286e-09	4.445193e-09	5.218069e+01	5.038025e+02
6.980000e-06	9.785409e-09	4.421655e-09	5.205898e+01	5.025160e+02
6.990000e-06	9.762288e-09	4.407546e-09	5.193598e+01	5.012164e+02
7.000000e-06	9.739006e-09	4.406521e-09	5.181212e+01	4.999037e+02
7.010000e-06	9.715584e-09	4.407353e-09	5.168751e+01	4.985780e+02
7.020000e-06	9.692003e-09	4.400770e-09	5.156205e+01	4.972394e+02
7.030000e-06	9.668251e-09	4.385671e-09	5.143569e+01	4.958878e+02
7.040000e-06	9.644278e-09	4.370147e-09	5.130816e+01	4.945234e+02
7.050000e-06	9.620061e-09	4.358421e-09	5.117932e+01	4.931460e+02
7.060000e-06	9.595589e-09	4.347698e-09	5.104913e+01	4.917558e+02
7.070000e-06	9.570838e-09	4.333302e-09	5.091745e+01	4.903529e+02
7.080000e-06	9.545838e-09	4.318809e-09	5.078445e+01	4.889371e+02
7.090000e-06	9.520617e-09	4.310579e-09	5.065027e+01	4.875087e+02
7.100000e-06	9.495161e-09	4.304189e-09	5.051485e+01	4.860675e+02
7.110000e-06	9.469459e-09	4.292166e-09	5.037811e+01	4.846138e+02
7.120000e-06	9.443503e-09	4.272639e-09	5.024002e+01	4.831474e+02
7.130000e-06	9.417285e-09	4.252768e-09	5.010054e+01	4.816684e+02
7.140000e-06	9.390821e-09	4.241736e-09	4.995975e+01	4.801769e+02
7.150000e-06	9.364138e-09	4.238159e-09	4.981780e+01	4.786729e+02
7.160000e-06	9.337241e-09	4.230829e-09	4.967470e+01	4.771565e+02
7.170000e-06	9.310143e-09	4.213930e-09	4.953054e+01	4.756276e+02
7.180000e-06	9.282877e-09	4.192345e-09	4.938548e+01	4.740864e+02
7.190000e-06	9.255463e-09	4.173361e-09	4.923963e+01	4.725328e+02
7.200000e-06	9.227913e-09	4.158489e-09	4.909307e+01	4.709669e+02
7.210000e-06	9.200186e-09	4.142780e-09	4.894556e+01	4.693888e+02
7.220000e-06	9.172247e-09	4.125040e-09	4.879692e+01	4.677985e+02
7.230000e-06	9.144067e-09	4.108066e-09	4.864700e+01	4.661960e+02
7.240000e-06	9.115584e-09	4.095332e-09	4.849547e+01	4.645813e+02
7.250000e-06	9.086736e-09	4.083187e-09	4.834200e+01	4.629546e+02
7.260000e-06	9.057481e-09	4.065692e-09	4.818636e+01	4.613159e+02
7.270000e-06	9.027835e-09	4.044006e-09	4.802864e+01	4.596651e+02
7.280000e-06	8.997856e-09	4.023129e-09	4.786916e+01	4.580023e+02
7.290000e-06	8.967545e-09	4.007925e-09	4.770790e+01	4.563277e+02
7.300000e-06	8.936907e-09	3.994017e-09	4.754491e+01	4.546412e+02
7.310000e-06	8.906031e-09	3.976582e-09	4.738064e+01	4.529428e+02
7.320000e-06	8.874956e-09	3.956021e-09	4.721532e+01	4.512327e+02
7.330000e-06	8.843698e-09	3.935415e-09	4.704902e+01	4.495108e+02
7.340000e-06	8.812263e-09	3.919186e-09	4.688179e+01	4.477772e+02
7.350000e-06	8.780636e-09	3.905693e-09	4.671353e+01	4.460320e+02
7.360000e-06	8.748808e-09	3.890176e-09	4.654420e+01	4.442752e+02
7.370000e-06	8.716799e-09	3.868655e-09	4.637392e+01	4.425068e+02
7.380000e-06	8.684588e-09	3.844056e-09	4.620255e+01	4.407269e+02
7.390000e-06	8.652167e-09	3.822579e-09	4.603007e+01	4.389355e+02
7.400000e-06	8.619547e-09	3.804112e-09	4.585653e+01	4.371327e+02
7.410000e-06	8.586710e-09	3.785344e-09	4.568184e+01	4.353186e+02
7.420000e-06	8.553658e-09	3.766280e-09	4.550600e+01	4.334931e+02
7.430000e-06	8.520406e-09	3.750057e-09	4.532909e+01	4.316563e+02
7.440000e-06	8.486951e-09	3.735961e-09	4.515111e+01	4.298083e+02
7.450000e-06	8.453263e-09	3.720587e-09	4.497189e+01	4.279492e+02
7.460000e-06	8.419344e-09	3.699806e-09	4.479144e+01	4.260788e+02
7.470000e-06	8.385211e-09	3.677061e-09	4.460985e+01	4.241974e+02
7.480000e-06	8.350863e-09	3.656992e-09	4.442711e+01	4.223050e+02
7.490000e-06	8.316301e-09	3.639399e-09	4.424324e+01	4.204016e+02
7.500000e-06	8.281540e-09	3.623145e-09	4.405831e+01	4.184872e+02
7.510000e-06	8.246606e-09	3.604730e-09	4.387246e+01	4.165620e+02
7.520000e-06	8.211498e-09	3.584651e-09	4.368568e+01	4.146259e+02
7.530000e-06	8.176232e-09	3.565270e-09	4.349807e+01	4.126790e+02
7.540000e-06	8.140841e-09	3.548061e-09	4.330978e+01	4.107214e+02
7.550000e-06	8.105316e-09	3.530579e-09	4.312078e+01	4.087531e+02
7.560000e-06	8.069633e-09	3.510171e-09	4.293095e+01	4.067742e+02
7.570000e-06	8.033747e-09	3.489185e-09	4.274003e+01	4.047846e+02
7.580000e-06	7.997672e-09	3.470195e-09	4.254811e+01	4.027846e+02
7.590000e-06	7.961380e-09	3.452974e-09	4.235504e+01	4.007741e+02
7.600000e-06	7.924791e-09	3.435909e-09	4.216038e+01	3.987531e+02
7.610000e-06	7.887896e-09	3.419528e-09	4.196410e+01	3.967218e+02
7.620000e-06	7.850681e-09	3.403750e-09	4.176611e+01	3.946801e+02
7.630000e-06	7.813166e-09	3.388942e-09	4.156654e+01	3.926282e+02
7.640000e-06	7.775343e-09	3.375136e-09	4.136531e+01	3.905661e+02
7.650000e-06	7.737212e-09	3.359832e-09	4.116245e+01	3.884938e+02
7.660000e-06	7.698828e-09	3.340822e-09	4.095825e+01	3.864114e+02
7.670000e-06	7.660221e-09	3.319861e-09	4.075286e+01	3.843189e+02
7.680000e-06	7.621394e-09	3.302024e-09	4.054630e+01	3.822165e+02
7.690000e-06	7.582368e-09	3.286302e-09	4.033868e+01	3.801041e+02
7.700000e-06	7.543176e-09	3.268571e-09	4.013017e+01	3.779818e+02
7.710000e-06	7.503837e-09	3.246969e-09	3.992088e+01	3.758497e+02
7.720000e-06	7.464355e-09	3.223587e-09	3.971084e+01	3.737078e+02
7.730000e-06	7.424745e-09	3.202266e-09	3.950011e+01	3.715562e+02
7.740000e-06	7.385001e-09	3.184499e-09	3.928867e+01	3.693949e+02
7.750000e-06	7.345102e-09	3.167524e-09	3.907640e+01	3.672240e+02
7.760000e-06	7.305060e-09	3.147185e-09	3.886337e+01	3.650435e+02
7.770000e-06	7.264853e-09	3.124705e-09	3.864947e+01	3.628536e+02
7.780000e-06	7.224481e-09	3.102732e-09	3.843469e+01	3.606542e+02
7.790000e-06	7.183942e-09	3.083575e-09	3.821902e+01	3.584454e+02
7.800000e-06	7.143233e-09	3.065768e-09	3.800245e+01	3.562273e+02
7.810000e-06	7.102337e-09	3.047092e-09	3.778488e+01	3.540000e+02
7.820000e-06	7.061236e-09	3.027315e-09	3.756622e+01	3.517634e+02
7.830000e-06	7.019947e-09	3.006246e-09	3.734656e+01	3.495177e+02
7.840000e-06	6.978460e-09	2.984365e-09	3.712584e+01	3.472628e+02
7.850000e-06	6.936799e-09	2.961294e-09	3.690420e+01	3.449990e+02
7.860000e-06	6.894972e-09	2.939082e-09	3.668168e+01	3.427262e+02
7.870000e-06	6.853000e-09	2.918323e-09	3.645839e+01	3.404444e+02
7.880000e-06	6.810886e-09	2.897321e-09	3.623434e+01	3.381538e+02
7.890000e-06	6.768600e-09	2.874946e-09	3.600938e+01	3.358544e+02
7.900000e-06	6.726136e-09	2.851625e-09	3.578347e+01	3.335463e+02
7.910000e-06	6.683492e-09	2.827788e-09	3.555660e+01	3.312295e+02
7.920000e-06	6.640696e-09	2.803406e-09	3.532892e+01	3.289041e+02
7.930000e-06	6.597751e-09	2.780616e-09	3.510045e+01	3.265701e+02
7.940000e-06	6.554656e-09	2.759436e-09	3.487118e+01	3.242276e+02
7.950000e-06	6.511429e-09	2.739269e-09	3.464121e+01	3.218767e+02
7.960000e-06	6.468097e-09	2.717866e-09	3.441068e+01	3.195174e+02
7.970000e-06	6.424663e-09	2.694213e-09	3.417960e+01	3.171498e+02
7.980000e-06	6.381121e-09	2.668121e-09	3.394796e+01	3.147740e+02
7.990000e-06	6.337445e-09	2.640863e-09	3.371560e+01	3.123900e+02
8.000000e-06	6.293627e-09	2.615195e-09	3.348248e+01	3.099978e+02
8.010000e-06	6.249693e-09	2.589762e-09	3.324875e+01	3.075976e+02
8.020000e-06	6.205643e-09	2.564134e-09	3.301440e+01	3.051894e+02
8.030000e-06	6.161432e-09	2.537271e-09	3.277920e+01	3.027732e+02
8.040000e-06	6.117054e-09	2.511235e-09	3.254310e+01	3.003491e+02
8.050000e-06	6.072522e-09	2.487593e-09	3.230619e+01	2.979173e+02
8.060000e-06	6.027850e-09	2.465987e-09	3.206853e+01	2.954777e+02
8.070000e-06	5.983037e-09	2.444406e-09	3.183012e+01	2.930304e+02
8.080000e-06	5.938058e-09	2.420478e-09	3.159083e+01	2.905755e+02
8.090000e-06	5.892921e-09	2.394534e-09	3.135070e+01	2.881130e+02
8.100000e-06	5.847674e-09	2.367738e-09	3.110998e+01	2.856431e+02
8.110000e-06	5.802291e-09	2.341845e-09	3.086854e+01	2.831657e+02
8.120000e-06	5.756780e-09	2.315857e-09	3.062642e+01	2.806809e+02
8.130000e-06	5.711145e-09	2.290061e-09	3.038364e+01	2.781889e+02
8.140000e-06	5.665371e-09	2.266686e-09	3.014012e+01	2.756896e+02
8.150000e-06	5.619505e-09	2.245446e-09	2.989611e+01	2.731831e+02
8.160000e-06	5.573526e-09	2.224010e-09	2.965150e+01	2.706695e+02
8.170000e-06	5.527409e-09	2.200285e-09	2.940615e+01	2.681489e+02
8.180000e-06	5.481154e-09	2.173001e-09	2.916007e+01	2.656213e+02
8.190000e-06	5.434778e-09	2.144895e-09	2.891334e+01	2.630868e+02
8.200000e-06	5.388273e-09	2.119642e-09	2.866593e+01	2.605455e+02
8.210000e-06	5.341672e-09	2.096795e-09	2.841802e+01	2.579974e+02
8.220000e-06	5.294952e-09	2.075890e-09	2.816946e+01	2.554426e+02
8.230000e-06	5.248066e-09	2.055888e-09	2.792003e+01	2.528811e+02
8.240000e-06	5.201058e-09	2.037790e-09	2.766994e+01	2.503131e+02
8.250000e-06	5.153900e-09	2.021838e-09	2.741906e+01	2.477385e+02
8.260000e-06	5.106571e-09	2.003370e-09	2.716726e+01	2.451575e+02
8.270000e-06	5.059103e-09	1.979125e-09	2.691473e+01	2.425701e+02
8.280000e-06	5.011465e-09	1.952100e-09	2.666130e+01	2.399764e+02
8.290000e-06	4.963629e-09	1.928115e-09	2.640681e+01	2.373765e+02
8.300000e-06	4.915640e-09	1.908814e-09	2.615150e+01	2.347704e+02
8.310000e-06	4.867469e-09	1.891311e-09	2.589523e+01	2.321582e+02
8.320000e-06	4.819114e-09	1.869288e-09	2.563798e+01	2.295400e+02
8.330000e-06	4.770611e-09	1.841803e-09	2.537994e+01	2.269158e+02
8.340000e-06	4.721957e-09	1.813728e-09	2.512111e+01	2.242857e+02
8.350000e-06	4.673131e-09	1.790145e-09	2.486135e+01	2.216497e+02
8.360000e-06	4.624146e-09	1.770323e-09	2.460075e+01	2.190080e+02
8.370000e-06	4.575003e-09	1.748167e-09	2.433930e+01	2.163606e+02
8.380000e-06	4.525721e-09	1.724123e-09	2.407712e+01	2.137076e+02
8.390000e-06	4.476315e-09	1.701748e-09	2.381427e+01	2.110490e+02
8.400000e-06	4.426764e-09	1.682309e-09	2.355066e+01	2.083849e+02
8.410000e-06	4.377100e-09	1.661981e-09	2.328644e+01	2.057154e+02
8.420000e-06	4.327299e-09	1.635275e-09	2.302150e+01	2.030406e+02
8.430000e-06	4.277362e-09	1.605190e-09	2.275583e+01	2.003605e+02
8.440000e-06	4.227314e-09	1.577281e-09	2.248958e+01	1.976751e+02
8.450000e-06	4.177173e-09	1.554758e-09	2.222282e+01	1.949847e+02
8.460000e-06	4.126910e-09	1.534840e-09	2.195542e+01	1.922891e+02
8.470000e-06	4.076505e-09	1.511070e-09	2.168726e+01	1.895886e+02
8.480000e-06	4.025988e-09	1.483608e-09	2.141851e+01	1.868831e+02
8.490000e-06	3.975367e-09	1.456335e-09	2.114921e+01	1.841728e+02
8.500000e-06	3.924659e-09	1.431471e-09	2.087944e+01	1.814576e+02
8.510000e-06	3.873859e-09	1.407301e-09	2.060918e+01	1.787378e+02
8.520000e-06	3.822962e-09	1.381978e-09	2.033840e+01	1.760133e+02
8.530000e-06	3.771974e-09	1.355777e-09	2.006714e+01	1.732843e+02
8.540000e-06	3.720897e-09	1.329307e-09	1.979541e+01	1.705507e+02
8.550000e-06	3.669704e-09	1.304663e-09	1.952306e+01	1.678127e+02
8.560000e-06	3.618392e-09	1.281493e-09	1.925008e+01	1.650703e+02
8.570000e-06	3.567009e-09	1.257843e-09	1.897672e+01	1.623237e+02
8.580000e-06	3.515531e-09	1.232002e-09	1.870285e+01	1.595728e+02
8.590000e-06	3.463943e-09	1.203461e-09	1.842839e+01	1.568178e+02
8.600000e-06	3.412258e-09	1.175717e-09	1.815343e+01	1.540587e+02
8.610000e-06	3.360452e-09	1.149251e-09	1.787782e+01	1.512956e+02
8.620000e-06	3.308560e-09	1.120347e-09	1.760175e+01	1.485286e+02
8.630000e-06	3.256579e-09	1.090970e-09	1.732521e+01	1.457577e+02
8.640000e-06	3.204484e-09	1.065916e-09	1.704806e+01	1.429830e+02
8.650000e-06	3.152273e-09	1.043474e-09	1.677030e+01	1.402046e+02
8.660000e-06	3.099943e-09	1.019110e-09	1.649190e+01	1.374225e+02
8.670000e-06	3.047518e-09	9.908016e-10	1.621299e+01	1.346369e+02
8.680000e-06	2.994998e-09	9.588445e-10	1.593358e+01	1.318478e+02
8.690000e-06	2.942373e-09	9.273305e-10	1.565362e+01	1.290553e+02
8.700000e-06	2.889640e-09	9.006780e-10	1.537308e+01	1.262594e+02
8.710000e-06	2.836801e-09	8.750991e-10	1.509197e+01	1.234602e+02
8.720000e-06	2.783861e-09	8.460201e-10	1.481033e+01	1.206578e+02
8.730000e-06	2.730829e-09	8.155272e-10	1.452820e+01	1.178523e+02
8.740000e-06	2.677715e-09	7.879842e-10	1.424563e+01	1.150437e+02
8.750000e-06	2.624479e-09	7.653859e-10	1.396241e+01	1.122322e+02
8.760000e-06	2.571126e-09	7.441352e-10	1.367857e+01	1.094177e+02
8.770000e-06	2.517689e-09	7.208791e-10	1.339429e+01	1.066004e+02
8.780000e-06	2.464176e-09	6.962819e-10	1.310960e+01	1.037803e+02
8.790000e-06	2.410583e-09	6.709360e-10	1.282449e+01	1.009575e+02
8.800000e-06	2.356889e-09	6.433102e-10	1.253883e+01	9.813206e+01
8.810000e-06	2.303119e-09	6.130029e-10	1.225277e+01	9.530409e+01
8.820000e-06	2.249310e-09	5.831285e-10	1.196651e+01	9.247366e+01
8.830000e-06	2.195426e-09	5.580962e-10	1.167984e+01	8.964082e+01
8.840000e-06	2.141428e-09	5.381543e-10	1.139257e+01	8.680565e+01
8.850000e-06	2.087346e-09	5.196344e-10	1.110486e+01	8.396823e+01
8.860000e-06	2.033211e-09	4.976220e-10	1.081686e+01	8.112863e+01
8.870000e-06	1.979014e-09	4.728907e-10	1.052853e+01	7.828693e+01
8.880000e-06	1.924745e-09	4.495881e-10	1.023981e+01	7.544319e+01
8.890000e-06	1.870405e-09	4.281155e-10	9.950719e+00	7.259749e+01
8.900000e-06	1.816015e-09	4.087413e-10	9.661364e+00	6.974991e+01
8.910000e-06	1.761573e-09	3.884498e-10	9.371732e+00	6.690052e+01
8.920000e-06	1.707061e-09	3.661593e-10	9.081726e+00	6.404940e+01
8.930000e-06	1.652497e-09	3.427050e-10	8.791442e+00	6.119661e+01
8.940000e-06	1.597877e-09	3.191871e-10	8.500860e+00	5.834224e+01
8.950000e-06	1.543201e-09	2.970854e-10	8.209982e+00	5.548635e+01
8.960000e-06	1.488493e-09	2.751901e-10	7.918931e+00	5.262902e+01
8.970000e-06	1.433768e-09	2.544576e-10	7.627792e+00	4.977033e+01
8.980000e-06	1.379015e-09	2.339837e-10	7.336502e+00	4.691035e+01
8.990000e-06	1.324200e-09	2.123522e-10	7.044884e+00	4.404916e+01
9.000000e-06	1.269333e-09	1.891846e-10	6.752987e+00	4.118682e+01
9.010000e-06	1.214433e-09	1.651064e-10	6.460915e+00	3.832342e+01
9.020000e-06	1.159499e-09	1.408857e-10	6.168660e+00	3.545903e+01
9.030000e-06	1.104548e-09	1.159420e-10	5.876319e+00	3.259372e+01
9.040000e-06	1.049565e-09	9.144225e-11	5.583805e+00	2.972756e+01
9.050000e-06	9.945341e-10	6.792520e-11	5.291036e+00	2.686064e+01
9.060000e-06	9.394758e-10	4.694271e-11	4.998122e+00	2.399303e+01
9.070000e-06	8.844214e-10	2.760527e-11	4.705229e+00	2.112479e+01
9.080000e-06	8.293776e-10	7.065287e-12	4.412392e+00	1.825602e+01
9.090000e-06	7.743134e-10	-1.659175e-11	4.119446e+00	1.538677e+01
9.100000e-06	7.192120e-10	-4.354674e-11	3.826302e+00	1.251713e+01
9.110000e-06	6.640849e-10	-7.048132e-11	3.533022e+00	9.647167e+00
9.120000e-06	6.089540e-10	-9.698387e-11	3.239721e+00	6.776960e+00
9.130000e-06	5.538042e-10	-1.221924e-10	2.946320e+00	3.906583e+00
9.140000e-06	4.986235e-10	-1.449144e-10	2.652754e+00	1.036110e+00
9.150000e-06	4.434107e-10	-1.662998e-10	2.359017e+00	-1.834384e+00
9.160000e-06	3.881832e-10	-1.896591e-10	2.065202e+00	-4.704825e+00
9.170000e-06	3.329895e-10	-2.160215e-10	1.771568e+00	-7.575137e+00
9.180000e-06	2.777958e-10	-2.418671e-10	1.477932e+00	-1.044525e+01
9.190000e-06	2.225932e-10	-2.673488e-10	1.184250e+00	-1.331508e+01
9.200000e-06	1.674140e-10	-2.917067e-10	8.906925e-01	-1.618456e+01
9.210000e-06	1.122317e-10	-3.157358e-10	5.971186e-01	-1.905361e+01
9.220000e-06	5.703451e-11	-3.407321e-10	3.034654e-01	-2.192216e+01
9.230000e-06	1.843470e-12	-3.651206e-10	9.844938e-03	-2.479013e+01
9.240000e-06	-5.334549e-11	-3.890218e-10	-2.837651e-01	-2.765745e+01
9.250000e-06	-1.085283e-10	-4.115626e-10	-5.773420e-01	-3.052405e+01
9.260000e-06	-1.637099e-10	-4.356327e-10	-8.709120e-01	-3.338984e+01
9.270000e-06	-2.189010e-10	-4.601645e-10	-1.164533e+00	-3.625476e+01
9.280000e-06	-2.740930e-10	-4.832508e-10	-1.458159e+00	-3.911874e+01
9.290000e-06	-3.292836e-10	-5.081479e-10	-1.751778e+00	-4.198168e+01
9.300000e-06	-3.844507e-10	-5.341366e-10	-2.045271e+00	-4.484353e+01
9.310000e-06	-4.395874e-10	-5.622436e-10	-2.338603e+00	-4.770420e+01
9.320000e-06	-4.947194e-10	-5.898279e-10	-2.631909e+00	-5.056363e+01
9.330000e-06	-5.498373e-10	-6.132513e-10	-2.925141e+00	-5.342174e+01
9.340000e-06	-6.049371e-10	-6.353179e-10	-3.218275e+00	-5.627845e+01
9.350000e-06	-6.600426e-10	-6.589954e-10	-3.511441e+00	-5.913368e+01
9.360000e-06	-7.151333e-10	-6.854830e-10	-3.804528e+00	-6.198737e+01
9.370000e-06	-7.701970e-10	-7.109484e-10	-4.097472e+00	-6.483945e+01
9.380000e-06	-8.252221e-10	-7.340900e-10	-4.390209e+00	-6.768983e+01
9.390000e-06	-8.802256e-10	-7.566680e-10	-4.682833e+00	-7.053844e+01
9.400000e-06	-9.352205e-10	-7.809019e-10	-4.975410e+00	-7.338521e+01
9.410000e-06	-9.901795e-10	-8.070047e-10	-5.267795e+00	-7.623006e+01
9.420000e-06	-1.045117e-09	-8.318375e-10	-5.560065e+00	-7.907292e+01
9.430000e-06	-1.100057e-09	-8.537355e-10	-5.852354e+00	-8.191372e+01
9.440000e-06	-1.154971e-09	-8.715667e-10	-6.144497e+00	-8.475238e+01
9.450000e-06	-1.209849e-09	-8.904112e-10	-6.436454e+00	-8.758883e+01
9.460000e-06	-1.264690e-09	-9.110742e-10	-6.728209e+00	-9.042299e+01
9.470000e-06	-1.319486e-09	-9.318354e-10	-7.019728e+00	-9.325479e+01
9.480000e-06	-1.374245e-09	-9.522864e-10	-7.311050e+00	-9.608416e+01
9.490000e-06	-1.428939e-09	-9.715963e-10	-7.602026e+00	-9.891102e+01
9.500000e-06	-1.483577e-09	-9.938792e-10	-7.892701e+00	-1.017353e+02
9.510000e-06	-1.538184e-09	-1.018437e-09	-8.183215e+00	-1.045569e+02
9.520000e-06	-1.592768e-09	-1.042342e-09	-8.473604e+00	-1.073758e+02
9.530000e-06	-1.647337e-09	-1.062568e-09	-8.763916e+00	-1.101919e+02
9.540000e-06	-1.701868e-09	-1.081863e-09	-9.054024e+00	-1.130051e+02
9.550000e-06	-1.756330e-09	-1.102697e-09	-9.343765e+00	-1.158154e+02
9.560000e-06	-1.810692e-09	-1.122495e-09	-9.632970e+00	-1.186227e+02
9.570000e-06	-1.865005e-09	-1.141199e-09	-9.921920e+00	-1.214268e+02
9.580000e-06	-1.919282e-09	-1.157246e-09	-1.021067e+01	-1.242278e+02
9.590000e-06	-1.973470e-09	-1.173479e-09	-1.049896e+01	-1.270256e+02
9.600000e-06	-2.027582e-09	-1.193071e-09	-1.078683e+01	-1.298200e+02
9.610000e-06	-2.081614e-09	-1.215866e-09	-1.107428e+01	-1.326111e+02
9.620000e-06	-2.135559e-09	-1.237730e-09	-1.136127e+01	-1.353987e+02
9.630000e-06	-2.189433e-09	-1.255680e-09	-1.164789e+01	-1.381827e+02
9.640000e-06	-2.243225e-09	-1.273747e-09	-1.193406e+01	-1.409632e+02
9.650000e-06	-2.296905e-09	-1.293976e-09	-1.221964e+01	-1.437400e+02
9.660000e-06	-2.350530e-09	-1.315043e-09	-1.250493e+01	-1.465130e+02
9.670000e-06	-2.404091e-09	-1.334958e-09	-1.278988e+01	-1.492823e+02
9.680000e-06	-2.457560e-09	-1.352844e-09	-1.307433e+01	-1.520476e+02
9.690000e-06	-2.510939e-09	-1.371400e-09	-1.335831e+01	-1.548090e+02
9.700000e-06	-2.564214e-09	-1.393564e-09	-1.364174e+01	-1.575663e+02
9.710000e-06	-2.617361e-09	-1.416535e-09	-1.392448e+01	-1.603195e+02
9.720000e-06	-2.670393e-09	-1.437384e-09	-1.420661e+01	-1.630686e+02
9.730000e-06	-2.723338e-09	-1.456528e-09	-1.448828e+01	-1.658134e+02
9.740000e-06	-2.776165e-09	-1.476908e-09	-1.476932e+01	-1.685538e+02
9.750000e-06	-2.828902e-09	-1.499850e-09	-1.504988e+01	-1.712899e+02
9.760000e-06	-2.881551e-09	-1.521223e-09	-1.532998e+01	-1.740215e+02
9.770000e-06	-2.934090e-09	-1.539465e-09	-1.560949e+01	-1.767486e+02
9.780000e-06	-2.986541e-09	-1.557182e-09	-1.588853e+01	-1.794711e+02
9.790000e-06	-3.038895e-09	-1.578259e-09	-1.616705e+01	-1.821888e+02
9.800000e-06	-3.091136e-09	-1.601892e-09	-1.644498e+01	-1.849019e+02
9.810000e-06	-3.143292e-09	-1.624764e-09	-1.672245e+01	-1.876101e+02
9.820000e-06	-3.195359e-09	-1.645344e-09	-1.699945e+01	-1.903134e+02
9.830000e-06	-3.247321e-09	-1.663835e-09	-1.727589e+01	-1.930118e+02
9.840000e-06	-3.299183e-09	-1.683963e-09	-1.755180e+01	-1.957052e+02
9.850000e-06	-3.350944e-09	-1.706679e-09	-1.782717e+01	-1.983934e+02
9.860000e-06	-3.402593e-09	-1.728885e-09	-1.810195e+01	-2.010765e+02
9.870000e-06	-3.454120e-09	-1.748589e-09	-1.837608e+01	-2.037543e+02
9.880000e-06	-3.505573e-09	-1.766264e-09	-1.864981e+01	-2.064268e+02
9.890000e-06	-3.556968e-09	-1.787128e-09	-1.892324e+01	-2.090940e+02
9.900000e-06	-3.608240e-09	-1.814059e-09	-1.919601e+01	-2.117557e+02
9.910000e-06	-3.659375e-09	-1.838834e-09	-1.946805e+01	-2.144118e+02
9.920000e-06	-3.710413e-09	-1.858947e-09	-1.973957e+01	-2.170624e+02
9.930000e-06	-3.761387e-09	-1.874090e-09	-2.001076e+01	-2.197074e+02
9.940000e-06	-3.812260e-09	-1.887719e-09	-2.028141e+01	-2.223466e+02
9.950000e-06	-3.862999e-09	-1.908985e-09	-2.055134e+01	-2.249800e+02
9.960000e-06	-3.913639e-09	-1.935103e-09	-2.082075e+01	-2.276075e+02
9.970000e-06	-3.964164e-09	-1.965760e-09	-2.108954e+01	-2.302291e+02
9.980000e-06	-4.014573e-09	-1.993416e-09	-2.135772e+01	-2.328448e+02
9.990000e-06	-4.064872e-09	-2.014406e-09	-2.162532e+01	-2.354543e+02
1.000000e-05	-4.115068e-09	-2.028611e-09	-2.189236e+01	-2.380577e+02
1.001000e-05	-4.165159e-09	-2.035676e-09	-2.215885e+01	-2.406549e+02
1.002000e-05	-4.215088e-09	-2.048064e-09	-2.242447e+01	-2.432459e+02
1.003000e-05	-4.264876e-09	-2.068001e-09	-2.268935e+01	-2.458305e+02
1.004000e-05	-4.314556e-09	-2.098504e-09	-2.295365e+01	-2.484087e+02
1.005000e-05	-4.364094e-09	-2.132856e-09	-2.321719e+01	-2.509804e+02
1.006000e-05	-4.413452e-09	-2.160187e-09	-2.347978e+01	-2.535456e+02
1.007000e-05	-4.462666e-09	-2.177461e-09	-2.374160e+01	-2.561042e+02
1.008000e-05	-4.511779e-09	-2.185110e-09	-2.400288e+01	-2.586561e+02
1.009000e-05	-4.560753e-09	-2.193555e-09	-2.426343e+01	-2.612013e+02
1.010000e-05	-4.609553e-09	-2.204745e-09	-2.452305e+01	-2.637396e+02
1.011000e-05	-4.658166e-09	-2.222367e-09	-2.478167e+01	-2.662711e+02
1.012000e-05	-4.706604e-09	-2.248032e-09	-2.503936e+01	-2.687957e+02
1.013000e-05	-4.754891e-09	-2.277611e-09	-2.529625e+01	-2.713132e+02
1.014000e-05	-4.803002e-09	-2.304966e-09	-2.555220e+01	-2.738237e+02
1.015000e-05	-4.850922e-09	-2.321147e-09	-2.580714e+01	-2.763271e+02
1.016000e-05	-4.898709e-09	-2.330286e-09	-2.606137e+01	-2.788232e+02
1.017000e-05	-4.946356e-09	-2.339890e-09	-2.631485e+01	-2.813121e+02
1.018000e-05	-4.993804e-09	-2.356412e-09	-2.656728e+01	-2.837937e+02
1.019000e-05	-5.041040e-09	-2.374845e-09	-2.681857e+01	-2.862678e+02
1.020000e-05	-5.088124e-09	-2.390189e-09	-2.706906e+01	-2.887345e+02
1.021000e-05	-5.135053e-09	-2.405095e-09	-2.731872e+01	-2.911937e+02
1.022000e-05	-5.181822e-09	-2.422109e-09	-2.756754e+01	-2.936453e+02
1.023000e-05	-5.228458e-09	-2.448139e-09	-2.781564e+01	-2.960893e+02
1.024000e-05	-5.274947e-09	-2.475140e-09	-2.806297e+01	-2.985255e+02
1.025000e-05	-5.321294e-09	-2.497618e-09	-2.830954e+01	-3.009540e+02
1.026000e-05	-5.367487e-09	-2.512100e-09	-2.855529e+01	-3.033746e+02
1.027000e-05	-5.413576e-09	-2.520046e-09	-2.880049e+01	-3.057873e+02
1.028000e-05	-5.459571e-09	-2.528902e-09	-2.904518e+01	-3.081920e+02
1.029000e-05	-5.505453e-09	-2.537985e-09	-2.928928e+01	-3.105888e+02
1.030000e-05	-5.551244e-09	-2.553980e-09	-2.953289e+01	-3.129774e+02
1.031000e-05	-5.596941e-09	-2.575339e-09	-2.977600e+01	-3.153579e+02
1.032000e-05	-5.642540e-09	-2.603616e-09	-3.001859e+01	-3.177301e+02
1.033000e-05	-5.688038e-09	-2.636107e-09	-3.026065e+01	-3.200941e+02
1.034000e-05	-5.733432e-09	-2.660309e-09	-3.050215e+01	-3.224498e+02
1.035000e-05	-5.778740e-09	-2.671834e-09	-3.074319e+01	-3.247970e+02
1.036000e-05	-5.823931e-09	-2.674931e-09	-3.098361e+01	-3.271358e+02
1.037000e-05	-5.868982e-09	-2.682618e-09	-3.122328e+01	-3.294660e+02
1.038000e-05	-5.913879e-09	-2.699787e-09	-3.146214e+01	-3.317877e+02
1.039000e-05	-5.958605e-09	-2.723756e-09	-3.170008e+01	-3.341008e+02
1.040000e-05	-6.003218e-09	-2.748672e-09	-3.193743e+01	-3.364051e+02
1.041000e-05	-6.047710e-09	-2.771075e-09	-3.217413e+01	-3.387007e+02
1.042000e-05	-6.092026e-09	-2.791754e-09	-3.240989e+01	-3.409874e+02
1.043000e-05	-6.136179e-09	-2.809714e-09	-3.264479e+01	-3.432653e+02
1.044000e-05	-6.180190e-09	-2.826471e-09	-3.287893e+01	-3.455342e+02
1.045000e-05	-6.224084e-09	-2.841816e-09	-3.311245e+01	-3.477941e+02
1.046000e-05	-6.267856e-09	-2.857017e-09	-3.334532e+01	-3.500450e+02
1.047000e-05	-6.311502e-09	-2.874481e-09	-3.357752e+01	-3.522867e+02
1.048000e-05	-6.355042e-09	-2.893169e-09	-3.380916e+01	-3.545193e+02
1.049000e-05	-6.398486e-09	-2.913065e-09	-3.404028e+01	-3.567426e+02
1.050000e-05	-6.441821e-09	-2.932278e-09	-3.427083e+01	-3.589567e+02
1.051000e-05	-6.485031e-09	-2.952182e-09	-3.450071e+01	-3.611614e+02
1.052000e-05	-6.528146e-09	-2.974334e-09	-3.473008e+01	-3.633566e+02
1.053000e-05	-6.571146e-09	-2.998954e-09	-3.495885e+01	-3.655425e+02
1.054000e-05	-6.614008e-09	-3.021107e-09	-3.518688e+01	-3.677188e+02
1.055000e-05	-6.656713e-09	-3.036031e-09	-3.541407e+01	-3.698855e+02
1.056000e-05	-6.699230e-09	-3.045942e-09	-3.564026e+01	-3.720426e+02
1.057000e-05	-6.741583e-09	-3.055904e-09	-3.586559e+01	-3.741900e+02
1.058000e-05	-6.783779e-09	-3.070866e-09	-3.609007e+01	-3.763276e+02
1.059000e-05	-6.825795e-09	-3.090932e-09	-3.631359e+01	-3.784555e+02
1.060000e-05	-6.867635e-09	-3.116768e-09	-3.653619e+01	-3.805734e+02
1.061000e-05	-6.909303e-09	-3.144420e-09	-3.675787e+01	-3.826815e+02
1.062000e-05	-6.950809e-09	-3.169437e-09	-3.697868e+01	-3.847796e+02
1.063000e-05	-6.992161e-09	-3.187999e-09	-3.719867e+01	-3.868677e+02
1.064000e-05	-7.033332e-09	-3.200398e-09	-3.741771e+01	-3.889457e+02
1.065000e-05	-7.074331e-09	-3.212150e-09	-3.763583e+01	-3.910136e+02
1.066000e-05	-7.115143e-09	-3.226527e-09	-3.785295e+01	-3.930713e+02
1.067000e-05	-7.155774e-09	-3.244415e-09	-3.806910e+01	-3.951187e+02
1.068000e-05	-7.196222e-09	-3.263694e-09	-3.828429e+01	-3.971559e+02
1.069000e-05	-7.236480e-09	-3.283642e-09	-3.849847e+01	-3.991827e+02
1.070000e-05	-7.276559e-09	-3.303683e-09	-3.871169e+01	-4.011991e+02
1.071000e-05	-7.316462e-09	-3.323563e-09	-3.892398e+01	-4.032051e+02
1.072000e-05	-7.356226e-09	-3.344297e-09	-3.913553e+01	-4.052006e+02
1.073000e-05	-7.395859e-09	-3.363520e-09	-3.934637e+01	-4.071855e+02
1.074000e-05	-7.435373e-09	-3.379773e-09	-3.955659e+01	-4.091598e+02
1.075000e-05	-7.474767e-09	-3.394349e-09	-3.976617e+01	-4.111234e+02
1.076000e-05	-7.514032e-09	-3.407141e-09	-3.997507e+01	-4.130764e+02
1.077000e-05	-7.553158e-09	-3.419933e-09	-4.018322e+01	-4.150186e+02
1.078000e-05	-7.592133e-09	-3.434367e-09	-4.039057e+01	-4.169499e+02
1.079000e-05	-7.630963e-09	-3.451650e-09	-4.059715e+01	-4.188705e+02
1.080000e-05	-7.669568e-09	-3.471689e-09	-4.080253e+01	-4.207801e+02
1.081000e-05	-7.707900e-09	-3.491178e-09	-4.100646e+01	-4.226787e+02
1.082000e-05	-7.745928e-09	-3.507287e-09	-4.120877e+01	-4.245663e+02
1.083000e-05	-7.783634e-09	-3.519818e-09	-4.140937e+01	-4.264429e+02
1.084000e-05	-7.821029e-09	-3.530037e-09	-4.160831e+01	-4.283084e+02
1.085000e-05	-7.858091e-09	-3.539988e-09	-4.180548e+01	-4.301627e+02
1.086000e-05	-7.894845e-09	-3.553029e-09	-4.200101e+01	-4.320058e+02
1.087000e-05	-7.931312e-09	-3.571178e-09	-4.219501e+01	-4.338377e+02
1.088000e-05	-7.967503e-09	-3.592482e-09	-4.238755e+01	-4.356582e+02
1.089000e-05	-8.003458e-09	-3.612690e-09	-4.257884e+01	-4.374675e+02
1.090000e-05	-8.039223e-09	-3.628455e-09	-4.276911e+01	-4.392653e+02
1.091000e-05	-8.074838e-09	-3.638901e-09	-4.295858e+01	-4.410517e+02
1.092000e-05	-8.110331e-09	-3.647637e-09	-4.314741e+01	-4.428265e+02
1.093000e-05	-8.145703e-09	-3.659688e-09	-4.333559e+01	-4.445899e+02
1.094000e-05	-8.180930e-09	-3.675893e-09	-4.352300e+01	-4.463417e+02
1.095000e-05	-8.216000e-09	-3.693401e-09	-4.370958e+01	-4.480818e+02
1.096000e-05	-8.250906e-09	-3.710086e-09	-4.389528e+01	-4.498103e+02
1.097000e-05	-8.285626e-09	-3.724386e-09	-4.408000e+01	-4.515271e+02
1.098000e-05	-8.320127e-09	-3.736421e-09	-4.426354e+01	-4.532321e+02
1.099000e-05	-8.354395e-09	-3.748766e-09	-4.444585e+01	-4.549253e+02
1.100000e-05	-8.388442e-09	-3.761015e-09	-4.462698e+01	-4.566067e+02
1.101000e-05	-8.422262e-09	-3.774252e-09	-4.480691e+01	-4.582761e+02
1.102000e-05	-8.455860e-09	-3.789186e-09	-4.498565e+01	-4.599337e+02
1.103000e-05	-8.489264e-09	-3.805894e-09	-4.516336e+01	-4.615792e+02
1.104000e-05	-8.522480e-09	-3.822788e-09	-4.534007e+01	-4.632127e+02
1.105000e-05	-8.555483e-09	-3.835719e-09	-4.551565e+01	-4.648342e+02
1.106000e-05	-8.588249e-09	-3.844677e-09	-4.568997e+01	-4.664436e+02
1.107000e-05	-8.620758e-09	-3.854103e-09	-4.586292e+01	-4.680408e+02
1.108000e-05	-8.653022e-09	-3.869612e-09	-4.603456e+01	-4.696258e+02
1.109000e-05	-8.685069e-09	-3.889245e-09	-4.620505e+01	-4.711986e+02
1.110000e-05	-8.716932e-09	-3.907008e-09	-4.637457e+01	-4.727591e+02
1.111000e-05	-8.748613e-09	-3.918982e-09	-4.654312e+01	-4.743073e+02
1.112000e-05	-8.780139e-09	-3.927982e-09	-4.671084e+01	-4.758432e+02
1.113000e-05	-8.811531e-09	-3.939478e-09	-4.687784e+01	-4.773666e+02
1.114000e-05	-8.842761e-09	-3.954931e-09	-4.704399e+01	-4.788776e+02
1.115000e-05	-8.873789e-09	-3.971772e-09	-4.720906e+01	-4.803762e+02
1.116000e-05	-8.904570e-09	-3.985790e-09	-4.737282e+01	-4.818622e+02
1.117000e-05	-8.935086e-09	-3.998888e-09	-4.753516e+01	-4.833357e+02
1.118000e-05	-8.965289e-09	-4.012341e-09	-4.769584e+01	-4.847966e+02
1.119000e-05	-8.995144e-09	-4.026902e-09	-4.785468e+01	-4.862449e+02
1.120000e-05	-9.024657e-09	-4.041816e-09	-4.801168e+01	-4.876805e+02
1.121000e-05	-9.053779e-09	-4.052380e-09	-4.816662e+01	-4.891035e+02
1.122000e-05	-9.082526e-09	-4.062226e-09	-4.831955e+01	-4.905136e+02
1.123000e-05	-9.110926e-09	-4.075760e-09	-4.847064e+01	-4.919110e+02
1.124000e-05	-9.139018e-09	-4.092954e-09	-4.862009e+01	-4.932956e+02
1.125000e-05	-9.166876e-09	-4.108284e-09	-4.876830e+01	-4.946674e+02
1.126000e-05	-9.194545e-09	-4.117525e-09	-4.891550e+01	-4.960262e+02
1.127000e-05	-9.222073e-09	-4.125995e-09	-4.906195e+01	-4.973722e+02
1.128000e-05	-9.249487e-09	-4.138086e-09	-4.920780e+01	-4.987052e+02
1.129000e-05	-9.276773e-09	-4.153639e-09	-4.935296e+01	-5.000252e+02
1.130000e-05	-9.303879e-09	-4.168029e-09	-4.949717e+01	-5.013321e+02
1.131000e-05	-9.330775e-09	-4.179330e-09	-4.964025e+01	-5.026261e+02
1.132000e-05	-9.357445e-09	-4.187953e-09	-4.978214e+01	-5.039069e+02
1.133000e-05	-9.383898e-09	-4.196792e-09	-4.992287e+01	-5.051746e+02
1.134000e-05	-9.410091e-09	-4.207835e-09	-5.006222e+01	-5.064292e+02
1.135000e-05	-9.435987e-09	-4.218088e-09	-5.019999e+01	-5.076705e+02
1.136000e-05	-9.461642e-09	-4.227066e-09	-5.033647e+01	-5.088987e+02
1.137000e-05	-9.487080e-09	-4.236064e-09	-5.047181e+01	-5.101136e+02
1.138000e-05	-9.512272e-09	-4.246986e-09	-5.060583e+01	-5.113152e+02
1.139000e-05	-9.537196e-09	-4.259373e-09	-5.073843e+01	-5.125034e+02
1.140000e-05	-9.561886e-09	-4.270768e-09	-5.086978e+01	-5.136784e+02
1.141000e-05	-9.586342e-09	-4.278245e-09	-5.099989e+01	-5.148399e+02
1.142000e-05	-9.610542e-09	-4.283275e-09	-5.112863e+01	-5.159881e+02
1.143000e-05	-9.634495e-09	-4.291684e-09	-5.125606e+01	-5.171228e+02
1.144000e-05	-9.658240e-09	-4.303389e-09	-5.138239e+01	-5.182441e+02
1.145000e-05	-9.681844e-09	-4.313884e-09	-5.150797e+01	-5.193518e+02
1.146000e-05	-9.705309e-09	-4.321412e-09	-5.163280e+01	-5.204460e+02
1.147000e-05	-9.728620e-09	-4.328208e-09	-5.175682e+01	-5.215267e+02
1.148000e-05	-9.751760e-09	-4.337647e-09	-5.187993e+01	-5.225938e+02
1.149000e-05	-9.774698e-09	-4.347802e-09	-5.200196e+01	-5.236473e+02
1.150000e-05	-9.797339e-09	-4.355999e-09	-5.212241e+01	-5.246871e+02
1.151000e-05	-9.819636e-09	-4.361800e-09	-5.224103e+01	-5.257133e+02
1.152000e-05	-9.841586e-09	-4.365053e-09	-5.235780e+01	-5.267258e+02
1.153000e-05	-9.863123e-09	-4.368997e-09	-5.247238e+01	-5.277246e+02
1.154000e-05	-9.884228e-09	-4.377098e-09	-5.258466e+01	-5.287096e+02
1.155000e-05	-9.904889e-09	-4.387489e-09	-5.269458e+01	-5.296809e+02
1.156000e-05	-9.925188e-09	-4.397203e-09	-5.280257e+01	-5.306383e+02
1.157000e-05	-9.945233e-09	-4.406393e-09	-5.290921e+01	-5.315820e+02
1.158000e-05	-9.965055e-09	-4.415588e-09	-5.301466e+01	-5.325118e+02
1.159000e-05	-9.984688e-09	-4.424168e-09	-5.311912e+01	-5.334277e+02
1.160000e-05	-1.000416e-08	-4.428262e-09	-5.322271e+01	-5.343297e+02
1.161000e-05	-1.002351e-08	-4.428500e-09	-5.332567e+01	-5.352179e+02
1.162000e-05	-1.004272e-08	-4.429638e-09	-5.342783e+01	-5.360921e+02
1.163000e-05	-1.006172e-08	-4.436500e-09	-5.352894e+01	-5.369523e+02
1.164000e-05	-1.008049e-08	-4.449150e-09	-5.362877e+01	-5.377985e+02
1.165000e-05	-1.009895e-08	-4.461532e-09	-5.372699e+01	-5.386308e+02
1.166000e-05	-1.011713e-08	-4.470558e-09	-5.382369e+01	-5.394490e+02
1.167000e-05	-1.013507e-08	-4.475580e-09	-5.391917e+01	-5.402531e+02
1.168000e-05	-1.015278e-08	-4.480476e-09	-5.401337e+01	-5.410432e+02
1.169000e-05	-1.017025e-08	-4.485347e-09	-5.410632e+01	-5.418192e+02
1.170000e-05	-1.018750e-08	-4.488423e-09	-5.419809e+01	-5.425811e+02
1.171000e-05	-1.020453e-08	-4.492025e-09	-5.428872e+01	-5.433289e+02
1.172000e-05	-1.022131e-08	-4.497954e-09	-5.437798e+01	-5.440625e+02
1.173000e-05	-1.023780e-08	-4.508202e-09	-5.446568e+01	-5.447819e+02
1.174000e-05	-1.025399e-08	-4.519132e-09	-5.455185e+01	-5.454872e+02
1.175000e-05	-1.026995e-08	-4.526762e-09	-5.463671e+01	-5.461782e+02
1.176000e-05	-1.028568e-08	-4.530533e-09	-5.472043e+01	-5.468551e+02
1.177000e-05	-1.030125e-08	-4.533778e-09	-5.480326e+01	-5.475176e+02
1.178000e-05	-1.031668e-08	-4.540063e-09	-5.488536e+01	-5.481660e+02
1.179000e-05	-1.033195e-08	-4.549250e-09	-5.496659e+01	-5.488000e+02
1.180000e-05	-1.034701e-08	-4.557562e-09	-5.504672e+01	-5.494198e+02
1.181000e-05	-1.036179e-08	-4.561301e-09	-5.512534e+01	-5.500252e+02
1.182000e-05	-1.037612e-08	-4.563961e-09	-5.520155e+01	-5.506164e+02
1.183000e-05	-1.038996e-08	-4.568479e-09	-5.527519e+01	-5.511931e+02
1.184000e-05	-1.040337e-08	-4.575148e-09	-5.534653e+01	-5.517556e+02
1.185000e-05	-1.041632e-08	-4.581411e-09	-5.541542e+01	-5.523036e+02
1.186000e-05	-1.042884e-08	-4.587934e-09	-5.548206e+01	-5.528373e+02
1.187000e-05	-1.044103e-08	-4.596843e-09	-5.554691e+01	-5.533566e+02
1.188000e-05	-1.045294e-08	-4.606342e-09	-5.561023e+01	-5.538615e+02
1.189000e-05	-1.046458e-08	-4.613695e-09	-5.567219e+01	-5.543519e+02
1.190000e-05	-1.047603e-08	-4.616434e-09	-5.573307e+01	-5.548279e+02
1.191000e-05	-1.048726e-08	-4.618667e-09	-5.579282e+01	-5.552895e+02
1.192000e-05	-1.049821e-08	-4.624613e-09	-5.585111e+01	-5.557366e+02
1.193000e-05	-1.050886e-08	-4.633400e-09	-5.590777e+01	-5.561692e+02
1.194000e-05	-1.051920e-08	-4.641380e-09	-5.596276e+01	-5.565874e+02
1.195000e-05	-1.052924e-08	-4.646356e-09	-5.601617e+01	-5.569910e+02
1.196000e-05	-1.053902e-08	-4.649311e-09	-5.606818e+01	-5.573802e+02
1.197000e-05	-1.054855e-08	-4.653210e-09	-5.611893e+01	-5.577548e+02
1.198000e-05	-1.055788e-08	-4.659054e-09	-5.616856e+01	-5.581149e+02
1.199000e-05	-1.056699e-08	-4.664018e-09	-5.621702e+01	-5.584605e+02
1.200000e-05	-1.057583e-08	-4.665614e-09	-5.626404e+01	-5.587915e+02
1.201000e-05	-1.058439e-08	-4.665635e-09	-5.630955e+01	-5.591080e+02
1.202000e-05	-1.059265e-08	-4.669000e-09	-5.635353e+01	-5.594099e+02
1.203000e-05	-1.060063e-08	-4.676608e-09	-5.639598e+01	-5.596972e+02
1.204000e-05	-1.060838e-08	-4.684850e-09	-5.643720e+01	-5.599700e+02
1.205000e-05	-1.061595e-08	-4.690243e-09	-5.647747e+01	-5.602282e+02
1.206000e-05	-1.062338e-08	-4.693808e-09	-5.651699e+01	-5.604718e+02
1.207000e-05	-1.063067e-08	-4.698972e-09	-5.655581e+01	-5.607008e+02
1.208000e-05	-1.063779e-08	-4.704312e-09	-5.659368e+01	-5.609152e+02
1.209000e-05	-1.064468e-08	-4.705758e-09	-5.663032e+01	-5.611150e+02
1.210000e-05	-1.065125e-08	-4.703764e-09	-5.666530e+01	-5.613002e+02
1.211000e-05	-1.065745e-08	-4.703625e-09	-5.669824e+01	-5.614707e+02
1.212000e-05	-1.066320e-08	-4.709798e-09	-5.672887e+01	-5.616267e+02
1.213000e-05	-1.066850e-08	-4.718281e-09	-5.675706e+01	-5.617680e+02
1.214000e-05	-1.067334e-08	-4.722598e-09	-5.678280e+01	-5.618947e+02
1.215000e-05	-1.067776e-08	-4.720865e-09	-5.680629e+01	-5.620067e+02
1.216000e-05	-1.068182e-08	-4.716472e-09	-5.682791e+01	-5.621042e+02
1.217000e-05	-1.068562e-08	-4.714997e-09	-5.684814e+01	-5.621869e+02
1.218000e-05	-1.068923e-08	-4.716942e-09	-5.686736e+01	-5.622551e+02
1.219000e-05	-1.069270e-08	-4.719165e-09	-5.688582e+01	-5.623086e+02
1.220000e-05	-1.069604e-08	-4.719197e-09	-5.690358e+01	-5.623474e+02
1.221000e-05	-1.069920e-08	-4.719471e-09	-5.692037e+01	-5.623716e+02
1.222000e-05	-1.070213e-08	-4.722045e-09	-5.693598e+01	-5.623812e+02
1.223000e-05	-1.070479e-08	-4.724639e-09	-5.695013e+01	-5.623761e+02
1.224000e-05	-1.070716e-08	-4.724521e-09	-5.696273e+01	-5.623564e+02
1.225000e-05	-1.070924e-08	-4.721557e-09	-5.697379e+01	-5.623220e+02
1.226000e-05	-1.071104e-08	-4.719598e-09	-5.698338e+01	-5.622730e+02
1.227000e-05	-1.071262e-08	-4.721673e-09	-5.699176e+01	-5.622093e+02
1.228000e-05	-1.071403e-08	-4.725676e-09	-5.699927e+01	-5.621310e+02
1.229000e-05	-1.071524e-08	-4.727075e-09	-5.700569e+01	-5.620381e+02
1.230000e-05	-1.071610e-08	-4.726617e-09	-5.701029e+01	-5.619305e+02
1.231000e-05	-1.071656e-08	-4.727509e-09	-5.701276e+01	-5.618083e+02
