# Temperatura_=_20.0
# Concentracion g/m^3_=_10000.0
# C_Vs_to_Am_M_A/Vsm_=_116720831517.84952
# pendiente_HvsI_1/m_=_3716.3
# ordenada_HvsI_A/m_=_1297.0
# frecuencia_Hz_=_81180.00062362281
# Promedio de 23 ciclos

Tiempo_(s)	Campo_(V.s)	Magnetizacion_(V.s)	Campo_(kA/m)	Magnetizacion_(A/m)
0.000000e+00	-8.624447e-09	-3.746903e-09	-4.589284e+01	-4.422077e+02
1.000000e-08	-8.624557e-09	-3.746730e-09	-4.589343e+01	-4.421169e+02
2.000000e-08	-8.624453e-09	-3.748622e-09	-4.589287e+01	-4.420147e+02
3.000000e-08	-8.624179e-09	-3.751463e-09	-4.589142e+01	-4.419010e+02
4.000000e-08	-8.623762e-09	-3.762816e-09	-4.588919e+01	-4.417758e+02
5.000000e-08	-8.623212e-09	-3.808841e-09	-4.588627e+01	-4.416391e+02
6.000000e-08	-8.622496e-09	-3.882225e-09	-4.588246e+01	-4.414909e+02
7.000000e-08	-8.621526e-09	-3.859018e-09	-4.587730e+01	-4.413312e+02
8.000000e-08	-8.620235e-09	-3.712423e-09	-4.587043e+01	-4.411601e+02
9.000000e-08	-8.618607e-09	-3.524607e-09	-4.586177e+01	-4.409775e+02
1.000000e-07	-8.616703e-09	-3.466802e-09	-4.585163e+01	-4.407833e+02
1.100000e-07	-8.614661e-09	-3.595541e-09	-4.584077e+01	-4.405778e+02
1.200000e-07	-8.612518e-09	-3.709664e-09	-4.582937e+01	-4.403607e+02
1.300000e-07	-8.610201e-09	-3.781282e-09	-4.581704e+01	-4.401322e+02
1.400000e-07	-8.607649e-09	-3.861900e-09	-4.580346e+01	-4.398923e+02
1.500000e-07	-8.604828e-09	-3.935804e-09	-4.578844e+01	-4.396409e+02
1.600000e-07	-8.601726e-09	-3.853495e-09	-4.577194e+01	-4.393781e+02
1.700000e-07	-8.598307e-09	-3.678404e-09	-4.575375e+01	-4.391038e+02
1.800000e-07	-8.594546e-09	-3.667518e-09	-4.573373e+01	-4.388182e+02
1.900000e-07	-8.590508e-09	-3.700860e-09	-4.571225e+01	-4.385211e+02
2.000000e-07	-8.586188e-09	-3.676679e-09	-4.568926e+01	-4.382126e+02
2.100000e-07	-8.581607e-09	-3.672717e-09	-4.566488e+01	-4.378927e+02
2.200000e-07	-8.576872e-09	-3.731978e-09	-4.563968e+01	-4.375614e+02
2.300000e-07	-8.571994e-09	-3.774676e-09	-4.561373e+01	-4.372187e+02
2.400000e-07	-8.566946e-09	-3.718853e-09	-4.558686e+01	-4.368646e+02
2.500000e-07	-8.561695e-09	-3.647129e-09	-4.555892e+01	-4.364992e+02
2.600000e-07	-8.556277e-09	-3.685237e-09	-4.553009e+01	-4.361224e+02
2.700000e-07	-8.550671e-09	-3.783815e-09	-4.550026e+01	-4.357343e+02
2.800000e-07	-8.544816e-09	-3.754171e-09	-4.546910e+01	-4.353349e+02
2.900000e-07	-8.538724e-09	-3.685655e-09	-4.543669e+01	-4.349241e+02
3.000000e-07	-8.532418e-09	-3.712698e-09	-4.540313e+01	-4.345020e+02
3.100000e-07	-8.525911e-09	-3.722536e-09	-4.536851e+01	-4.340686e+02
3.200000e-07	-8.519198e-09	-3.640314e-09	-4.533279e+01	-4.336239e+02
3.300000e-07	-8.512290e-09	-3.640902e-09	-4.529603e+01	-4.331679e+02
3.400000e-07	-8.505186e-09	-3.758483e-09	-4.525822e+01	-4.327007e+02
3.500000e-07	-8.497847e-09	-3.759226e-09	-4.521917e+01	-4.322222e+02
3.600000e-07	-8.490255e-09	-3.667555e-09	-4.517877e+01	-4.317324e+02
3.700000e-07	-8.482423e-09	-3.656185e-09	-4.513710e+01	-4.312315e+02
3.800000e-07	-8.474356e-09	-3.701499e-09	-4.509417e+01	-4.307193e+02
3.900000e-07	-8.466087e-09	-3.688039e-09	-4.505016e+01	-4.301959e+02
4.000000e-07	-8.457671e-09	-3.675871e-09	-4.500538e+01	-4.296613e+02
4.100000e-07	-8.449119e-09	-3.701981e-09	-4.495988e+01	-4.291155e+02
4.200000e-07	-8.440430e-09	-3.660973e-09	-4.491364e+01	-4.285586e+02
4.300000e-07	-8.431628e-09	-3.625912e-09	-4.486680e+01	-4.279905e+02
4.400000e-07	-8.422677e-09	-3.681177e-09	-4.481917e+01	-4.274113e+02
4.500000e-07	-8.413510e-09	-3.701417e-09	-4.477039e+01	-4.268210e+02
4.600000e-07	-8.404081e-09	-3.635548e-09	-4.472022e+01	-4.262195e+02
4.700000e-07	-8.394362e-09	-3.629653e-09	-4.466850e+01	-4.256070e+02
4.800000e-07	-8.384268e-09	-3.688624e-09	-4.461479e+01	-4.249834e+02
4.900000e-07	-8.373772e-09	-3.677709e-09	-4.455894e+01	-4.243487e+02
5.000000e-07	-8.362909e-09	-3.636343e-09	-4.450113e+01	-4.237030e+02
5.100000e-07	-8.351687e-09	-3.629065e-09	-4.444142e+01	-4.230463e+02
5.200000e-07	-8.340148e-09	-3.613371e-09	-4.438001e+01	-4.223786e+02
5.300000e-07	-8.328297e-09	-3.613903e-09	-4.431695e+01	-4.216999e+02
5.400000e-07	-8.316150e-09	-3.656522e-09	-4.425231e+01	-4.210102e+02
5.500000e-07	-8.303776e-09	-3.657149e-09	-4.418647e+01	-4.203096e+02
5.600000e-07	-8.291222e-09	-3.610397e-09	-4.411967e+01	-4.195980e+02
5.700000e-07	-8.278501e-09	-3.605500e-09	-4.405197e+01	-4.188755e+02
5.800000e-07	-8.265607e-09	-3.622332e-09	-4.398336e+01	-4.181421e+02
5.900000e-07	-8.252504e-09	-3.610221e-09	-4.391364e+01	-4.173978e+02
6.000000e-07	-8.239160e-09	-3.597438e-09	-4.384263e+01	-4.166427e+02
6.100000e-07	-8.225577e-09	-3.592874e-09	-4.377035e+01	-4.158768e+02
6.200000e-07	-8.211746e-09	-3.582272e-09	-4.369676e+01	-4.151000e+02
6.300000e-07	-8.197667e-09	-3.585352e-09	-4.362184e+01	-4.143124e+02
6.400000e-07	-8.183332e-09	-3.596441e-09	-4.354555e+01	-4.135140e+02
6.500000e-07	-8.168765e-09	-3.584582e-09	-4.346804e+01	-4.127049e+02
6.600000e-07	-8.153958e-09	-3.565418e-09	-4.338925e+01	-4.118851e+02
6.700000e-07	-8.138855e-09	-3.558672e-09	-4.330888e+01	-4.110545e+02
6.800000e-07	-8.123481e-09	-3.561906e-09	-4.322707e+01	-4.102132e+02
6.900000e-07	-8.107821e-09	-3.569562e-09	-4.314374e+01	-4.093613e+02
7.000000e-07	-8.091839e-09	-3.566250e-09	-4.305870e+01	-4.084987e+02
7.100000e-07	-8.075529e-09	-3.546926e-09	-4.297191e+01	-4.076255e+02
7.200000e-07	-8.058926e-09	-3.533010e-09	-4.288356e+01	-4.067417e+02
7.300000e-07	-8.042018e-09	-3.534865e-09	-4.279359e+01	-4.058473e+02
7.400000e-07	-8.024806e-09	-3.538567e-09	-4.270200e+01	-4.049423e+02
7.500000e-07	-8.007356e-09	-3.536410e-09	-4.260914e+01	-4.040268e+02
7.600000e-07	-7.989709e-09	-3.525755e-09	-4.251524e+01	-4.031008e+02
7.700000e-07	-7.971899e-09	-3.516663e-09	-4.242047e+01	-4.021644e+02
7.800000e-07	-7.953928e-09	-3.518501e-09	-4.232484e+01	-4.012174e+02
7.900000e-07	-7.935795e-09	-3.516912e-09	-4.222835e+01	-4.002600e+02
8.000000e-07	-7.917518e-09	-3.499243e-09	-4.213109e+01	-3.992922e+02
8.100000e-07	-7.899105e-09	-3.479141e-09	-4.203311e+01	-3.983140e+02
8.200000e-07	-7.880561e-09	-3.474673e-09	-4.193443e+01	-3.973255e+02
8.300000e-07	-7.861875e-09	-3.480946e-09	-4.183500e+01	-3.963266e+02
8.400000e-07	-7.843020e-09	-3.484176e-09	-4.173467e+01	-3.953174e+02
8.500000e-07	-7.823958e-09	-3.473475e-09	-4.163324e+01	-3.942979e+02
8.600000e-07	-7.804671e-09	-3.454863e-09	-4.153060e+01	-3.932681e+02
8.700000e-07	-7.785168e-09	-3.444617e-09	-4.142683e+01	-3.922282e+02
8.800000e-07	-7.765443e-09	-3.442735e-09	-4.132186e+01	-3.911780e+02
8.900000e-07	-7.745496e-09	-3.440193e-09	-4.121572e+01	-3.901176e+02
9.000000e-07	-7.725342e-09	-3.430117e-09	-4.110847e+01	-3.890471e+02
9.100000e-07	-7.705017e-09	-3.416082e-09	-4.100032e+01	-3.879665e+02
9.200000e-07	-7.684577e-09	-3.406498e-09	-4.089155e+01	-3.868758e+02
9.300000e-07	-7.664050e-09	-3.402369e-09	-4.078232e+01	-3.857750e+02
9.400000e-07	-7.643435e-09	-3.397210e-09	-4.067263e+01	-3.846642e+02
9.500000e-07	-7.622699e-09	-3.385147e-09	-4.056228e+01	-3.835434e+02
9.600000e-07	-7.601836e-09	-3.371500e-09	-4.045126e+01	-3.824125e+02
9.700000e-07	-7.580845e-09	-3.362970e-09	-4.033957e+01	-3.812718e+02
9.800000e-07	-7.559695e-09	-3.360345e-09	-4.022702e+01	-3.801211e+02
9.900000e-07	-7.538360e-09	-3.356806e-09	-4.011349e+01	-3.789606e+02
1.000000e-06	-7.516819e-09	-3.346822e-09	-3.999887e+01	-3.777901e+02
1.010000e-06	-7.495052e-09	-3.334234e-09	-3.988304e+01	-3.766099e+02
1.020000e-06	-7.473069e-09	-3.325256e-09	-3.976606e+01	-3.754198e+02
1.030000e-06	-7.450877e-09	-3.319320e-09	-3.964797e+01	-3.742200e+02
1.040000e-06	-7.428492e-09	-3.310646e-09	-3.952886e+01	-3.730105e+02
1.050000e-06	-7.405951e-09	-3.297250e-09	-3.940891e+01	-3.717912e+02
1.060000e-06	-7.383243e-09	-3.283065e-09	-3.928807e+01	-3.705623e+02
1.070000e-06	-7.360365e-09	-3.274344e-09	-3.916634e+01	-3.693237e+02
1.080000e-06	-7.337296e-09	-3.270262e-09	-3.904358e+01	-3.680755e+02
1.090000e-06	-7.314015e-09	-3.265512e-09	-3.891969e+01	-3.668178e+02
1.100000e-06	-7.290546e-09	-3.257493e-09	-3.879481e+01	-3.655505e+02
1.110000e-06	-7.266884e-09	-3.247018e-09	-3.866890e+01	-3.642737e+02
1.120000e-06	-7.243029e-09	-3.235076e-09	-3.854196e+01	-3.629874e+02
1.130000e-06	-7.218993e-09	-3.221638e-09	-3.841406e+01	-3.616917e+02
1.140000e-06	-7.194772e-09	-3.207048e-09	-3.828517e+01	-3.603865e+02
1.150000e-06	-7.170411e-09	-3.190704e-09	-3.815554e+01	-3.590720e+02
1.160000e-06	-7.145946e-09	-3.178441e-09	-3.802536e+01	-3.577482e+02
1.170000e-06	-7.121357e-09	-3.173875e-09	-3.789451e+01	-3.564150e+02
1.180000e-06	-7.096627e-09	-3.172296e-09	-3.776291e+01	-3.550726e+02
1.190000e-06	-7.071757e-09	-3.167933e-09	-3.763057e+01	-3.537209e+02
1.200000e-06	-7.046715e-09	-3.155922e-09	-3.749732e+01	-3.523601e+02
1.210000e-06	-7.021472e-09	-3.139001e-09	-3.736300e+01	-3.509900e+02
1.220000e-06	-6.996039e-09	-3.121648e-09	-3.722766e+01	-3.496108e+02
1.230000e-06	-6.970362e-09	-3.107070e-09	-3.709103e+01	-3.482226e+02
1.240000e-06	-6.944428e-09	-3.093374e-09	-3.695303e+01	-3.468252e+02
1.250000e-06	-6.918255e-09	-3.080390e-09	-3.681375e+01	-3.454189e+02
1.260000e-06	-6.891797e-09	-3.071875e-09	-3.667297e+01	-3.440036e+02
1.270000e-06	-6.865022e-09	-3.066764e-09	-3.653049e+01	-3.425793e+02
1.280000e-06	-6.837926e-09	-3.061955e-09	-3.638631e+01	-3.411461e+02
1.290000e-06	-6.810550e-09	-3.051203e-09	-3.624063e+01	-3.397040e+02
1.300000e-06	-6.782912e-09	-3.033828e-09	-3.609356e+01	-3.382531e+02
1.310000e-06	-6.755045e-09	-3.013604e-09	-3.594528e+01	-3.367934e+02
1.320000e-06	-6.727009e-09	-2.995354e-09	-3.579609e+01	-3.353249e+02
1.330000e-06	-6.698812e-09	-2.983392e-09	-3.564604e+01	-3.338477e+02
1.340000e-06	-6.670453e-09	-2.975540e-09	-3.549514e+01	-3.323618e+02
1.350000e-06	-6.641964e-09	-2.971180e-09	-3.534354e+01	-3.308673e+02
1.360000e-06	-6.613378e-09	-2.965673e-09	-3.519143e+01	-3.293642e+02
1.370000e-06	-6.584697e-09	-2.955805e-09	-3.503881e+01	-3.278525e+02
1.380000e-06	-6.555931e-09	-2.942769e-09	-3.488574e+01	-3.263322e+02
1.390000e-06	-6.527066e-09	-2.928290e-09	-3.473214e+01	-3.248035e+02
1.400000e-06	-6.498068e-09	-2.913229e-09	-3.457783e+01	-3.232663e+02
1.410000e-06	-6.468930e-09	-2.895651e-09	-3.442279e+01	-3.217207e+02
1.420000e-06	-6.439641e-09	-2.880184e-09	-3.426693e+01	-3.201668e+02
1.430000e-06	-6.410187e-09	-2.869376e-09	-3.411020e+01	-3.186045e+02
1.440000e-06	-6.380562e-09	-2.861934e-09	-3.395256e+01	-3.170339e+02
1.450000e-06	-6.350750e-09	-2.852821e-09	-3.379392e+01	-3.154551e+02
1.460000e-06	-6.320748e-09	-2.838243e-09	-3.363427e+01	-3.138681e+02
1.470000e-06	-6.290578e-09	-2.822347e-09	-3.347373e+01	-3.122729e+02
1.480000e-06	-6.260272e-09	-2.807639e-09	-3.331246e+01	-3.106696e+02
1.490000e-06	-6.229824e-09	-2.794731e-09	-3.315044e+01	-3.090582e+02
1.500000e-06	-6.199234e-09	-2.780640e-09	-3.298766e+01	-3.074387e+02
1.510000e-06	-6.168518e-09	-2.762934e-09	-3.282421e+01	-3.058113e+02
1.520000e-06	-6.137678e-09	-2.745442e-09	-3.266011e+01	-3.041759e+02
1.530000e-06	-6.106720e-09	-2.732822e-09	-3.249537e+01	-3.025326e+02
1.540000e-06	-6.075640e-09	-2.724396e-09	-3.232999e+01	-3.008814e+02
1.550000e-06	-6.044408e-09	-2.714260e-09	-3.216379e+01	-2.992224e+02
1.560000e-06	-6.013010e-09	-2.699218e-09	-3.199672e+01	-2.975556e+02
1.570000e-06	-5.981467e-09	-2.680835e-09	-3.182887e+01	-2.958811e+02
1.580000e-06	-5.949769e-09	-2.663301e-09	-3.166020e+01	-2.941988e+02
1.590000e-06	-5.917924e-09	-2.647635e-09	-3.149074e+01	-2.925090e+02
1.600000e-06	-5.885921e-09	-2.631079e-09	-3.132045e+01	-2.908115e+02
1.610000e-06	-5.853768e-09	-2.612781e-09	-3.114935e+01	-2.891064e+02
1.620000e-06	-5.821480e-09	-2.596478e-09	-3.097754e+01	-2.873938e+02
1.630000e-06	-5.789074e-09	-2.585279e-09	-3.080510e+01	-2.856738e+02
1.640000e-06	-5.756584e-09	-2.574468e-09	-3.063221e+01	-2.839463e+02
1.650000e-06	-5.724008e-09	-2.558902e-09	-3.045886e+01	-2.822114e+02
1.660000e-06	-5.691334e-09	-2.539314e-09	-3.028500e+01	-2.804692e+02
1.670000e-06	-5.658561e-09	-2.520250e-09	-3.011060e+01	-2.787196e+02
1.680000e-06	-5.625695e-09	-2.506064e-09	-2.993572e+01	-2.769629e+02
1.690000e-06	-5.592714e-09	-2.494385e-09	-2.976021e+01	-2.751989e+02
1.700000e-06	-5.559596e-09	-2.480644e-09	-2.958399e+01	-2.734278e+02
1.710000e-06	-5.526330e-09	-2.462530e-09	-2.940697e+01	-2.716495e+02
1.720000e-06	-5.492877e-09	-2.442597e-09	-2.922896e+01	-2.698642e+02
1.730000e-06	-5.459231e-09	-2.425067e-09	-2.904992e+01	-2.680719e+02
1.740000e-06	-5.425383e-09	-2.409834e-09	-2.886981e+01	-2.662725e+02
1.750000e-06	-5.391294e-09	-2.396177e-09	-2.868841e+01	-2.644663e+02
1.760000e-06	-5.356981e-09	-2.381791e-09	-2.850582e+01	-2.626532e+02
1.770000e-06	-5.322441e-09	-2.366603e-09	-2.832203e+01	-2.608332e+02
1.780000e-06	-5.287661e-09	-2.351123e-09	-2.813696e+01	-2.590065e+02
1.790000e-06	-5.252655e-09	-2.334730e-09	-2.795068e+01	-2.571730e+02
1.800000e-06	-5.217449e-09	-2.316197e-09	-2.776334e+01	-2.553328e+02
1.810000e-06	-5.182069e-09	-2.295739e-09	-2.757507e+01	-2.534860e+02
1.820000e-06	-5.146510e-09	-2.277011e-09	-2.738586e+01	-2.516326e+02
1.830000e-06	-5.110764e-09	-2.261196e-09	-2.719564e+01	-2.497727e+02
1.840000e-06	-5.074849e-09	-2.247179e-09	-2.700453e+01	-2.479062e+02
1.850000e-06	-5.038793e-09	-2.230245e-09	-2.681267e+01	-2.460333e+02
1.860000e-06	-5.002617e-09	-2.210770e-09	-2.662017e+01	-2.441540e+02
1.870000e-06	-4.966326e-09	-2.191330e-09	-2.642705e+01	-2.422684e+02
1.880000e-06	-4.929926e-09	-2.173652e-09	-2.623336e+01	-2.403764e+02
1.890000e-06	-4.893435e-09	-2.159002e-09	-2.603918e+01	-2.384782e+02
1.900000e-06	-4.856871e-09	-2.142876e-09	-2.584461e+01	-2.365738e+02
1.910000e-06	-4.820256e-09	-2.124916e-09	-2.564978e+01	-2.346632e+02
1.920000e-06	-4.783578e-09	-2.106962e-09	-2.545460e+01	-2.327465e+02
1.930000e-06	-4.746831e-09	-2.089302e-09	-2.525906e+01	-2.308238e+02
1.940000e-06	-4.709997e-09	-2.072131e-09	-2.506306e+01	-2.288950e+02
1.950000e-06	-4.673061e-09	-2.055386e-09	-2.486651e+01	-2.269603e+02
1.960000e-06	-4.636059e-09	-2.040746e-09	-2.466961e+01	-2.250198e+02
1.970000e-06	-4.598976e-09	-2.027933e-09	-2.447228e+01	-2.230733e+02
1.980000e-06	-4.561788e-09	-2.015170e-09	-2.427440e+01	-2.211210e+02
1.990000e-06	-4.524471e-09	-2.000289e-09	-2.407583e+01	-2.191630e+02
2.000000e-06	-4.486999e-09	-1.981391e-09	-2.387643e+01	-2.171993e+02
2.010000e-06	-4.449391e-09	-1.960943e-09	-2.367631e+01	-2.152300e+02
2.020000e-06	-4.411658e-09	-1.942288e-09	-2.347552e+01	-2.132550e+02
2.030000e-06	-4.373802e-09	-1.925628e-09	-2.327408e+01	-2.112745e+02
2.040000e-06	-4.335813e-09	-1.908841e-09	-2.307193e+01	-2.092885e+02
2.050000e-06	-4.297697e-09	-1.890978e-09	-2.286911e+01	-2.072970e+02
2.060000e-06	-4.259484e-09	-1.874191e-09	-2.266576e+01	-2.053002e+02
2.070000e-06	-4.221185e-09	-1.858332e-09	-2.246197e+01	-2.032980e+02
2.080000e-06	-4.182802e-09	-1.840841e-09	-2.225772e+01	-2.012905e+02
2.090000e-06	-4.144321e-09	-1.821637e-09	-2.205295e+01	-1.992778e+02
2.100000e-06	-4.105744e-09	-1.802110e-09	-2.184768e+01	-1.972599e+02
2.110000e-06	-4.067070e-09	-1.783514e-09	-2.164188e+01	-1.952369e+02
2.120000e-06	-4.028291e-09	-1.765120e-09	-2.143553e+01	-1.932088e+02
2.130000e-06	-3.989424e-09	-1.746918e-09	-2.122871e+01	-1.911756e+02
2.140000e-06	-3.950460e-09	-1.729193e-09	-2.102137e+01	-1.891375e+02
2.150000e-06	-3.911403e-09	-1.711437e-09	-2.081354e+01	-1.870945e+02
2.160000e-06	-3.872246e-09	-1.694058e-09	-2.060517e+01	-1.850466e+02
2.170000e-06	-3.832989e-09	-1.675444e-09	-2.039628e+01	-1.829939e+02
2.180000e-06	-3.793621e-09	-1.655521e-09	-2.018679e+01	-1.809364e+02
2.190000e-06	-3.754151e-09	-1.635523e-09	-1.997676e+01	-1.788742e+02
2.200000e-06	-3.714605e-09	-1.614810e-09	-1.976632e+01	-1.768074e+02
2.210000e-06	-3.674958e-09	-1.594027e-09	-1.955536e+01	-1.747359e+02
2.220000e-06	-3.635213e-09	-1.574842e-09	-1.934386e+01	-1.726599e+02
2.230000e-06	-3.595370e-09	-1.556518e-09	-1.913185e+01	-1.705795e+02
2.240000e-06	-3.555420e-09	-1.538189e-09	-1.891926e+01	-1.684946e+02
2.250000e-06	-3.515396e-09	-1.520071e-09	-1.870629e+01	-1.664053e+02
2.260000e-06	-3.475314e-09	-1.502325e-09	-1.849300e+01	-1.643116e+02
2.270000e-06	-3.435149e-09	-1.483412e-09	-1.827927e+01	-1.622137e+02
2.280000e-06	-3.394902e-09	-1.462243e-09	-1.806511e+01	-1.601116e+02
2.290000e-06	-3.354577e-09	-1.440552e-09	-1.785053e+01	-1.580053e+02
2.300000e-06	-3.314187e-09	-1.419328e-09	-1.763560e+01	-1.558949e+02
2.310000e-06	-3.273746e-09	-1.398704e-09	-1.742040e+01	-1.537804e+02
2.320000e-06	-3.233256e-09	-1.377999e-09	-1.720494e+01	-1.516620e+02
2.330000e-06	-3.192722e-09	-1.357716e-09	-1.698926e+01	-1.495396e+02
2.340000e-06	-3.152137e-09	-1.338389e-09	-1.677329e+01	-1.474133e+02
2.350000e-06	-3.111495e-09	-1.319966e-09	-1.655703e+01	-1.452832e+02
2.360000e-06	-3.070812e-09	-1.300701e-09	-1.634054e+01	-1.431492e+02
2.370000e-06	-3.030085e-09	-1.279364e-09	-1.612382e+01	-1.410116e+02
2.380000e-06	-2.989330e-09	-1.257685e-09	-1.590695e+01	-1.388703e+02
2.390000e-06	-2.948544e-09	-1.236571e-09	-1.568992e+01	-1.367254e+02
2.400000e-06	-2.907694e-09	-1.217328e-09	-1.547255e+01	-1.345769e+02
2.410000e-06	-2.866765e-09	-1.199622e-09	-1.525475e+01	-1.324249e+02
2.420000e-06	-2.825764e-09	-1.181669e-09	-1.503657e+01	-1.302695e+02
2.430000e-06	-2.784693e-09	-1.162351e-09	-1.481803e+01	-1.281107e+02
2.440000e-06	-2.743561e-09	-1.141395e-09	-1.459915e+01	-1.259485e+02
2.450000e-06	-2.702361e-09	-1.121490e-09	-1.437992e+01	-1.237831e+02
2.460000e-06	-2.661090e-09	-1.102832e-09	-1.416031e+01	-1.216145e+02
2.470000e-06	-2.619751e-09	-1.084098e-09	-1.394033e+01	-1.194427e+02
2.480000e-06	-2.578340e-09	-1.065207e-09	-1.371997e+01	-1.172677e+02
2.490000e-06	-2.536853e-09	-1.044811e-09	-1.349921e+01	-1.150898e+02
2.500000e-06	-2.495278e-09	-1.023678e-09	-1.327798e+01	-1.129088e+02
2.510000e-06	-2.453606e-09	-1.003248e-09	-1.305623e+01	-1.107249e+02
2.520000e-06	-2.411848e-09	-9.830066e-10	-1.283402e+01	-1.085381e+02
2.530000e-06	-2.370008e-09	-9.622680e-10	-1.261138e+01	-1.063485e+02
2.540000e-06	-2.328067e-09	-9.415744e-10	-1.238821e+01	-1.041561e+02
2.550000e-06	-2.286018e-09	-9.214248e-10	-1.216446e+01	-1.019611e+02
2.560000e-06	-2.243874e-09	-9.021889e-10	-1.194019e+01	-9.976332e+01
2.570000e-06	-2.201613e-09	-8.831638e-10	-1.171531e+01	-9.756298e+01
2.580000e-06	-2.159235e-09	-8.634447e-10	-1.148981e+01	-9.536011e+01
2.590000e-06	-2.116783e-09	-8.436328e-10	-1.126391e+01	-9.315475e+01
2.600000e-06	-2.074249e-09	-8.241054e-10	-1.103758e+01	-9.094698e+01
2.610000e-06	-2.031625e-09	-8.041497e-10	-1.081077e+01	-8.873683e+01
2.620000e-06	-1.988947e-09	-7.819930e-10	-1.058367e+01	-8.652438e+01
2.630000e-06	-1.946195e-09	-7.602340e-10	-1.035618e+01	-8.430967e+01
2.640000e-06	-1.903359e-09	-7.408761e-10	-1.012824e+01	-8.209277e+01
2.650000e-06	-1.860449e-09	-7.232183e-10	-9.899899e+00	-7.987373e+01
2.660000e-06	-1.817446e-09	-7.059914e-10	-9.671074e+00	-7.765262e+01
2.670000e-06	-1.774366e-09	-6.864971e-10	-9.441836e+00	-7.542948e+01
2.680000e-06	-1.731210e-09	-6.656890e-10	-9.212188e+00	-7.320438e+01
2.690000e-06	-1.687972e-09	-6.448035e-10	-8.982110e+00	-7.097737e+01
2.700000e-06	-1.644677e-09	-6.250442e-10	-8.751725e+00	-6.874852e+01
2.710000e-06	-1.601317e-09	-6.060303e-10	-8.520999e+00	-6.651788e+01
2.720000e-06	-1.557872e-09	-5.859609e-10	-8.289817e+00	-6.428551e+01
2.730000e-06	-1.514375e-09	-5.647068e-10	-8.058357e+00	-6.205146e+01
2.740000e-06	-1.470848e-09	-5.429121e-10	-7.826742e+00	-5.981580e+01
2.750000e-06	-1.427273e-09	-5.224847e-10	-7.594867e+00	-5.757859e+01
2.760000e-06	-1.383654e-09	-5.041375e-10	-7.362760e+00	-5.533987e+01
2.770000e-06	-1.339994e-09	-4.859438e-10	-7.130438e+00	-5.309971e+01
2.780000e-06	-1.296271e-09	-4.651460e-10	-6.897774e+00	-5.085817e+01
2.790000e-06	-1.252486e-09	-4.418332e-10	-6.664786e+00	-4.861531e+01
2.800000e-06	-1.208665e-09	-4.203638e-10	-6.431599e+00	-4.637118e+01
2.810000e-06	-1.164800e-09	-4.015884e-10	-6.198183e+00	-4.412585e+01
2.820000e-06	-1.120901e-09	-3.820994e-10	-5.964585e+00	-4.187936e+01
2.830000e-06	-1.076967e-09	-3.601131e-10	-5.730800e+00	-3.963179e+01
2.840000e-06	-1.032990e-09	-3.368496e-10	-5.496792e+00	-3.738318e+01
2.850000e-06	-9.889776e-10	-3.158424e-10	-5.262589e+00	-3.513360e+01
2.860000e-06	-9.449061e-10	-2.967354e-10	-5.028073e+00	-3.288311e+01
2.870000e-06	-9.008291e-10	-2.769297e-10	-4.793528e+00	-3.063176e+01
2.880000e-06	-8.567644e-10	-2.547459e-10	-4.559049e+00	-2.837961e+01
2.890000e-06	-8.126813e-10	-2.312051e-10	-4.324472e+00	-2.612672e+01
2.900000e-06	-7.685781e-10	-2.088400e-10	-4.089787e+00	-2.387315e+01
2.910000e-06	-7.244618e-10	-1.874224e-10	-3.855033e+00	-2.161896e+01
2.920000e-06	-6.803397e-10	-1.669093e-10	-3.620248e+00	-1.936421e+01
2.930000e-06	-6.361938e-10	-1.457606e-10	-3.385337e+00	-1.710895e+01
2.940000e-06	-5.920340e-10	-1.240961e-10	-3.150352e+00	-1.485325e+01
2.950000e-06	-5.478723e-10	-1.037528e-10	-2.915356e+00	-1.259716e+01
2.960000e-06	-5.036909e-10	-8.502274e-11	-2.680256e+00	-1.034074e+01
2.970000e-06	-4.594788e-10	-6.598418e-11	-2.444991e+00	-8.084051e+00
2.980000e-06	-4.152488e-10	-4.282903e-11	-2.209632e+00	-5.827150e+00
2.990000e-06	-3.710111e-10	-1.720202e-11	-1.974232e+00	-3.570097e+00
3.000000e-06	-3.267738e-10	7.886134e-12	-1.738834e+00	-1.312951e+00
3.010000e-06	-2.825354e-10	3.010958e-11	-1.503431e+00	9.442307e-01
3.020000e-06	-2.382920e-10	4.974047e-11	-1.268000e+00	3.201389e+00
3.030000e-06	-1.940599e-10	6.972150e-11	-1.032630e+00	5.458464e+00
3.040000e-06	-1.498337e-10	8.957176e-11	-7.972914e-01	7.715398e+00
3.050000e-06	-1.055868e-10	1.097564e-10	-5.618423e-01	9.972133e+00
3.060000e-06	-6.132047e-11	1.300508e-10	-3.262898e-01	1.222861e+01
3.070000e-06	-1.704468e-11	1.504027e-10	-9.068736e-02	1.448477e+01
3.080000e-06	2.723671e-11	1.711535e-10	1.449450e-01	1.674055e+01
3.090000e-06	7.150243e-11	1.910486e-10	3.804943e-01	1.899590e+01
3.100000e-06	1.157506e-10	2.101569e-10	6.159502e-01	2.125075e+01
3.110000e-06	1.599879e-10	2.282137e-10	8.513480e-01	2.350506e+01
3.120000e-06	2.042444e-10	2.468328e-10	1.086848e+00	2.575875e+01
3.130000e-06	2.485156e-10	2.683541e-10	1.322426e+00	2.801177e+01
3.140000e-06	2.927590e-10	2.931505e-10	1.557856e+00	3.026407e+01
3.150000e-06	3.369767e-10	3.179927e-10	1.793150e+00	3.251558e+01
3.160000e-06	3.811758e-10	3.407602e-10	2.028345e+00	3.476624e+01
3.170000e-06	4.253697e-10	3.613412e-10	2.263511e+00	3.701600e+01
3.180000e-06	4.695652e-10	3.801444e-10	2.498687e+00	3.926480e+01
3.190000e-06	5.137415e-10	3.984388e-10	2.733761e+00	4.151258e+01
3.200000e-06	5.578889e-10	4.174470e-10	2.968680e+00	4.375927e+01
3.210000e-06	6.020468e-10	4.372881e-10	3.203655e+00	4.600483e+01
3.220000e-06	6.461949e-10	4.574704e-10	3.438578e+00	4.824920e+01
3.230000e-06	6.903025e-10	4.809950e-10	3.673286e+00	5.049231e+01
3.240000e-06	7.343942e-10	5.064247e-10	3.907909e+00	5.273411e+01
3.250000e-06	7.784763e-10	5.292545e-10	4.142481e+00	5.497454e+01
3.260000e-06	8.225515e-10	5.471790e-10	4.377016e+00	5.721354e+01
3.270000e-06	8.666161e-10	5.617863e-10	4.611495e+00	5.945105e+01
3.280000e-06	9.106351e-10	5.774893e-10	4.845731e+00	6.168701e+01
3.290000e-06	9.546080e-10	5.955760e-10	5.079722e+00	6.392137e+01
3.300000e-06	9.985479e-10	6.147741e-10	5.313537e+00	6.615407e+01
3.310000e-06	1.042460e-09	6.340260e-10	5.547206e+00	6.838505e+01
3.320000e-06	1.086347e-09	6.534383e-10	5.780739e+00	7.061425e+01
3.330000e-06	1.130200e-09	6.743203e-10	6.014090e+00	7.284162e+01
3.340000e-06	1.174027e-09	6.963355e-10	6.247303e+00	7.506709e+01
3.350000e-06	1.217825e-09	7.158794e-10	6.480364e+00	7.729061e+01
3.360000e-06	1.261572e-09	7.323506e-10	6.713151e+00	7.951212e+01
3.370000e-06	1.305261e-09	7.502660e-10	6.945630e+00	8.173156e+01
3.380000e-06	1.348889e-09	7.710832e-10	7.177788e+00	8.394887e+01
3.390000e-06	1.392471e-09	7.909731e-10	7.409697e+00	8.616401e+01
3.400000e-06	1.436024e-09	8.083447e-10	7.641452e+00	8.837690e+01
3.410000e-06	1.479519e-09	8.250295e-10	7.872903e+00	9.058750e+01
3.420000e-06	1.522962e-09	8.439136e-10	8.104071e+00	9.279574e+01
3.430000e-06	1.566329e-09	8.656640e-10	8.334836e+00	9.500156e+01
3.440000e-06	1.609585e-09	8.879173e-10	8.565013e+00	9.720492e+01
3.450000e-06	1.652754e-09	9.093581e-10	8.794728e+00	9.940575e+01
3.460000e-06	1.695864e-09	9.289999e-10	9.024127e+00	1.016040e+02
3.470000e-06	1.738929e-09	9.468804e-10	9.253282e+00	1.037996e+02
3.480000e-06	1.781907e-09	9.645636e-10	9.481978e+00	1.059925e+02
3.490000e-06	1.824808e-09	9.818417e-10	9.710268e+00	1.081826e+02
3.500000e-06	1.867668e-09	9.985088e-10	9.938336e+00	1.103700e+02
3.510000e-06	1.910447e-09	1.016763e-09	1.016597e+01	1.125544e+02
3.520000e-06	1.953137e-09	1.037868e-09	1.039313e+01	1.147360e+02
3.530000e-06	1.995745e-09	1.060761e-09	1.061986e+01	1.169145e+02
3.540000e-06	2.038260e-09	1.083617e-09	1.084609e+01	1.190900e+02
3.550000e-06	2.080663e-09	1.103713e-09	1.107173e+01	1.212624e+02
3.560000e-06	2.122930e-09	1.121981e-09	1.129665e+01	1.234317e+02
3.570000e-06	2.165102e-09	1.141556e-09	1.152105e+01	1.255977e+02
3.580000e-06	2.207200e-09	1.161468e-09	1.174506e+01	1.277605e+02
3.590000e-06	2.249206e-09	1.180772e-09	1.196859e+01	1.299200e+02
3.600000e-06	2.291130e-09	1.198809e-09	1.219168e+01	1.320761e+02
3.610000e-06	2.332949e-09	1.216306e-09	1.241420e+01	1.342287e+02
3.620000e-06	2.374682e-09	1.235750e-09	1.263627e+01	1.363779e+02
3.630000e-06	2.416346e-09	1.257327e-09	1.285798e+01	1.385235e+02
3.640000e-06	2.457927e-09	1.280029e-09	1.307924e+01	1.406655e+02
3.650000e-06	2.499442e-09	1.300616e-09	1.330015e+01	1.428038e+02
3.660000e-06	2.540862e-09	1.318409e-09	1.352056e+01	1.449385e+02
3.670000e-06	2.582194e-09	1.335113e-09	1.374050e+01	1.470693e+02
3.680000e-06	2.623449e-09	1.351104e-09	1.396003e+01	1.491964e+02
3.690000e-06	2.664636e-09	1.367949e-09	1.417919e+01	1.513195e+02
3.700000e-06	2.705769e-09	1.385998e-09	1.439807e+01	1.534388e+02
3.710000e-06	2.746828e-09	1.404728e-09	1.461656e+01	1.555540e+02
3.720000e-06	2.787792e-09	1.424975e-09	1.483454e+01	1.576652e+02
3.730000e-06	2.828673e-09	1.445404e-09	1.505207e+01	1.597723e+02
3.740000e-06	2.869510e-09	1.464907e-09	1.526938e+01	1.618752e+02
3.750000e-06	2.910310e-09	1.483695e-09	1.548649e+01	1.639739e+02
3.760000e-06	2.951071e-09	1.501113e-09	1.570338e+01	1.660684e+02
3.770000e-06	2.991785e-09	1.518777e-09	1.592004e+01	1.681585e+02
3.780000e-06	3.032450e-09	1.537382e-09	1.613643e+01	1.702443e+02
3.790000e-06	3.073076e-09	1.555221e-09	1.635261e+01	1.723256e+02
3.800000e-06	3.113655e-09	1.571717e-09	1.656854e+01	1.744025e+02
3.810000e-06	3.154181e-09	1.588710e-09	1.678419e+01	1.764748e+02
3.820000e-06	3.194647e-09	1.607493e-09	1.699952e+01	1.785425e+02
3.830000e-06	3.235063e-09	1.626945e-09	1.721458e+01	1.806056e+02
3.840000e-06	3.275431e-09	1.646884e-09	1.742939e+01	1.826640e+02
3.850000e-06	3.315716e-09	1.666136e-09	1.764376e+01	1.847176e+02
3.860000e-06	3.355941e-09	1.684820e-09	1.785780e+01	1.867664e+02
3.870000e-06	3.396106e-09	1.703748e-09	1.807153e+01	1.888104e+02
3.880000e-06	3.436186e-09	1.722526e-09	1.828481e+01	1.908495e+02
3.890000e-06	3.476186e-09	1.738669e-09	1.849766e+01	1.928836e+02
3.900000e-06	3.516111e-09	1.751957e-09	1.871011e+01	1.949127e+02
3.910000e-06	3.555935e-09	1.766152e-09	1.892202e+01	1.969367e+02
3.920000e-06	3.595653e-09	1.782569e-09	1.913337e+01	1.989556e+02
3.930000e-06	3.635288e-09	1.801453e-09	1.934428e+01	2.009693e+02
3.940000e-06	3.674833e-09	1.820584e-09	1.955471e+01	2.029778e+02
3.950000e-06	3.714285e-09	1.838899e-09	1.976464e+01	2.049810e+02
3.960000e-06	3.753633e-09	1.856325e-09	1.997402e+01	2.069789e+02
3.970000e-06	3.792875e-09	1.872211e-09	2.018284e+01	2.089714e+02
3.980000e-06	3.831996e-09	1.885821e-09	2.039101e+01	2.109584e+02
3.990000e-06	3.871005e-09	1.897898e-09	2.059859e+01	2.129400e+02
4.000000e-06	3.909939e-09	1.911843e-09	2.080576e+01	2.149160e+02
4.010000e-06	3.948794e-09	1.929880e-09	2.101252e+01	2.168865e+02
4.020000e-06	3.987571e-09	1.951613e-09	2.121887e+01	2.188513e+02
4.030000e-06	4.026241e-09	1.972889e-09	2.142464e+01	2.208104e+02
4.040000e-06	4.064810e-09	1.989556e-09	2.162987e+01	2.227638e+02
4.050000e-06	4.103315e-09	2.003385e-09	2.183477e+01	2.247113e+02
4.060000e-06	4.141724e-09	2.018551e-09	2.203915e+01	2.266531e+02
4.070000e-06	4.180034e-09	2.034906e-09	2.224301e+01	2.285889e+02
4.080000e-06	4.218266e-09	2.050319e-09	2.244645e+01	2.305188e+02
4.090000e-06	4.256385e-09	2.065211e-09	2.264929e+01	2.324427e+02
4.100000e-06	4.294383e-09	2.080618e-09	2.285149e+01	2.343605e+02
4.110000e-06	4.332230e-09	2.098418e-09	2.305288e+01	2.362723e+02
4.120000e-06	4.369926e-09	2.119409e-09	2.325347e+01	2.381779e+02
4.130000e-06	4.407537e-09	2.140250e-09	2.345361e+01	2.400773e+02
4.140000e-06	4.445048e-09	2.158610e-09	2.365321e+01	2.419705e+02
4.150000e-06	4.482422e-09	2.175378e-09	2.385209e+01	2.438573e+02
4.160000e-06	4.519678e-09	2.190876e-09	2.405034e+01	2.457379e+02
4.170000e-06	4.556839e-09	2.203766e-09	2.424808e+01	2.476120e+02
4.180000e-06	4.593909e-09	2.215395e-09	2.444534e+01	2.494797e+02
4.190000e-06	4.630882e-09	2.228339e-09	2.464208e+01	2.513409e+02
4.200000e-06	4.667748e-09	2.245109e-09	2.483826e+01	2.531956e+02
4.210000e-06	4.704523e-09	2.264730e-09	2.503395e+01	2.550437e+02
4.220000e-06	4.741244e-09	2.282652e-09	2.522935e+01	2.568851e+02
4.230000e-06	4.777893e-09	2.297856e-09	2.542437e+01	2.587199e+02
4.240000e-06	4.814468e-09	2.312978e-09	2.561899e+01	2.605479e+02
4.250000e-06	4.850991e-09	2.329814e-09	2.581334e+01	2.623692e+02
4.260000e-06	4.887448e-09	2.346084e-09	2.600734e+01	2.641836e+02
4.270000e-06	4.923832e-09	2.360961e-09	2.620095e+01	2.659912e+02
4.280000e-06	4.960122e-09	2.375762e-09	2.639406e+01	2.677919e+02
4.290000e-06	4.996292e-09	2.391101e-09	2.658653e+01	2.695855e+02
4.300000e-06	5.032350e-09	2.407580e-09	2.677840e+01	2.713722e+02
4.310000e-06	5.068263e-09	2.423449e-09	2.696950e+01	2.731518e+02
4.320000e-06	5.103997e-09	2.438405e-09	2.715965e+01	2.749243e+02
4.330000e-06	5.139556e-09	2.453636e-09	2.734887e+01	2.766897e+02
4.340000e-06	5.174920e-09	2.469301e-09	2.753705e+01	2.784479e+02
4.350000e-06	5.210072e-09	2.485590e-09	2.772410e+01	2.801988e+02
4.360000e-06	5.244993e-09	2.500982e-09	2.790992e+01	2.819424e+02
4.370000e-06	5.279673e-09	2.514840e-09	2.809447e+01	2.836787e+02
4.380000e-06	5.314121e-09	2.528339e-09	2.827777e+01	2.854076e+02
4.390000e-06	5.348324e-09	2.542038e-09	2.845977e+01	2.871291e+02
4.400000e-06	5.382301e-09	2.556445e-09	2.864057e+01	2.888432e+02
4.410000e-06	5.416082e-09	2.571166e-09	2.882033e+01	2.905497e+02
4.420000e-06	5.449684e-09	2.586460e-09	2.899913e+01	2.922486e+02
4.430000e-06	5.483085e-09	2.602906e-09	2.917687e+01	2.939400e+02
4.440000e-06	5.516302e-09	2.618203e-09	2.935362e+01	2.956237e+02
4.450000e-06	5.549393e-09	2.631713e-09	2.952971e+01	2.972997e+02
4.460000e-06	5.582370e-09	2.643094e-09	2.970519e+01	2.989680e+02
4.470000e-06	5.615234e-09	2.653579e-09	2.988007e+01	3.006285e+02
4.480000e-06	5.648003e-09	2.666697e-09	3.005444e+01	3.022812e+02
4.490000e-06	5.680689e-09	2.683256e-09	3.022837e+01	3.039260e+02
4.500000e-06	5.713286e-09	2.700380e-09	3.040183e+01	3.055629e+02
4.510000e-06	5.745781e-09	2.714650e-09	3.057474e+01	3.071919e+02
4.520000e-06	5.778172e-09	2.727784e-09	3.074710e+01	3.088129e+02
4.530000e-06	5.810459e-09	2.742841e-09	3.091891e+01	3.104259e+02
4.540000e-06	5.842624e-09	2.759358e-09	3.109007e+01	3.120307e+02
4.550000e-06	5.874653e-09	2.774508e-09	3.126050e+01	3.136275e+02
4.560000e-06	5.906532e-09	2.786597e-09	3.143014e+01	3.152161e+02
4.570000e-06	5.938234e-09	2.797317e-09	3.159883e+01	3.167965e+02
4.580000e-06	5.969790e-09	2.809592e-09	3.176675e+01	3.183687e+02
4.590000e-06	6.001193e-09	2.824452e-09	3.193385e+01	3.199326e+02
4.600000e-06	6.032411e-09	2.839335e-09	3.209997e+01	3.214881e+02
4.610000e-06	6.063481e-09	2.852691e-09	3.226530e+01	3.230353e+02
4.620000e-06	6.094413e-09	2.865241e-09	3.242990e+01	3.245741e+02
4.630000e-06	6.125219e-09	2.877870e-09	3.259383e+01	3.261045e+02
4.640000e-06	6.155912e-09	2.890635e-09	3.275715e+01	3.276264e+02
4.650000e-06	6.186478e-09	2.903246e-09	3.291980e+01	3.291397e+02
4.660000e-06	6.216902e-09	2.914443e-09	3.308170e+01	3.306445e+02
4.670000e-06	6.247173e-09	2.924771e-09	3.324278e+01	3.321407e+02
4.680000e-06	6.277289e-09	2.936343e-09	3.340303e+01	3.336282e+02
4.690000e-06	6.307254e-09	2.948751e-09	3.356248e+01	3.351071e+02
4.700000e-06	6.337068e-09	2.961842e-09	3.372113e+01	3.365773e+02
4.710000e-06	6.366726e-09	2.973764e-09	3.387895e+01	3.380387e+02
4.720000e-06	6.396194e-09	2.984029e-09	3.403575e+01	3.394913e+02
4.730000e-06	6.425479e-09	2.994383e-09	3.419159e+01	3.409350e+02
4.740000e-06	6.454616e-09	3.006778e-09	3.434663e+01	3.423700e+02
4.750000e-06	6.483602e-09	3.021187e-09	3.450087e+01	3.437960e+02
4.760000e-06	6.512470e-09	3.033916e-09	3.465449e+01	3.452130e+02
4.770000e-06	6.541249e-09	3.044350e-09	3.480763e+01	3.466211e+02
4.780000e-06	6.569949e-09	3.054731e-09	3.496035e+01	3.480202e+02
4.790000e-06	6.598561e-09	3.065452e-09	3.511260e+01	3.494102e+02
4.800000e-06	6.627078e-09	3.076625e-09	3.526435e+01	3.507911e+02
4.810000e-06	6.655484e-09	3.088953e-09	3.541550e+01	3.521629e+02
4.820000e-06	6.683769e-09	3.101628e-09	3.556601e+01	3.535256e+02
4.830000e-06	6.711911e-09	3.113138e-09	3.571577e+01	3.548790e+02
4.840000e-06	6.739862e-09	3.123643e-09	3.586450e+01	3.562232e+02
4.850000e-06	6.767588e-09	3.135313e-09	3.601204e+01	3.575582e+02
4.860000e-06	6.795052e-09	3.147365e-09	3.615818e+01	3.588838e+02
4.870000e-06	6.822223e-09	3.158142e-09	3.630276e+01	3.602001e+02
4.880000e-06	6.849096e-09	3.167946e-09	3.644576e+01	3.615071e+02
4.890000e-06	6.875670e-09	3.177202e-09	3.658717e+01	3.628046e+02
4.900000e-06	6.901949e-09	3.186565e-09	3.672700e+01	3.640927e+02
4.910000e-06	6.927929e-09	3.196421e-09	3.686525e+01	3.653713e+02
4.920000e-06	6.953628e-09	3.206736e-09	3.700200e+01	3.666405e+02
4.930000e-06	6.979089e-09	3.216276e-09	3.713748e+01	3.679001e+02
4.940000e-06	7.004332e-09	3.227116e-09	3.727181e+01	3.691501e+02
4.950000e-06	7.029394e-09	3.240091e-09	3.740517e+01	3.703905e+02
4.960000e-06	7.054301e-09	3.253058e-09	3.753771e+01	3.716213e+02
4.970000e-06	7.079066e-09	3.263863e-09	3.766948e+01	3.728424e+02
4.980000e-06	7.103716e-09	3.268831e-09	3.780065e+01	3.740538e+02
4.990000e-06	7.128259e-09	3.271841e-09	3.793125e+01	3.752555e+02
5.000000e-06	7.152679e-09	3.276371e-09	3.806120e+01	3.764475e+02
5.010000e-06	7.176951e-09	3.284404e-09	3.819036e+01	3.776296e+02
5.020000e-06	7.201041e-09	3.297107e-09	3.831854e+01	3.788019e+02
5.030000e-06	7.224938e-09	3.311191e-09	3.844571e+01	3.799644e+02
5.040000e-06	7.248640e-09	3.324772e-09	3.857183e+01	3.811170e+02
5.050000e-06	7.272141e-09	3.335152e-09	3.869688e+01	3.822596e+02
5.060000e-06	7.295459e-09	3.343774e-09	3.882097e+01	3.833924e+02
5.070000e-06	7.318580e-09	3.350921e-09	3.894400e+01	3.845151e+02
5.080000e-06	7.341494e-09	3.356789e-09	3.906593e+01	3.856279e+02
5.090000e-06	7.364252e-09	3.362830e-09	3.918703e+01	3.867306e+02
5.100000e-06	7.386865e-09	3.370418e-09	3.930736e+01	3.878232e+02
5.110000e-06	7.409327e-09	3.380259e-09	3.942689e+01	3.889058e+02
5.120000e-06	7.431635e-09	3.390380e-09	3.954559e+01	3.899783e+02
5.130000e-06	7.453759e-09	3.401021e-09	3.966332e+01	3.910406e+02
5.140000e-06	7.475679e-09	3.410793e-09	3.977996e+01	3.920927e+02
5.150000e-06	7.497388e-09	3.420473e-09	3.989548e+01	3.931347e+02
5.160000e-06	7.518898e-09	3.428949e-09	4.000994e+01	3.941664e+02
5.170000e-06	7.540203e-09	3.435125e-09	4.012331e+01	3.951878e+02
5.180000e-06	7.561315e-09	3.441237e-09	4.023565e+01	3.961990e+02
5.190000e-06	7.582266e-09	3.448417e-09	4.034714e+01	3.971999e+02
5.200000e-06	7.603079e-09	3.457333e-09	4.045789e+01	3.981905e+02
5.210000e-06	7.623782e-09	3.464853e-09	4.056806e+01	3.991706e+02
5.220000e-06	7.644383e-09	3.472755e-09	4.067768e+01	4.001404e+02
5.230000e-06	7.664889e-09	3.481813e-09	4.078680e+01	4.010998e+02
5.240000e-06	7.685303e-09	3.491121e-09	4.089542e+01	4.020488e+02
5.250000e-06	7.705594e-09	3.500966e-09	4.100340e+01	4.029873e+02
5.260000e-06	7.725721e-09	3.507723e-09	4.111050e+01	4.039153e+02
5.270000e-06	7.745637e-09	3.511591e-09	4.121648e+01	4.048329e+02
5.280000e-06	7.765313e-09	3.515525e-09	4.132118e+01	4.057398e+02
5.290000e-06	7.784752e-09	3.522000e-09	4.142462e+01	4.066363e+02
5.300000e-06	7.803964e-09	3.528285e-09	4.152685e+01	4.075221e+02
5.310000e-06	7.822947e-09	3.533071e-09	4.162787e+01	4.083974e+02
5.320000e-06	7.841708e-09	3.538617e-09	4.172770e+01	4.092620e+02
5.330000e-06	7.860271e-09	3.545920e-09	4.182647e+01	4.101160e+02
5.340000e-06	7.878660e-09	3.554900e-09	4.192433e+01	4.109593e+02
5.350000e-06	7.896893e-09	3.562434e-09	4.202135e+01	4.117920e+02
5.360000e-06	7.915013e-09	3.567221e-09	4.211777e+01	4.126139e+02
5.370000e-06	7.933027e-09	3.571419e-09	4.221363e+01	4.134251e+02
5.380000e-06	7.950895e-09	3.577533e-09	4.230871e+01	4.142255e+02
5.390000e-06	7.968594e-09	3.583913e-09	4.240289e+01	4.150152e+02
5.400000e-06	7.986131e-09	3.588460e-09	4.249621e+01	4.157940e+02
5.410000e-06	8.003479e-09	3.591577e-09	4.258852e+01	4.165621e+02
5.420000e-06	8.020609e-09	3.595646e-09	4.267967e+01	4.173193e+02
5.430000e-06	8.037481e-09	3.603552e-09	4.276945e+01	4.180656e+02
5.440000e-06	8.054026e-09	3.613586e-09	4.285750e+01	4.188011e+02
5.450000e-06	8.070242e-09	3.622748e-09	4.294378e+01	4.195257e+02
5.460000e-06	8.086143e-09	3.628649e-09	4.302840e+01	4.202394e+02
5.470000e-06	8.101747e-09	3.630564e-09	4.311143e+01	4.209421e+02
5.480000e-06	8.117082e-09	3.634433e-09	4.319303e+01	4.216339e+02
5.490000e-06	8.132181e-09	3.640383e-09	4.327338e+01	4.223148e+02
5.500000e-06	8.147035e-09	3.648170e-09	4.335242e+01	4.229846e+02
5.510000e-06	8.161673e-09	3.656832e-09	4.343031e+01	4.236434e+02
5.520000e-06	8.176118e-09	3.662809e-09	4.350717e+01	4.242913e+02
5.530000e-06	8.190345e-09	3.670389e-09	4.358288e+01	4.249280e+02
5.540000e-06	8.204358e-09	3.678831e-09	4.365745e+01	4.255538e+02
5.550000e-06	8.218132e-09	3.687060e-09	4.373074e+01	4.261684e+02
5.560000e-06	8.231649e-09	3.691567e-09	4.380267e+01	4.267720e+02
5.570000e-06	8.244927e-09	3.692041e-09	4.387333e+01	4.273645e+02
5.580000e-06	8.257985e-09	3.692353e-09	4.394281e+01	4.279458e+02
5.590000e-06	8.270834e-09	3.694991e-09	4.401118e+01	4.285161e+02
5.600000e-06	8.283505e-09	3.702619e-09	4.407861e+01	4.290752e+02
5.610000e-06	8.296017e-09	3.708666e-09	4.414519e+01	4.296231e+02
5.620000e-06	8.308348e-09	3.713229e-09	4.421081e+01	4.301598e+02
5.630000e-06	8.320461e-09	3.719247e-09	4.427526e+01	4.306854e+02
5.640000e-06	8.332321e-09	3.726715e-09	4.433837e+01	4.311997e+02
5.650000e-06	8.343873e-09	3.733771e-09	4.439984e+01	4.317029e+02
5.660000e-06	8.355076e-09	3.735488e-09	4.445945e+01	4.321948e+02
5.670000e-06	8.365926e-09	3.733848e-09	4.451719e+01	4.326754e+02
5.680000e-06	8.376432e-09	3.733638e-09	4.457309e+01	4.331449e+02
5.690000e-06	8.386578e-09	3.738377e-09	4.462709e+01	4.336030e+02
5.700000e-06	8.396363e-09	3.744102e-09	4.467915e+01	4.340499e+02
5.710000e-06	8.405842e-09	3.747150e-09	4.472959e+01	4.344854e+02
5.720000e-06	8.415084e-09	3.749376e-09	4.477877e+01	4.349097e+02
5.730000e-06	8.424115e-09	3.752774e-09	4.482683e+01	4.353227e+02
5.740000e-06	8.432955e-09	3.758483e-09	4.487387e+01	4.357243e+02
5.750000e-06	8.441663e-09	3.763296e-09	4.492020e+01	4.361146e+02
5.760000e-06	8.450264e-09	3.763732e-09	4.496597e+01	4.364936e+02
5.770000e-06	8.458742e-09	3.760681e-09	4.501109e+01	4.368612e+02
5.780000e-06	8.467054e-09	3.760897e-09	4.505532e+01	4.372174e+02
5.790000e-06	8.475178e-09	3.767654e-09	4.509855e+01	4.375623e+02
5.800000e-06	8.483100e-09	3.775493e-09	4.514070e+01	4.378958e+02
5.810000e-06	8.490792e-09	3.779863e-09	4.518164e+01	4.382179e+02
5.820000e-06	8.498266e-09	3.780191e-09	4.522141e+01	4.385286e+02
5.830000e-06	8.505519e-09	3.781156e-09	4.526000e+01	4.388279e+02
5.840000e-06	8.512546e-09	3.785734e-09	4.529739e+01	4.391157e+02
5.850000e-06	8.519361e-09	3.790423e-09	4.533366e+01	4.393922e+02
5.860000e-06	8.525967e-09	3.791877e-09	4.536881e+01	4.396572e+02
5.870000e-06	8.532379e-09	3.791521e-09	4.540293e+01	4.399108e+02
5.880000e-06	8.538585e-09	3.792460e-09	4.543595e+01	4.401530e+02
5.890000e-06	8.544561e-09	3.794223e-09	4.546775e+01	4.403837e+02
5.900000e-06	8.550294e-09	3.796437e-09	4.549826e+01	4.406029e+02
5.910000e-06	8.555785e-09	3.798088e-09	4.552748e+01	4.408107e+02
5.920000e-06	8.561058e-09	3.799433e-09	4.555554e+01	4.410070e+02
5.930000e-06	8.566123e-09	3.800744e-09	4.558249e+01	4.411918e+02
5.940000e-06	8.571008e-09	3.800940e-09	4.560848e+01	4.413652e+02
5.950000e-06	8.575770e-09	3.799674e-09	4.563382e+01	4.415271e+02
5.960000e-06	8.580433e-09	3.794965e-09	4.565864e+01	4.416775e+02
5.970000e-06	8.584992e-09	3.792212e-09	4.568289e+01	4.418164e+02
5.980000e-06	8.589419e-09	3.795337e-09	4.570645e+01	4.419438e+02
5.990000e-06	8.593700e-09	3.804320e-09	4.572923e+01	4.420598e+02
6.000000e-06	8.597803e-09	3.813866e-09	4.575107e+01	4.421642e+02
6.010000e-06	8.601670e-09	3.814497e-09	4.577164e+01	4.422571e+02
6.020000e-06	8.605223e-09	3.809061e-09	4.579055e+01	4.423385e+02
6.030000e-06	8.608415e-09	3.802882e-09	4.580754e+01	4.424085e+02
6.040000e-06	8.611248e-09	3.800331e-09	4.582261e+01	4.424669e+02
6.050000e-06	8.613728e-09	3.799698e-09	4.583581e+01	4.425138e+02
6.060000e-06	8.615856e-09	3.800893e-09	4.584713e+01	4.425492e+02
6.070000e-06	8.617625e-09	3.805312e-09	4.585655e+01	4.425730e+02
6.080000e-06	8.619079e-09	3.809602e-09	4.586428e+01	4.425854e+02
6.090000e-06	8.620292e-09	3.812408e-09	4.587073e+01	4.425862e+02
6.100000e-06	8.621301e-09	3.809834e-09	4.587611e+01	4.425756e+02
6.110000e-06	8.622140e-09	3.803231e-09	4.588057e+01	4.425534e+02
6.120000e-06	8.622850e-09	3.796646e-09	4.588435e+01	4.425197e+02
6.130000e-06	8.623439e-09	3.793890e-09	4.588748e+01	4.424745e+02
6.140000e-06	8.623914e-09	3.795988e-09	4.589001e+01	4.424178e+02
6.150000e-06	8.624243e-09	3.800292e-09	4.589176e+01	4.423496e+02
6.160000e-06	8.624385e-09	3.805746e-09	4.589252e+01	4.422699e+02
6.170000e-06	8.624302e-09	3.808216e-09	4.589208e+01	4.421787e+02
6.180000e-06	8.623973e-09	3.806487e-09	4.589033e+01	4.420760e+02
6.190000e-06	8.623403e-09	3.795669e-09	4.588729e+01	4.419617e+02
6.200000e-06	8.622596e-09	3.759130e-09	4.588300e+01	4.418360e+02
6.210000e-06	8.621580e-09	3.691509e-09	4.587759e+01	4.416988e+02
6.220000e-06	8.620406e-09	3.665119e-09	4.587134e+01	4.415501e+02
6.230000e-06	8.619106e-09	3.784968e-09	4.586442e+01	4.413899e+02
6.240000e-06	8.617635e-09	3.958937e-09	4.585660e+01	4.412182e+02
6.250000e-06	8.615935e-09	4.029518e-09	4.584755e+01	4.410351e+02
6.260000e-06	8.613939e-09	3.954194e-09	4.583693e+01	4.408405e+02
6.270000e-06	8.611602e-09	3.805765e-09	4.582449e+01	4.406344e+02
6.280000e-06	8.608968e-09	3.725490e-09	4.581048e+01	4.404169e+02
6.290000e-06	8.606118e-09	3.643031e-09	4.579531e+01	4.401879e+02
6.300000e-06	8.603085e-09	3.540491e-09	4.577918e+01	4.399474e+02
6.310000e-06	8.599905e-09	3.621305e-09	4.576225e+01	4.396955e+02
6.320000e-06	8.596661e-09	3.838991e-09	4.574499e+01	4.394322e+02
6.330000e-06	8.593359e-09	3.946219e-09	4.572742e+01	4.391574e+02
6.340000e-06	8.589941e-09	3.926922e-09	4.570923e+01	4.388712e+02
6.350000e-06	8.586333e-09	3.851710e-09	4.569003e+01	4.385736e+02
6.360000e-06	8.582521e-09	3.741944e-09	4.566975e+01	4.382646e+02
6.370000e-06	8.578524e-09	3.677641e-09	4.564848e+01	4.379442e+02
6.380000e-06	8.574336e-09	3.692670e-09	4.562619e+01	4.376124e+02
6.390000e-06	8.569880e-09	3.765332e-09	4.560248e+01	4.372692e+02
6.400000e-06	8.565050e-09	3.800655e-09	4.557678e+01	4.369147e+02
6.410000e-06	8.559833e-09	3.808157e-09	4.554902e+01	4.365487e+02
6.420000e-06	8.554238e-09	3.844783e-09	4.551925e+01	4.361715e+02
6.430000e-06	8.548283e-09	3.789329e-09	4.548756e+01	4.357828e+02
6.440000e-06	8.541991e-09	3.637479e-09	4.545407e+01	4.353829e+02
6.450000e-06	8.535403e-09	3.606125e-09	4.541902e+01	4.349716e+02
6.460000e-06	8.528582e-09	3.783462e-09	4.538272e+01	4.345490e+02
6.470000e-06	8.521578e-09	3.880270e-09	4.534545e+01	4.341151e+02
6.480000e-06	8.514413e-09	3.775469e-09	4.530733e+01	4.336699e+02
6.490000e-06	8.507116e-09	3.695628e-09	4.526850e+01	4.332134e+02
6.500000e-06	8.499675e-09	3.723787e-09	4.522890e+01	4.327457e+02
6.510000e-06	8.492061e-09	3.730848e-09	4.518839e+01	4.322667e+02
6.520000e-06	8.484293e-09	3.684710e-09	4.514705e+01	4.317764e+02
6.530000e-06	8.476335e-09	3.693471e-09	4.510471e+01	4.312749e+02
6.540000e-06	8.468170e-09	3.714047e-09	4.506126e+01	4.307623e+02
6.550000e-06	8.459774e-09	3.709170e-09	4.501658e+01	4.302384e+02
6.560000e-06	8.451111e-09	3.740151e-09	4.497048e+01	4.297033e+02
6.570000e-06	8.442206e-09	3.763954e-09	4.492310e+01	4.291570e+02
6.580000e-06	8.433101e-09	3.678029e-09	4.487465e+01	4.285996e+02
6.590000e-06	8.423813e-09	3.586266e-09	4.482522e+01	4.280310e+02
6.600000e-06	8.414352e-09	3.631437e-09	4.477488e+01	4.274513e+02
6.610000e-06	8.404710e-09	3.705417e-09	4.472357e+01	4.268605e+02
6.620000e-06	8.394875e-09	3.702235e-09	4.467123e+01	4.262585e+02
6.630000e-06	8.384832e-09	3.672415e-09	4.461779e+01	4.256455e+02
6.640000e-06	8.374548e-09	3.640973e-09	4.456307e+01	4.250214e+02
6.650000e-06	8.364021e-09	3.598440e-09	4.450706e+01	4.243863e+02
6.660000e-06	8.353240e-09	3.616392e-09	4.444969e+01	4.237401e+02
6.670000e-06	8.342228e-09	3.669340e-09	4.439109e+01	4.230829e+02
6.680000e-06	8.331024e-09	3.642734e-09	4.433147e+01	4.224146e+02
6.690000e-06	8.319612e-09	3.589402e-09	4.427074e+01	4.217354e+02
6.700000e-06	8.307961e-09	3.594401e-09	4.420874e+01	4.210453e+02
6.710000e-06	8.296069e-09	3.612774e-09	4.414546e+01	4.203441e+02
6.720000e-06	8.283939e-09	3.602374e-09	4.408092e+01	4.196321e+02
6.730000e-06	8.271552e-09	3.585834e-09	4.401500e+01	4.189091e+02
6.740000e-06	8.258859e-09	3.553041e-09	4.394746e+01	4.181752e+02
6.750000e-06	8.245778e-09	3.537548e-09	4.387785e+01	4.174305e+02
6.760000e-06	8.232299e-09	3.579951e-09	4.380613e+01	4.166749e+02
6.770000e-06	8.218484e-09	3.601635e-09	4.373261e+01	4.159084e+02
6.780000e-06	8.204317e-09	3.561673e-09	4.365723e+01	4.151312e+02
6.790000e-06	8.189785e-09	3.515449e-09	4.357990e+01	4.143431e+02
6.800000e-06	8.174973e-09	3.504607e-09	4.350108e+01	4.135443e+02
6.810000e-06	8.159968e-09	3.525170e-09	4.342123e+01	4.127347e+02
6.820000e-06	8.144791e-09	3.551589e-09	4.334047e+01	4.119143e+02
6.830000e-06	8.129480e-09	3.537789e-09	4.325900e+01	4.110833e+02
6.840000e-06	8.114064e-09	3.496481e-09	4.317697e+01	4.102416e+02
6.850000e-06	8.098530e-09	3.484214e-09	4.309431e+01	4.093891e+02
6.860000e-06	8.082846e-09	3.492184e-09	4.301085e+01	4.085261e+02
6.870000e-06	8.066981e-09	3.496216e-09	4.292643e+01	4.076524e+02
6.880000e-06	8.050931e-09	3.484400e-09	4.284102e+01	4.067681e+02
6.890000e-06	8.034668e-09	3.456080e-09	4.275448e+01	4.058732e+02
6.900000e-06	8.018170e-09	3.442851e-09	4.266669e+01	4.049678e+02
6.910000e-06	8.001459e-09	3.460065e-09	4.257777e+01	4.040519e+02
6.920000e-06	7.984546e-09	3.467649e-09	4.248777e+01	4.031254e+02
6.930000e-06	7.967433e-09	3.444757e-09	4.239671e+01	4.021884e+02
6.940000e-06	7.950139e-09	3.416439e-09	4.230468e+01	4.012410e+02
6.950000e-06	7.932664e-09	3.401921e-09	4.221169e+01	4.002832e+02
6.960000e-06	7.915013e-09	3.410897e-09	4.211777e+01	3.993149e+02
6.970000e-06	7.897165e-09	3.419325e-09	4.202279e+01	3.983362e+02
6.980000e-06	7.879125e-09	3.401249e-09	4.192680e+01	3.973472e+02
6.990000e-06	7.860889e-09	3.372371e-09	4.182976e+01	3.963479e+02
7.000000e-06	7.842431e-09	3.359332e-09	4.173154e+01	3.953382e+02
7.010000e-06	7.823774e-09	3.364192e-09	4.163226e+01	3.943183e+02
7.020000e-06	7.804924e-09	3.369039e-09	4.153195e+01	3.932881e+02
7.030000e-06	7.785910e-09	3.357393e-09	4.143078e+01	3.922476e+02
7.040000e-06	7.766767e-09	3.332263e-09	4.132891e+01	3.911970e+02
7.050000e-06	7.747507e-09	3.318212e-09	4.122643e+01	3.901362e+02
7.060000e-06	7.728145e-09	3.318606e-09	4.112339e+01	3.890652e+02
7.070000e-06	7.708676e-09	3.317624e-09	4.101979e+01	3.879842e+02
7.080000e-06	7.689086e-09	3.304326e-09	4.091555e+01	3.868930e+02
7.090000e-06	7.669345e-09	3.284155e-09	4.081051e+01	3.857918e+02
7.100000e-06	7.649409e-09	3.275251e-09	4.070442e+01	3.846805e+02
7.110000e-06	7.629242e-09	3.276488e-09	4.059711e+01	3.835592e+02
7.120000e-06	7.608805e-09	3.273002e-09	4.048835e+01	3.824280e+02
7.130000e-06	7.588061e-09	3.257380e-09	4.037797e+01	3.812868e+02
7.140000e-06	7.567013e-09	3.237682e-09	4.026597e+01	3.801357e+02
7.150000e-06	7.545636e-09	3.227628e-09	4.015222e+01	3.789746e+02
7.160000e-06	7.523912e-09	3.227657e-09	4.003662e+01	3.778038e+02
7.170000e-06	7.501862e-09	3.225071e-09	3.991928e+01	3.766231e+02
7.180000e-06	7.479488e-09	3.210799e-09	3.980023e+01	3.754326e+02
7.190000e-06	7.456833e-09	3.191806e-09	3.967968e+01	3.742324e+02
7.200000e-06	7.433972e-09	3.180074e-09	3.955803e+01	3.730224e+02
7.210000e-06	7.410945e-09	3.177285e-09	3.943549e+01	3.718027e+02
7.220000e-06	7.387776e-09	3.169966e-09	3.931220e+01	3.705733e+02
7.230000e-06	7.364490e-09	3.151200e-09	3.918829e+01	3.693343e+02
7.240000e-06	7.341106e-09	3.130116e-09	3.906386e+01	3.680857e+02
7.250000e-06	7.317611e-09	3.117399e-09	3.893884e+01	3.668275e+02
7.260000e-06	7.293990e-09	3.112883e-09	3.881314e+01	3.655598e+02
7.270000e-06	7.270222e-09	3.105586e-09	3.868667e+01	3.642826e+02
7.280000e-06	7.246290e-09	3.089846e-09	3.855932e+01	3.629959e+02
7.290000e-06	7.222193e-09	3.071611e-09	3.843110e+01	3.616997e+02
7.300000e-06	7.197917e-09	3.060738e-09	3.830192e+01	3.603942e+02
7.310000e-06	7.173414e-09	3.055569e-09	3.817153e+01	3.590793e+02
7.320000e-06	7.148688e-09	3.047632e-09	3.803996e+01	3.577550e+02
7.330000e-06	7.123786e-09	3.031974e-09	3.790745e+01	3.564214e+02
7.340000e-06	7.098726e-09	3.012529e-09	3.777410e+01	3.550786e+02
7.350000e-06	7.073497e-09	2.999371e-09	3.763985e+01	3.537265e+02
7.360000e-06	7.048083e-09	2.993133e-09	3.750462e+01	3.523652e+02
7.370000e-06	7.022495e-09	2.986388e-09	3.736845e+01	3.509948e+02
7.380000e-06	6.996706e-09	2.971987e-09	3.723123e+01	3.496152e+02
7.390000e-06	6.970718e-09	2.953301e-09	3.709294e+01	3.482265e+02
7.400000e-06	6.944558e-09	2.938915e-09	3.695373e+01	3.468288e+02
7.410000e-06	6.918220e-09	2.929667e-09	3.681358e+01	3.454220e+02
7.420000e-06	6.891674e-09	2.919564e-09	3.667232e+01	3.440063e+02
7.430000e-06	6.864940e-09	2.903836e-09	3.653007e+01	3.425816e+02
7.440000e-06	6.838055e-09	2.886974e-09	3.638701e+01	3.411480e+02
7.450000e-06	6.811030e-09	2.875335e-09	3.624320e+01	3.397055e+02
7.460000e-06	6.783889e-09	2.866899e-09	3.609877e+01	3.382542e+02
7.470000e-06	6.756655e-09	2.855316e-09	3.595385e+01	3.367941e+02
7.480000e-06	6.729326e-09	2.839755e-09	3.580843e+01	3.353253e+02
7.490000e-06	6.701889e-09	2.823318e-09	3.566243e+01	3.338477e+02
7.500000e-06	6.674344e-09	2.810831e-09	3.551586e+01	3.323614e+02
7.510000e-06	6.646691e-09	2.799704e-09	3.536870e+01	3.308665e+02
7.520000e-06	6.618902e-09	2.784906e-09	3.522083e+01	3.293630e+02
7.530000e-06	6.590936e-09	2.768168e-09	3.507202e+01	3.278509e+02
7.540000e-06	6.562758e-09	2.751855e-09	3.492208e+01	3.263303e+02
7.550000e-06	6.534369e-09	2.739659e-09	3.477101e+01	3.248012e+02
7.560000e-06	6.505741e-09	2.729584e-09	3.461868e+01	3.232636e+02
7.570000e-06	6.476812e-09	2.716146e-09	3.446474e+01	3.217176e+02
7.580000e-06	6.447613e-09	2.698756e-09	3.430936e+01	3.201633e+02
7.590000e-06	6.418143e-09	2.682090e-09	3.415255e+01	3.186007e+02
7.600000e-06	6.388382e-09	2.669839e-09	3.399418e+01	3.170297e+02
7.610000e-06	6.358363e-09	2.657964e-09	3.383444e+01	3.154505e+02
7.620000e-06	6.328108e-09	2.643400e-09	3.367345e+01	3.138631e+02
7.630000e-06	6.297606e-09	2.625869e-09	3.351114e+01	3.122676e+02
7.640000e-06	6.266877e-09	2.608081e-09	3.334762e+01	3.106639e+02
7.650000e-06	6.235988e-09	2.593836e-09	3.318325e+01	3.090521e+02
7.660000e-06	6.204960e-09	2.581913e-09	3.301815e+01	3.074323e+02
7.670000e-06	6.173803e-09	2.570228e-09	3.285235e+01	3.058045e+02
7.680000e-06	6.142539e-09	2.555930e-09	3.268599e+01	3.041688e+02
7.690000e-06	6.111173e-09	2.539958e-09	3.251908e+01	3.025251e+02
7.700000e-06	6.079713e-09	2.524717e-09	3.235168e+01	3.008736e+02
7.710000e-06	6.048152e-09	2.509871e-09	3.218373e+01	2.992142e+02
7.720000e-06	6.016466e-09	2.493851e-09	3.201512e+01	2.975471e+02
7.730000e-06	5.984652e-09	2.477496e-09	3.184583e+01	2.958722e+02
7.740000e-06	5.952734e-09	2.462926e-09	3.167599e+01	2.941896e+02
7.750000e-06	5.920689e-09	2.448943e-09	3.150547e+01	2.924994e+02
7.760000e-06	5.888453e-09	2.434968e-09	3.133393e+01	2.908015e+02
7.770000e-06	5.856064e-09	2.418881e-09	3.116158e+01	2.890961e+02
7.780000e-06	5.823532e-09	2.399701e-09	3.098847e+01	2.873832e+02
7.790000e-06	5.790849e-09	2.380218e-09	3.081456e+01	2.856628e+02
7.800000e-06	5.758029e-09	2.363962e-09	3.063991e+01	2.839350e+02
7.810000e-06	5.725055e-09	2.351043e-09	3.046445e+01	2.821998e+02
7.820000e-06	5.691953e-09	2.337987e-09	3.028831e+01	2.804572e+02
7.830000e-06	5.658724e-09	2.321528e-09	3.011149e+01	2.787074e+02
7.840000e-06	5.625361e-09	2.302270e-09	2.993396e+01	2.769503e+02
7.850000e-06	5.591864e-09	2.284614e-09	2.975571e+01	2.751860e+02
7.860000e-06	5.558236e-09	2.268477e-09	2.957677e+01	2.734145e+02
7.870000e-06	5.524461e-09	2.251315e-09	2.939704e+01	2.716360e+02
7.880000e-06	5.490520e-09	2.233172e-09	2.921643e+01	2.698503e+02
7.890000e-06	5.456402e-09	2.215905e-09	2.903488e+01	2.680577e+02
7.900000e-06	5.422119e-09	2.201719e-09	2.885245e+01	2.662580e+02
7.910000e-06	5.387688e-09	2.188695e-09	2.866924e+01	2.644515e+02
7.920000e-06	5.353108e-09	2.172990e-09	2.848523e+01	2.626381e+02
7.930000e-06	5.318396e-09	2.152176e-09	2.830052e+01	2.608178e+02
7.940000e-06	5.283571e-09	2.129237e-09	2.811520e+01	2.589908e+02
7.950000e-06	5.248635e-09	2.111743e-09	2.792930e+01	2.571570e+02
7.960000e-06	5.213576e-09	2.100273e-09	2.774274e+01	2.553165e+02
7.970000e-06	5.178433e-09	2.089970e-09	2.755574e+01	2.534694e+02
7.980000e-06	5.143234e-09	2.075325e-09	2.736844e+01	2.516157e+02
7.990000e-06	5.107968e-09	2.054219e-09	2.718078e+01	2.497554e+02
8.000000e-06	5.072628e-09	2.031908e-09	2.699272e+01	2.478887e+02
8.010000e-06	5.037198e-09	2.011799e-09	2.680419e+01	2.460155e+02
8.020000e-06	5.001673e-09	1.994241e-09	2.661515e+01	2.441359e+02
8.030000e-06	4.966079e-09	1.978325e-09	2.642575e+01	2.422500e+02
8.040000e-06	4.930417e-09	1.964016e-09	2.623598e+01	2.403577e+02
8.050000e-06	4.894642e-09	1.950642e-09	2.604562e+01	2.384592e+02
8.060000e-06	4.858730e-09	1.935320e-09	2.585452e+01	2.365545e+02
8.070000e-06	4.822668e-09	1.917219e-09	2.566262e+01	2.346437e+02
8.080000e-06	4.786446e-09	1.895519e-09	2.546988e+01	2.327267e+02
8.090000e-06	4.750051e-09	1.872744e-09	2.527621e+01	2.308037e+02
8.100000e-06	4.713487e-09	1.853429e-09	2.508165e+01	2.288747e+02
8.110000e-06	4.676765e-09	1.840128e-09	2.488624e+01	2.269398e+02
8.120000e-06	4.639842e-09	1.829477e-09	2.468976e+01	2.249989e+02
8.130000e-06	4.602702e-09	1.815064e-09	2.449213e+01	2.230522e+02
8.140000e-06	4.565339e-09	1.794805e-09	2.429331e+01	2.210997e+02
8.150000e-06	4.527738e-09	1.772510e-09	2.409323e+01	2.191414e+02
8.160000e-06	4.489924e-09	1.752612e-09	2.389201e+01	2.171774e+02
8.170000e-06	4.451908e-09	1.735083e-09	2.368972e+01	2.152078e+02
8.180000e-06	4.413707e-09	1.718757e-09	2.348644e+01	2.132326e+02
8.190000e-06	4.375350e-09	1.701779e-09	2.328233e+01	2.112518e+02
8.200000e-06	4.336850e-09	1.684205e-09	2.307747e+01	2.092656e+02
8.210000e-06	4.298192e-09	1.666878e-09	2.287176e+01	2.072739e+02
8.220000e-06	4.259406e-09	1.648458e-09	2.266537e+01	2.052768e+02
8.230000e-06	4.220513e-09	1.627928e-09	2.245841e+01	2.032743e+02
8.240000e-06	4.181503e-09	1.606356e-09	2.225083e+01	2.012666e+02
8.250000e-06	4.142411e-09	1.587789e-09	2.204281e+01	1.992537e+02
8.260000e-06	4.103268e-09	1.574277e-09	2.183452e+01	1.972355e+02
8.270000e-06	4.064058e-09	1.561562e-09	2.162587e+01	1.952123e+02
8.280000e-06	4.024776e-09	1.543770e-09	2.141684e+01	1.931839e+02
8.290000e-06	3.985440e-09	1.521110e-09	2.120753e+01	1.911506e+02
8.300000e-06	3.946039e-09	1.497327e-09	2.099786e+01	1.891122e+02
8.310000e-06	3.906578e-09	1.475942e-09	2.078788e+01	1.870690e+02
8.320000e-06	3.867067e-09	1.460655e-09	2.057763e+01	1.850208e+02
8.330000e-06	3.827490e-09	1.449484e-09	2.036703e+01	1.829679e+02
8.340000e-06	3.787848e-09	1.436688e-09	2.015609e+01	1.809102e+02
8.350000e-06	3.748159e-09	1.419568e-09	1.994489e+01	1.788478e+02
8.360000e-06	3.708402e-09	1.398813e-09	1.973334e+01	1.767808e+02
8.370000e-06	3.668576e-09	1.375634e-09	1.952141e+01	1.747091e+02
8.380000e-06	3.628675e-09	1.352534e-09	1.930909e+01	1.726329e+02
8.390000e-06	3.588702e-09	1.333583e-09	1.909638e+01	1.705522e+02
8.400000e-06	3.548650e-09	1.318501e-09	1.888326e+01	1.684671e+02
8.410000e-06	3.508506e-09	1.305107e-09	1.866964e+01	1.663776e+02
8.420000e-06	3.468269e-09	1.290365e-09	1.845553e+01	1.642838e+02
8.430000e-06	3.427918e-09	1.271298e-09	1.824081e+01	1.621857e+02
8.440000e-06	3.387460e-09	1.249313e-09	1.802552e+01	1.600834e+02
8.450000e-06	3.346904e-09	1.225954e-09	1.780971e+01	1.579769e+02
8.460000e-06	3.306254e-09	1.203335e-09	1.759340e+01	1.558663e+02
8.470000e-06	3.265509e-09	1.183922e-09	1.737659e+01	1.537517e+02
8.480000e-06	3.224686e-09	1.167551e-09	1.715936e+01	1.516330e+02
8.490000e-06	3.183779e-09	1.151051e-09	1.694169e+01	1.495104e+02
8.500000e-06	3.142792e-09	1.131515e-09	1.672358e+01	1.473840e+02
8.510000e-06	3.101754e-09	1.108376e-09	1.650521e+01	1.452537e+02
8.520000e-06	3.060637e-09	1.084298e-09	1.628642e+01	1.431196e+02
8.530000e-06	3.019440e-09	1.063632e-09	1.606720e+01	1.409818e+02
8.540000e-06	2.978171e-09	1.047160e-09	1.584759e+01	1.388403e+02
8.550000e-06	2.936830e-09	1.031875e-09	1.562761e+01	1.366952e+02
8.560000e-06	2.895436e-09	1.014372e-09	1.540734e+01	1.345466e+02
8.570000e-06	2.853968e-09	9.944151e-10	1.518668e+01	1.323944e+02
8.580000e-06	2.812435e-09	9.726175e-10	1.496567e+01	1.302388e+02
8.590000e-06	2.770834e-09	9.503398e-10	1.474430e+01	1.280799e+02
8.600000e-06	2.729149e-09	9.300795e-10	1.452248e+01	1.259176e+02
8.610000e-06	2.687403e-09	9.116858e-10	1.430034e+01	1.237520e+02
8.620000e-06	2.645595e-09	8.936126e-10	1.407787e+01	1.215832e+02
8.630000e-06	2.603750e-09	8.746677e-10	1.385520e+01	1.194112e+02
8.640000e-06	2.561840e-09	8.551919e-10	1.363219e+01	1.172362e+02
8.650000e-06	2.519820e-09	8.361855e-10	1.340859e+01	1.150581e+02
8.660000e-06	2.477725e-09	8.166651e-10	1.318459e+01	1.128770e+02
8.670000e-06	2.435593e-09	7.962930e-10	1.296040e+01	1.106929e+02
8.680000e-06	2.393412e-09	7.760669e-10	1.273594e+01	1.085060e+02
8.690000e-06	2.351163e-09	7.574050e-10	1.251112e+01	1.063163e+02
8.700000e-06	2.308854e-09	7.414272e-10	1.228599e+01	1.041237e+02
8.710000e-06	2.266453e-09	7.259872e-10	1.206036e+01	1.019285e+02
8.720000e-06	2.223956e-09	7.072089e-10	1.183423e+01	9.973067e+01
8.730000e-06	2.181424e-09	6.863165e-10	1.160790e+01	9.753021e+01
8.740000e-06	2.138867e-09	6.667497e-10	1.138145e+01	9.532722e+01
8.750000e-06	2.096236e-09	6.497401e-10	1.115459e+01	9.312175e+01
8.760000e-06	2.053534e-09	6.328276e-10	1.092737e+01	9.091385e+01
8.770000e-06	2.010790e-09	6.123922e-10	1.069991e+01	8.870360e+01
8.780000e-06	1.968000e-09	5.886091e-10	1.047222e+01	8.649103e+01
8.790000e-06	1.925176e-09	5.648726e-10	1.024435e+01	8.427622e+01
8.800000e-06	1.882308e-09	5.465018e-10	1.001623e+01	8.205921e+01
8.810000e-06	1.839387e-09	5.330816e-10	9.787839e+00	7.984007e+01
8.820000e-06	1.796433e-09	5.194727e-10	9.559272e+00	7.761885e+01
8.830000e-06	1.753452e-09	5.013491e-10	9.330556e+00	7.539562e+01
8.840000e-06	1.710412e-09	4.796336e-10	9.101532e+00	7.317043e+01
8.850000e-06	1.667333e-09	4.590701e-10	8.872295e+00	7.094333e+01
8.860000e-06	1.624229e-09	4.400857e-10	8.642929e+00	6.871439e+01
8.870000e-06	1.581087e-09	4.206076e-10	8.413359e+00	6.648366e+01
8.880000e-06	1.537917e-09	4.004366e-10	8.183640e+00	6.425120e+01
8.890000e-06	1.494724e-09	3.820016e-10	7.953799e+00	6.201707e+01
8.900000e-06	1.451508e-09	3.667035e-10	7.723833e+00	5.978133e+01
8.910000e-06	1.408271e-09	3.505856e-10	7.493758e+00	5.754404e+01
8.920000e-06	1.365027e-09	3.299096e-10	7.263647e+00	5.530524e+01
8.930000e-06	1.321772e-09	3.068436e-10	7.033477e+00	5.306501e+01
8.940000e-06	1.278489e-09	2.859329e-10	6.803157e+00	5.082341e+01
8.950000e-06	1.235191e-09	2.700447e-10	6.572757e+00	4.858048e+01
8.960000e-06	1.191879e-09	2.566226e-10	6.342284e+00	4.633628e+01
8.970000e-06	1.148553e-09	2.410535e-10	6.111734e+00	4.409089e+01
8.980000e-06	1.105213e-09	2.220688e-10	5.881112e+00	4.184434e+01
8.990000e-06	1.061856e-09	2.029518e-10	5.650398e+00	3.959671e+01
9.000000e-06	1.018495e-09	1.861725e-10	5.419661e+00	3.734805e+01
9.010000e-06	9.751258e-10	1.692373e-10	5.188882e+00	3.509842e+01
9.020000e-06	9.317442e-10	1.505160e-10	4.958038e+00	3.284787e+01
9.030000e-06	8.883551e-10	1.305789e-10	4.727153e+00	3.059648e+01
9.040000e-06	8.449507e-10	1.119564e-10	4.496187e+00	2.834428e+01
9.050000e-06	8.015364e-10	9.535524e-11	4.265168e+00	2.609135e+01
9.060000e-06	7.581205e-10	7.783922e-11	4.034141e+00	2.383775e+01
9.070000e-06	7.146982e-10	5.814582e-11	3.803079e+00	2.158352e+01
9.080000e-06	6.712588e-10	3.842208e-11	3.571927e+00	1.932873e+01
9.090000e-06	6.278023e-10	1.984054e-11	3.340684e+00	1.707344e+01
9.100000e-06	5.843393e-10	1.458626e-12	3.109406e+00	1.481771e+01
9.110000e-06	5.408696e-10	-1.762700e-11	2.878093e+00	1.256159e+01
9.120000e-06	4.973904e-10	-3.569806e-11	2.646729e+00	1.030515e+01
9.130000e-06	4.539062e-10	-5.117394e-11	2.415338e+00	8.048439e+00
9.140000e-06	4.104238e-10	-6.637207e-11	2.183957e+00	5.791520e+00
9.150000e-06	3.669309e-10	-8.235091e-11	1.952520e+00	3.534451e+00
9.160000e-06	3.234274e-10	-1.000670e-10	1.721027e+00	1.277290e+00
9.170000e-06	2.799195e-10	-1.193412e-10	1.489511e+00	-9.799025e-01
9.180000e-06	2.364162e-10	-1.393510e-10	1.258018e+00	-3.237069e+00
9.190000e-06	1.929167e-10	-1.582748e-10	1.026546e+00	-5.494151e+00
9.200000e-06	1.494134e-10	-1.756697e-10	7.950537e-01	-7.751089e+00
9.210000e-06	1.059201e-10	-1.930484e-10	5.636150e-01	-1.000782e+01
9.220000e-06	6.242217e-11	-2.084557e-10	3.321513e-01	-1.226430e+01
9.230000e-06	1.891802e-11	-2.231149e-10	1.006547e-01	-1.452045e+01
9.240000e-06	-2.457309e-11	-2.390339e-10	-1.307727e-01	-1.677623e+01
9.250000e-06	-6.806798e-11	-2.572611e-10	-3.622202e-01	-1.903157e+01
9.260000e-06	-1.115688e-10	-2.797006e-10	-5.936994e-01	-2.128641e+01
9.270000e-06	-1.550731e-10	-3.030036e-10	-8.251965e-01	-2.354070e+01
9.280000e-06	-1.985718e-10	-3.258346e-10	-1.056664e+00	-2.579438e+01
9.290000e-06	-2.420657e-10	-3.451581e-10	-1.288107e+00	-2.804738e+01
9.300000e-06	-2.855670e-10	-3.591131e-10	-1.519588e+00	-3.029965e+01
9.310000e-06	-3.290543e-10	-3.694293e-10	-1.750995e+00	-3.255114e+01
9.320000e-06	-3.725260e-10	-3.786169e-10	-1.982319e+00	-3.480177e+01
9.330000e-06	-4.159876e-10	-3.934031e-10	-2.213590e+00	-3.705150e+01
9.340000e-06	-4.594467e-10	-4.128875e-10	-2.444847e+00	-3.930027e+01
9.350000e-06	-5.029040e-10	-4.367242e-10	-2.676095e+00	-4.154801e+01
9.360000e-06	-5.463588e-10	-4.614979e-10	-2.907329e+00	-4.379467e+01
9.370000e-06	-5.898039e-10	-4.824825e-10	-3.138511e+00	-4.604020e+01
9.380000e-06	-6.332388e-10	-4.998693e-10	-3.369640e+00	-4.828452e+01
9.390000e-06	-6.766694e-10	-5.128216e-10	-3.600745e+00	-5.052758e+01
9.400000e-06	-7.200960e-10	-5.247412e-10	-3.831829e+00	-5.276934e+01
9.410000e-06	-7.635139e-10	-5.377094e-10	-4.062867e+00	-5.500971e+01
9.420000e-06	-8.069145e-10	-5.527513e-10	-4.293813e+00	-5.724866e+01
9.430000e-06	-8.503027e-10	-5.700023e-10	-4.524693e+00	-5.948611e+01
9.440000e-06	-8.936811e-10	-5.883099e-10	-4.755521e+00	-6.172202e+01
9.450000e-06	-9.370511e-10	-6.089313e-10	-4.986304e+00	-6.395632e+01
9.460000e-06	-9.804043e-10	-6.304588e-10	-5.216997e+00	-6.618896e+01
9.470000e-06	-1.023737e-09	-6.511656e-10	-5.447582e+00	-6.841987e+01
9.480000e-06	-1.067057e-09	-6.702734e-10	-5.678101e+00	-7.064901e+01
9.490000e-06	-1.110375e-09	-6.850911e-10	-5.908607e+00	-7.287630e+01
9.500000e-06	-1.153687e-09	-6.950542e-10	-6.139077e+00	-7.510170e+01
9.510000e-06	-1.196983e-09	-7.028407e-10	-6.369469e+00	-7.732514e+01
9.520000e-06	-1.240270e-09	-7.144614e-10	-6.599807e+00	-7.954658e+01
9.530000e-06	-1.283542e-09	-7.333529e-10	-6.830070e+00	-8.176594e+01
9.540000e-06	-1.326796e-09	-7.576510e-10	-7.060237e+00	-8.398317e+01
9.550000e-06	-1.370027e-09	-7.843892e-10	-7.290282e+00	-8.619822e+01
9.560000e-06	-1.413226e-09	-8.082924e-10	-7.520153e+00	-8.841103e+01
9.570000e-06	-1.456397e-09	-8.258906e-10	-7.749879e+00	-9.062153e+01
9.580000e-06	-1.499535e-09	-8.372450e-10	-7.979423e+00	-9.282968e+01
9.590000e-06	-1.542648e-09	-8.451507e-10	-8.208840e+00	-9.503541e+01
9.600000e-06	-1.585733e-09	-8.540314e-10	-8.438109e+00	-9.723867e+01
9.610000e-06	-1.628780e-09	-8.671923e-10	-8.667170e+00	-9.943939e+01
9.620000e-06	-1.671814e-09	-8.863524e-10	-8.896167e+00	-1.016375e+02
9.630000e-06	-1.714824e-09	-9.094079e-10	-9.125031e+00	-1.038330e+02
9.640000e-06	-1.757786e-09	-9.330360e-10	-9.353643e+00	-1.060258e+02
9.650000e-06	-1.800721e-09	-9.523317e-10	-9.582115e+00	-1.082159e+02
9.660000e-06	-1.843632e-09	-9.661621e-10	-9.810456e+00	-1.104031e+02
9.670000e-06	-1.886476e-09	-9.778817e-10	-1.003844e+01	-1.125874e+02
9.680000e-06	-1.929266e-09	-9.888575e-10	-1.026613e+01	-1.147688e+02
9.690000e-06	-1.972019e-09	-1.002457e-09	-1.049363e+01	-1.169473e+02
9.700000e-06	-2.014709e-09	-1.018638e-09	-1.072080e+01	-1.191227e+02
9.710000e-06	-2.057361e-09	-1.038158e-09	-1.094776e+01	-1.212949e+02
9.720000e-06	-2.099968e-09	-1.059685e-09	-1.117448e+01	-1.234641e+02
9.730000e-06	-2.142492e-09	-1.078555e-09	-1.140076e+01	-1.256300e+02
9.740000e-06	-2.184951e-09	-1.092821e-09	-1.162669e+01	-1.277926e+02
9.750000e-06	-2.227342e-09	-1.103673e-09	-1.185227e+01	-1.299520e+02
9.760000e-06	-2.269670e-09	-1.117749e-09	-1.207750e+01	-1.321079e+02
9.770000e-06	-2.311943e-09	-1.135383e-09	-1.230245e+01	-1.342604e+02
9.780000e-06	-2.354125e-09	-1.155138e-09	-1.252691e+01	-1.364094e+02
9.790000e-06	-2.396245e-09	-1.174972e-09	-1.275104e+01	-1.385549e+02
9.800000e-06	-2.438305e-09	-1.193379e-09	-1.297486e+01	-1.406968e+02
9.810000e-06	-2.480292e-09	-1.211479e-09	-1.319828e+01	-1.428350e+02
9.820000e-06	-2.522239e-09	-1.227370e-09	-1.342149e+01	-1.449694e+02
9.830000e-06	-2.564140e-09	-1.241715e-09	-1.364445e+01	-1.471001e+02
9.840000e-06	-2.605970e-09	-1.256310e-09	-1.386704e+01	-1.492270e+02
9.850000e-06	-2.647737e-09	-1.272056e-09	-1.408930e+01	-1.513500e+02
9.860000e-06	-2.689434e-09	-1.288745e-09	-1.431118e+01	-1.534691e+02
9.870000e-06	-2.731056e-09	-1.306753e-09	-1.453265e+01	-1.555842e+02
9.880000e-06	-2.772604e-09	-1.325599e-09	-1.475374e+01	-1.576952e+02
9.890000e-06	-2.814090e-09	-1.342961e-09	-1.497450e+01	-1.598021e+02
9.900000e-06	-2.855508e-09	-1.358948e-09	-1.519490e+01	-1.619049e+02
9.910000e-06	-2.896851e-09	-1.374270e-09	-1.541489e+01	-1.640034e+02
9.920000e-06	-2.938137e-09	-1.389501e-09	-1.563458e+01	-1.660977e+02
9.930000e-06	-2.979348e-09	-1.404873e-09	-1.585388e+01	-1.681876e+02
9.940000e-06	-3.020483e-09	-1.420290e-09	-1.607277e+01	-1.702732e+02
9.950000e-06	-3.061565e-09	-1.437867e-09	-1.629138e+01	-1.723544e+02
9.960000e-06	-3.102574e-09	-1.457340e-09	-1.650960e+01	-1.744311e+02
9.970000e-06	-3.143496e-09	-1.474917e-09	-1.672735e+01	-1.765032e+02
9.980000e-06	-3.184326e-09	-1.491210e-09	-1.694462e+01	-1.785707e+02
9.990000e-06	-3.225062e-09	-1.507267e-09	-1.716139e+01	-1.806336e+02
1.000000e-05	-3.265715e-09	-1.522510e-09	-1.737771e+01	-1.826918e+02
1.001000e-05	-3.306285e-09	-1.537453e-09	-1.759359e+01	-1.847452e+02
1.002000e-05	-3.346770e-09	-1.550683e-09	-1.780902e+01	-1.867939e+02
1.003000e-05	-3.387168e-09	-1.562705e-09	-1.802399e+01	-1.888377e+02
1.004000e-05	-3.427465e-09	-1.576443e-09	-1.823842e+01	-1.908765e+02
1.005000e-05	-3.467641e-09	-1.594266e-09	-1.845221e+01	-1.929104e+02
1.006000e-05	-3.507707e-09	-1.615679e-09	-1.866541e+01	-1.949393e+02
1.007000e-05	-3.547679e-09	-1.636311e-09	-1.887811e+01	-1.969631e+02
1.008000e-05	-3.587576e-09	-1.652070e-09	-1.909041e+01	-1.989818e+02
1.009000e-05	-3.627393e-09	-1.662713e-09	-1.930229e+01	-2.009953e+02
1.010000e-05	-3.667122e-09	-1.671989e-09	-1.951370e+01	-2.030035e+02
1.011000e-05	-3.706796e-09	-1.683493e-09	-1.972481e+01	-2.050065e+02
1.012000e-05	-3.746412e-09	-1.698484e-09	-1.993562e+01	-2.070042e+02
1.013000e-05	-3.785953e-09	-1.716202e-09	-2.014602e+01	-2.089965e+02
1.014000e-05	-3.825438e-09	-1.735738e-09	-2.035613e+01	-2.109833e+02
1.015000e-05	-3.864882e-09	-1.755377e-09	-2.056603e+01	-2.129646e+02
1.016000e-05	-3.904275e-09	-1.771986e-09	-2.077565e+01	-2.149404e+02
1.017000e-05	-3.943608e-09	-1.785125e-09	-2.098495e+01	-2.169106e+02
1.018000e-05	-3.982904e-09	-1.796901e-09	-2.119405e+01	-2.188752e+02
1.019000e-05	-4.022153e-09	-1.810269e-09	-2.140291e+01	-2.208341e+02
1.020000e-05	-4.061330e-09	-1.826947e-09	-2.161138e+01	-2.227872e+02
1.021000e-05	-4.100447e-09	-1.846017e-09	-2.181953e+01	-2.247345e+02
1.022000e-05	-4.139512e-09	-1.864202e-09	-2.202741e+01	-2.266760e+02
1.023000e-05	-4.178480e-09	-1.879075e-09	-2.223476e+01	-2.286116e+02
1.024000e-05	-4.217322e-09	-1.892126e-09	-2.244145e+01	-2.305413e+02
1.025000e-05	-4.256056e-09	-1.906323e-09	-2.264756e+01	-2.324649e+02
1.026000e-05	-4.294663e-09	-1.922232e-09	-2.285300e+01	-2.343825e+02
1.027000e-05	-4.333134e-09	-1.939847e-09	-2.305771e+01	-2.362940e+02
1.028000e-05	-4.371455e-09	-1.957812e-09	-2.326163e+01	-2.381993e+02
1.029000e-05	-4.409618e-09	-1.973127e-09	-2.346471e+01	-2.400985e+02
1.030000e-05	-4.447618e-09	-1.986056e-09	-2.366691e+01	-2.419914e+02
1.031000e-05	-4.485427e-09	-1.998609e-09	-2.386810e+01	-2.438780e+02
1.032000e-05	-4.523025e-09	-2.011828e-09	-2.406817e+01	-2.457583e+02
1.033000e-05	-4.560403e-09	-2.026590e-09	-2.426707e+01	-2.476321e+02
1.034000e-05	-4.597586e-09	-2.043530e-09	-2.446492e+01	-2.494996e+02
1.035000e-05	-4.634565e-09	-2.061870e-09	-2.466170e+01	-2.513605e+02
1.036000e-05	-4.671337e-09	-2.079903e-09	-2.485737e+01	-2.532149e+02
1.037000e-05	-4.707913e-09	-2.095096e-09	-2.505200e+01	-2.550627e+02
1.038000e-05	-4.744287e-09	-2.106792e-09	-2.524556e+01	-2.569039e+02
1.039000e-05	-4.780480e-09	-2.117269e-09	-2.543815e+01	-2.587384e+02
1.040000e-05	-4.816512e-09	-2.129529e-09	-2.562989e+01	-2.605661e+02
1.041000e-05	-4.852396e-09	-2.144285e-09	-2.582083e+01	-2.623871e+02
1.042000e-05	-4.888161e-09	-2.161054e-09	-2.601115e+01	-2.642013e+02
1.043000e-05	-4.923827e-09	-2.177863e-09	-2.620093e+01	-2.660086e+02
1.044000e-05	-4.959395e-09	-2.193265e-09	-2.639020e+01	-2.678089e+02
1.045000e-05	-4.994888e-09	-2.208573e-09	-2.657907e+01	-2.696023e+02
1.046000e-05	-5.030322e-09	-2.223097e-09	-2.676762e+01	-2.713887e+02
1.047000e-05	-5.065681e-09	-2.235868e-09	-2.695578e+01	-2.731680e+02
1.048000e-05	-5.100974e-09	-2.249445e-09	-2.714358e+01	-2.749402e+02
1.049000e-05	-5.136217e-09	-2.265892e-09	-2.733112e+01	-2.767053e+02
1.050000e-05	-5.171394e-09	-2.283701e-09	-2.751830e+01	-2.784631e+02
1.051000e-05	-5.206484e-09	-2.300844e-09	-2.770502e+01	-2.802137e+02
1.052000e-05	-5.241462e-09	-2.314895e-09	-2.789115e+01	-2.819571e+02
1.053000e-05	-5.276296e-09	-2.326183e-09	-2.807651e+01	-2.836931e+02
1.054000e-05	-5.311014e-09	-2.338083e-09	-2.826125e+01	-2.854217e+02
1.055000e-05	-5.345595e-09	-2.352744e-09	-2.844527e+01	-2.871428e+02
1.056000e-05	-5.379986e-09	-2.370294e-09	-2.862827e+01	-2.888566e+02
1.057000e-05	-5.414212e-09	-2.388376e-09	-2.881040e+01	-2.905628e+02
1.058000e-05	-5.448312e-09	-2.405234e-09	-2.899185e+01	-2.922614e+02
1.059000e-05	-5.482287e-09	-2.420116e-09	-2.917264e+01	-2.939524e+02
1.060000e-05	-5.516110e-09	-2.431977e-09	-2.935262e+01	-2.956358e+02
1.061000e-05	-5.549781e-09	-2.441144e-09	-2.953179e+01	-2.973115e+02
1.062000e-05	-5.583313e-09	-2.449892e-09	-2.971022e+01	-2.989795e+02
1.063000e-05	-5.616707e-09	-2.462054e-09	-2.988792e+01	-3.006397e+02
1.064000e-05	-5.649973e-09	-2.478811e-09	-3.006494e+01	-3.022920e+02
1.065000e-05	-5.683113e-09	-2.496716e-09	-3.024128e+01	-3.039365e+02
1.066000e-05	-5.716110e-09	-2.512070e-09	-3.041687e+01	-3.055731e+02
1.067000e-05	-5.748958e-09	-2.523648e-09	-3.059166e+01	-3.072017e+02
1.068000e-05	-5.781644e-09	-2.533355e-09	-3.076559e+01	-3.088224e+02
1.069000e-05	-5.814138e-09	-2.542854e-09	-3.093850e+01	-3.104350e+02
1.070000e-05	-5.846460e-09	-2.551725e-09	-3.111050e+01	-3.120395e+02
1.071000e-05	-5.878639e-09	-2.560741e-09	-3.128173e+01	-3.136360e+02
1.072000e-05	-5.910664e-09	-2.571711e-09	-3.145214e+01	-3.152242e+02
1.073000e-05	-5.942554e-09	-2.586706e-09	-3.162184e+01	-3.168043e+02
1.074000e-05	-5.974317e-09	-2.605248e-09	-3.179085e+01	-3.183761e+02
1.075000e-05	-6.005957e-09	-2.622875e-09	-3.195922e+01	-3.199396e+02
1.076000e-05	-6.037503e-09	-2.636976e-09	-3.212708e+01	-3.214948e+02
1.077000e-05	-6.068946e-09	-2.646957e-09	-3.229440e+01	-3.230417e+02
1.078000e-05	-6.100285e-09	-2.654893e-09	-3.246116e+01	-3.245801e+02
1.079000e-05	-6.131543e-09	-2.664748e-09	-3.262749e+01	-3.261101e+02
1.080000e-05	-6.162677e-09	-2.676998e-09	-3.279317e+01	-3.276316e+02
1.081000e-05	-6.193657e-09	-2.691693e-09	-3.295802e+01	-3.291446e+02
1.082000e-05	-6.224472e-09	-2.706870e-09	-3.312199e+01	-3.306491e+02
1.083000e-05	-6.255124e-09	-2.720401e-09	-3.328510e+01	-3.321449e+02
1.084000e-05	-6.285598e-09	-2.732917e-09	-3.344726e+01	-3.336321e+02
1.085000e-05	-6.315843e-09	-2.744500e-09	-3.360820e+01	-3.351106e+02
1.086000e-05	-6.345832e-09	-2.756217e-09	-3.376777e+01	-3.365804e+02
1.087000e-05	-6.375556e-09	-2.768368e-09	-3.392594e+01	-3.380414e+02
1.088000e-05	-6.405033e-09	-2.781218e-09	-3.408280e+01	-3.394936e+02
1.089000e-05	-6.434268e-09	-2.793609e-09	-3.423836e+01	-3.409370e+02
1.090000e-05	-6.463218e-09	-2.803607e-09	-3.439241e+01	-3.423716e+02
1.091000e-05	-6.491894e-09	-2.812127e-09	-3.454501e+01	-3.437972e+02
1.092000e-05	-6.520314e-09	-2.821200e-09	-3.469624e+01	-3.452139e+02
1.093000e-05	-6.548493e-09	-2.832387e-09	-3.484618e+01	-3.466216e+02
1.094000e-05	-6.576485e-09	-2.845834e-09	-3.499514e+01	-3.480203e+02
1.095000e-05	-6.604303e-09	-2.859809e-09	-3.514316e+01	-3.494099e+02
1.096000e-05	-6.631953e-09	-2.873056e-09	-3.529030e+01	-3.507904e+02
1.097000e-05	-6.659483e-09	-2.883658e-09	-3.543679e+01	-3.521618e+02
1.098000e-05	-6.686923e-09	-2.891977e-09	-3.558280e+01	-3.535241e+02
1.099000e-05	-6.714275e-09	-2.900811e-09	-3.572835e+01	-3.548772e+02
1.100000e-05	-6.741551e-09	-2.910607e-09	-3.587349e+01	-3.562210e+02
1.101000e-05	-6.768743e-09	-2.921945e-09	-3.601819e+01	-3.575555e+02
1.102000e-05	-6.795822e-09	-2.934511e-09	-3.616228e+01	-3.588808e+02
1.103000e-05	-6.822761e-09	-2.947673e-09	-3.630563e+01	-3.601967e+02
1.104000e-05	-6.849539e-09	-2.960122e-09	-3.644813e+01	-3.615032e+02
1.105000e-05	-6.876127e-09	-2.971458e-09	-3.658961e+01	-3.628004e+02
1.106000e-05	-6.902504e-09	-2.981717e-09	-3.672996e+01	-3.640881e+02
1.107000e-05	-6.928665e-09	-2.991225e-09	-3.686917e+01	-3.653663e+02
1.108000e-05	-6.954648e-09	-3.002246e-09	-3.700743e+01	-3.666351e+02
1.109000e-05	-6.980447e-09	-3.015270e-09	-3.714472e+01	-3.678942e+02
1.110000e-05	-7.006064e-09	-3.028245e-09	-3.728103e+01	-3.691439e+02
1.111000e-05	-7.031534e-09	-3.038815e-09	-3.741656e+01	-3.703839e+02
1.112000e-05	-7.056835e-09	-3.047024e-09	-3.755120e+01	-3.716142e+02
1.113000e-05	-7.081964e-09	-3.055355e-09	-3.768491e+01	-3.728350e+02
1.114000e-05	-7.106910e-09	-3.065814e-09	-3.781766e+01	-3.740460e+02
1.115000e-05	-7.131667e-09	-3.077070e-09	-3.794940e+01	-3.752472e+02
1.116000e-05	-7.156239e-09	-3.087736e-09	-3.808015e+01	-3.764388e+02
1.117000e-05	-7.180596e-09	-3.097614e-09	-3.820976e+01	-3.776205e+02
1.118000e-05	-7.204735e-09	-3.108299e-09	-3.833821e+01	-3.787924e+02
1.119000e-05	-7.228704e-09	-3.120051e-09	-3.846575e+01	-3.799544e+02
1.120000e-05	-7.252506e-09	-3.129402e-09	-3.859241e+01	-3.811066e+02
1.121000e-05	-7.276158e-09	-3.136243e-09	-3.871827e+01	-3.822488e+02
1.122000e-05	-7.299687e-09	-3.144253e-09	-3.884347e+01	-3.833811e+02
1.123000e-05	-7.323097e-09	-3.155215e-09	-3.896804e+01	-3.845035e+02
1.124000e-05	-7.346418e-09	-3.167348e-09	-3.909214e+01	-3.856158e+02
1.125000e-05	-7.369648e-09	-3.178331e-09	-3.921575e+01	-3.867181e+02
1.126000e-05	-7.392770e-09	-3.186972e-09	-3.933879e+01	-3.878103e+02
1.127000e-05	-7.415750e-09	-3.195339e-09	-3.946107e+01	-3.888925e+02
1.128000e-05	-7.438552e-09	-3.205541e-09	-3.958241e+01	-3.899645e+02
1.129000e-05	-7.461135e-09	-3.216743e-09	-3.970258e+01	-3.910264e+02
1.130000e-05	-7.483456e-09	-3.227667e-09	-3.982135e+01	-3.920781e+02
1.131000e-05	-7.505496e-09	-3.235927e-09	-3.993863e+01	-3.931196e+02
1.132000e-05	-7.527233e-09	-3.243177e-09	-4.005430e+01	-3.941509e+02
1.133000e-05	-7.548634e-09	-3.252162e-09	-4.016818e+01	-3.951719e+02
1.134000e-05	-7.569713e-09	-3.262433e-09	-4.028035e+01	-3.961827e+02
1.135000e-05	-7.590480e-09	-3.271916e-09	-4.039085e+01	-3.971831e+02
1.136000e-05	-7.610941e-09	-3.277849e-09	-4.049973e+01	-3.981732e+02
1.137000e-05	-7.631148e-09	-3.281858e-09	-4.060726e+01	-3.991530e+02
1.138000e-05	-7.651112e-09	-3.286723e-09	-4.071349e+01	-4.001223e+02
1.139000e-05	-7.670866e-09	-3.295084e-09	-4.081861e+01	-4.010813e+02
1.140000e-05	-7.690464e-09	-3.305362e-09	-4.092289e+01	-4.020298e+02
1.141000e-05	-7.709947e-09	-3.314198e-09	-4.102657e+01	-4.029679e+02
1.142000e-05	-7.729335e-09	-3.321656e-09	-4.112973e+01	-4.038954e+02
1.143000e-05	-7.748608e-09	-3.327021e-09	-4.123229e+01	-4.048125e+02
1.144000e-05	-7.767764e-09	-3.332534e-09	-4.133422e+01	-4.057190e+02
1.145000e-05	-7.786797e-09	-3.338515e-09	-4.143550e+01	-4.066150e+02
1.146000e-05	-7.805669e-09	-3.345244e-09	-4.153593e+01	-4.075004e+02
1.147000e-05	-7.824343e-09	-3.354013e-09	-4.163530e+01	-4.083752e+02
1.148000e-05	-7.842801e-09	-3.361810e-09	-4.173352e+01	-4.092394e+02
1.149000e-05	-7.861046e-09	-3.368603e-09	-4.183060e+01	-4.100930e+02
1.150000e-05	-7.879081e-09	-3.375318e-09	-4.192657e+01	-4.109358e+02
1.151000e-05	-7.896912e-09	-3.382279e-09	-4.202145e+01	-4.117680e+02
1.152000e-05	-7.914567e-09	-3.388543e-09	-4.211540e+01	-4.125895e+02
1.153000e-05	-7.932063e-09	-3.394844e-09	-4.220850e+01	-4.134002e+02
1.154000e-05	-7.949386e-09	-3.403342e-09	-4.230068e+01	-4.142002e+02
1.155000e-05	-7.966537e-09	-3.412581e-09	-4.239194e+01	-4.149894e+02
1.156000e-05	-7.983513e-09	-3.420665e-09	-4.248228e+01	-4.157678e+02
1.157000e-05	-8.000291e-09	-3.425569e-09	-4.257156e+01	-4.165354e+02
1.158000e-05	-8.016849e-09	-3.429084e-09	-4.265967e+01	-4.172921e+02
1.159000e-05	-8.033172e-09	-3.435581e-09	-4.274653e+01	-4.180380e+02
1.160000e-05	-8.049266e-09	-3.444918e-09	-4.283217e+01	-4.187730e+02
1.161000e-05	-8.065153e-09	-3.455427e-09	-4.291670e+01	-4.194972e+02
1.162000e-05	-8.080874e-09	-3.465051e-09	-4.300036e+01	-4.202104e+02
1.163000e-05	-8.096453e-09	-3.472065e-09	-4.308326e+01	-4.209126e+02
1.164000e-05	-8.111906e-09	-3.477252e-09	-4.316549e+01	-4.216040e+02
1.165000e-05	-8.127238e-09	-3.481463e-09	-4.324708e+01	-4.222843e+02
1.166000e-05	-8.142434e-09	-3.486452e-09	-4.332794e+01	-4.229537e+02
1.167000e-05	-8.157479e-09	-3.493588e-09	-4.340799e+01	-4.236121e+02
1.168000e-05	-8.172314e-09	-3.502532e-09	-4.348693e+01	-4.242594e+02
1.169000e-05	-8.186858e-09	-3.512365e-09	-4.356433e+01	-4.248958e+02
1.170000e-05	-8.201070e-09	-3.521810e-09	-4.363995e+01	-4.255210e+02
1.171000e-05	-8.214961e-09	-3.529426e-09	-4.371387e+01	-4.261352e+02
1.172000e-05	-8.228456e-09	-3.533707e-09	-4.378568e+01	-4.267383e+02
1.173000e-05	-8.241530e-09	-3.535845e-09	-4.385525e+01	-4.273303e+02
1.174000e-05	-8.254263e-09	-3.539353e-09	-4.392300e+01	-4.279112e+02
1.175000e-05	-8.266669e-09	-3.546360e-09	-4.398902e+01	-4.284810e+02
1.176000e-05	-8.278782e-09	-3.553971e-09	-4.405348e+01	-4.290396e+02
1.177000e-05	-8.290678e-09	-3.558983e-09	-4.411678e+01	-4.295870e+02
1.178000e-05	-8.302390e-09	-3.562847e-09	-4.417910e+01	-4.301233e+02
1.179000e-05	-8.313918e-09	-3.568660e-09	-4.424045e+01	-4.306484e+02
1.180000e-05	-8.325275e-09	-3.577354e-09	-4.430088e+01	-4.311622e+02
1.181000e-05	-8.336451e-09	-3.587162e-09	-4.436035e+01	-4.316649e+02
1.182000e-05	-8.347448e-09	-3.594971e-09	-4.441887e+01	-4.321563e+02
1.183000e-05	-8.358235e-09	-3.598197e-09	-4.447627e+01	-4.326365e+02
1.184000e-05	-8.368771e-09	-3.600894e-09	-4.453233e+01	-4.331055e+02
1.185000e-05	-8.379067e-09	-3.604488e-09	-4.458712e+01	-4.335631e+02
1.186000e-05	-8.389126e-09	-3.609094e-09	-4.464064e+01	-4.340095e+02
1.187000e-05	-8.398973e-09	-3.615200e-09	-4.469305e+01	-4.344446e+02
1.188000e-05	-8.408639e-09	-3.621971e-09	-4.474448e+01	-4.348684e+02
1.189000e-05	-8.418105e-09	-3.631955e-09	-4.479485e+01	-4.352809e+02
1.190000e-05	-8.427393e-09	-3.640399e-09	-4.484427e+01	-4.356820e+02
1.191000e-05	-8.436495e-09	-3.642852e-09	-4.489271e+01	-4.360718e+02
1.192000e-05	-8.445402e-09	-3.638491e-09	-4.494010e+01	-4.364503e+02
1.193000e-05	-8.454100e-09	-3.635551e-09	-4.498639e+01	-4.368174e+02
1.194000e-05	-8.462539e-09	-3.641030e-09	-4.503129e+01	-4.371732e+02
1.195000e-05	-8.470734e-09	-3.651160e-09	-4.507490e+01	-4.375176e+02
1.196000e-05	-8.478713e-09	-3.662134e-09	-4.511736e+01	-4.378506e+02
1.197000e-05	-8.486510e-09	-3.668544e-09	-4.515885e+01	-4.381722e+02
1.198000e-05	-8.494156e-09	-3.672356e-09	-4.519953e+01	-4.384824e+02
1.199000e-05	-8.501670e-09	-3.674427e-09	-4.523952e+01	-4.387812e+02
1.200000e-05	-8.509076e-09	-3.674401e-09	-4.527893e+01	-4.390686e+02
1.201000e-05	-8.516343e-09	-3.673343e-09	-4.531760e+01	-4.393446e+02
1.202000e-05	-8.523467e-09	-3.672566e-09	-4.535551e+01	-4.396091e+02
1.203000e-05	-8.530444e-09	-3.677392e-09	-4.539263e+01	-4.398622e+02
1.204000e-05	-8.537201e-09	-3.685916e-09	-4.542859e+01	-4.401039e+02
1.205000e-05	-8.543675e-09	-3.695047e-09	-4.546304e+01	-4.403341e+02
1.206000e-05	-8.549863e-09	-3.700333e-09	-4.549597e+01	-4.405529e+02
1.207000e-05	-8.555758e-09	-3.700519e-09	-4.552733e+01	-4.407602e+02
1.208000e-05	-8.561280e-09	-3.700948e-09	-4.555672e+01	-4.409560e+02
1.209000e-05	-8.566404e-09	-3.704327e-09	-4.558398e+01	-4.411403e+02
1.210000e-05	-8.571171e-09	-3.708830e-09	-4.560935e+01	-4.413132e+02
1.211000e-05	-8.575622e-09	-3.710524e-09	-4.563303e+01	-4.414746e+02
1.212000e-05	-8.579803e-09	-3.710092e-09	-4.565528e+01	-4.416245e+02
1.213000e-05	-8.583731e-09	-3.710088e-09	-4.567619e+01	-4.417630e+02
1.214000e-05	-8.587443e-09	-3.713300e-09	-4.569593e+01	-4.418899e+02
1.215000e-05	-8.590998e-09	-3.717664e-09	-4.571485e+01	-4.420053e+02
1.216000e-05	-8.594433e-09	-3.720789e-09	-4.573313e+01	-4.421093e+02
1.217000e-05	-8.597759e-09	-3.724630e-09	-4.575083e+01	-4.422017e+02
1.218000e-05	-8.600953e-09	-3.729896e-09	-4.576783e+01	-4.422826e+02
1.219000e-05	-8.603990e-09	-3.734778e-09	-4.578399e+01	-4.423521e+02
1.220000e-05	-8.606851e-09	-3.735485e-09	-4.579921e+01	-4.424100e+02
1.221000e-05	-8.609502e-09	-3.732164e-09	-4.581332e+01	-4.424564e+02
1.222000e-05	-8.611908e-09	-3.728089e-09	-4.582612e+01	-4.424913e+02
1.223000e-05	-8.614067e-09	-3.729034e-09	-4.583761e+01	-4.425147e+02
1.224000e-05	-8.615999e-09	-3.735901e-09	-4.584789e+01	-4.425266e+02
1.225000e-05	-8.617717e-09	-3.743523e-09	-4.585703e+01	-4.425269e+02
1.226000e-05	-8.619262e-09	-3.748819e-09	-4.586525e+01	-4.425158e+02
1.227000e-05	-8.620660e-09	-3.749899e-09	-4.587269e+01	-4.424931e+02
1.228000e-05	-8.621918e-09	-3.749922e-09	-4.587938e+01	-4.424589e+02
1.229000e-05	-8.622987e-09	-3.750497e-09	-4.588507e+01	-4.424133e+02
1.230000e-05	-8.623714e-09	-3.750877e-09	-4.588894e+01	-4.423561e+02
1.231000e-05	-8.624149e-09	-3.749621e-09	-4.589125e+01	-4.422874e+02
