# Temperatura_=_20.0
# Concentracion g/m^3_=_10000.0
# C_Vs_to_Am_M_A/Vsm_=_116720831517.84952
# pendiente_HvsI_1/m_=_3716.3
# ordenada_HvsI_A/m_=_1297.0
# frecuencia_Hz_=_239413.70841195612
# Promedio de 22 ciclos

Tiempo_(s)	Campo_(V.s)	Magnetizacion_(V.s)	Campo_(kA/m)	Magnetizacion_(A/m)
0.000000e+00	-6.810929e-09	-2.975226e-09	-3.469847e+01	-3.558579e+02
1.000000e-08	-6.809698e-09	-2.974298e-09	-3.469220e+01	-3.556750e+02
2.000000e-08	-6.806822e-09	-2.971156e-09	-3.467754e+01	-3.554115e+02
3.000000e-08	-6.802470e-09	-2.968177e-09	-3.465537e+01	-3.550676e+02
4.000000e-08	-6.796829e-09	-2.964733e-09	-3.462664e+01	-3.546432e+02
5.000000e-08	-6.789812e-09	-2.959107e-09	-3.459089e+01	-3.541384e+02
6.000000e-08	-6.781447e-09	-2.952567e-09	-3.454827e+01	-3.535534e+02
7.000000e-08	-6.771462e-09	-2.946239e-09	-3.449740e+01	-3.528884e+02
8.000000e-08	-6.759564e-09	-2.946661e-09	-3.443679e+01	-3.521433e+02
9.000000e-08	-6.745531e-09	-2.927418e-09	-3.436530e+01	-3.513185e+02
1.000000e-07	-6.729106e-09	-2.909616e-09	-3.428162e+01	-3.504141e+02
1.100000e-07	-6.711011e-09	-2.904654e-09	-3.418943e+01	-3.494304e+02
1.200000e-07	-6.692085e-09	-2.947105e-09	-3.409302e+01	-3.483674e+02
1.300000e-07	-6.672188e-09	-2.940731e-09	-3.399165e+01	-3.472256e+02
1.400000e-07	-6.650877e-09	-2.866720e-09	-3.388308e+01	-3.460050e+02
1.500000e-07	-6.628268e-09	-2.882400e-09	-3.376790e+01	-3.447061e+02
1.600000e-07	-6.604543e-09	-2.923997e-09	-3.364703e+01	-3.433291e+02
1.700000e-07	-6.578962e-09	-2.880212e-09	-3.351671e+01	-3.418743e+02
1.800000e-07	-6.551499e-09	-2.877540e-09	-3.337680e+01	-3.403421e+02
1.900000e-07	-6.523038e-09	-2.969648e-09	-3.323180e+01	-3.387327e+02
2.000000e-07	-6.493322e-09	-2.907790e-09	-3.308041e+01	-3.370466e+02
2.100000e-07	-6.461975e-09	-2.839855e-09	-3.292071e+01	-3.352841e+02
2.200000e-07	-6.429440e-09	-2.920956e-09	-3.275497e+01	-3.334457e+02
2.300000e-07	-6.395374e-09	-2.875024e-09	-3.258141e+01	-3.315318e+02
2.400000e-07	-6.359553e-09	-2.805809e-09	-3.239892e+01	-3.295427e+02
2.500000e-07	-6.322530e-09	-2.872031e-09	-3.221031e+01	-3.274789e+02
2.600000e-07	-6.284140e-09	-2.827344e-09	-3.201473e+01	-3.253410e+02
2.700000e-07	-6.244223e-09	-2.779524e-09	-3.181137e+01	-3.231294e+02
2.800000e-07	-6.203043e-09	-2.831800e-09	-3.160158e+01	-3.208445e+02
2.900000e-07	-6.160327e-09	-2.773734e-09	-3.138396e+01	-3.184870e+02
3.000000e-07	-6.115896e-09	-2.709399e-09	-3.115761e+01	-3.160573e+02
3.100000e-07	-6.070050e-09	-2.725643e-09	-3.092404e+01	-3.135559e+02
3.200000e-07	-6.022902e-09	-2.700931e-09	-3.068385e+01	-3.109836e+02
3.300000e-07	-5.974444e-09	-2.681138e-09	-3.043698e+01	-3.083408e+02
3.400000e-07	-5.924382e-09	-2.692746e-09	-3.018193e+01	-3.056281e+02
3.500000e-07	-5.872490e-09	-2.630610e-09	-2.991757e+01	-3.028461e+02
3.600000e-07	-5.819105e-09	-2.593985e-09	-2.964560e+01	-2.999956e+02
3.700000e-07	-5.764493e-09	-2.597522e-09	-2.936738e+01	-2.970771e+02
3.800000e-07	-5.708704e-09	-2.553053e-09	-2.908316e+01	-2.940912e+02
3.900000e-07	-5.651745e-09	-2.523435e-09	-2.879298e+01	-2.910387e+02
4.000000e-07	-5.593353e-09	-2.510770e-09	-2.849550e+01	-2.879203e+02
4.100000e-07	-5.533517e-09	-2.481547e-09	-2.819067e+01	-2.847367e+02
4.200000e-07	-5.472520e-09	-2.457784e-09	-2.787991e+01	-2.814885e+02
4.300000e-07	-5.410351e-09	-2.440640e-09	-2.756319e+01	-2.781765e+02
4.400000e-07	-5.347011e-09	-2.389579e-09	-2.724050e+01	-2.748015e+02
4.500000e-07	-5.282670e-09	-2.347804e-09	-2.691272e+01	-2.713642e+02
4.600000e-07	-5.217141e-09	-2.330557e-09	-2.657888e+01	-2.678654e+02
4.700000e-07	-5.150091e-09	-2.310841e-09	-2.623729e+01	-2.643060e+02
4.800000e-07	-5.081792e-09	-2.286039e-09	-2.588934e+01	-2.606866e+02
4.900000e-07	-5.012536e-09	-2.255029e-09	-2.553651e+01	-2.570081e+02
5.000000e-07	-4.942230e-09	-2.212966e-09	-2.517834e+01	-2.532715e+02
5.100000e-07	-4.870884e-09	-2.172547e-09	-2.481486e+01	-2.494774e+02
5.200000e-07	-4.798556e-09	-2.147692e-09	-2.444639e+01	-2.456267e+02
5.300000e-07	-4.724966e-09	-2.112572e-09	-2.407148e+01	-2.417204e+02
5.400000e-07	-4.649933e-09	-2.080932e-09	-2.368922e+01	-2.377594e+02
5.500000e-07	-4.573700e-09	-2.048061e-09	-2.330085e+01	-2.337444e+02
5.600000e-07	-4.496441e-09	-2.014282e-09	-2.290725e+01	-2.296764e+02
5.700000e-07	-4.418045e-09	-1.982938e-09	-2.250786e+01	-2.255564e+02
5.800000e-07	-4.338351e-09	-1.945083e-09	-2.210186e+01	-2.213853e+02
5.900000e-07	-4.257431e-09	-1.901983e-09	-2.168961e+01	-2.171640e+02
6.000000e-07	-4.175562e-09	-1.861349e-09	-2.127253e+01	-2.128935e+02
6.100000e-07	-4.092854e-09	-1.832191e-09	-2.085117e+01	-2.085747e+02
6.200000e-07	-4.009335e-09	-1.802424e-09	-2.042568e+01	-2.042086e+02
6.300000e-07	-3.925162e-09	-1.769720e-09	-1.999686e+01	-1.997962e+02
6.400000e-07	-3.840346e-09	-1.725752e-09	-1.956476e+01	-1.953385e+02
6.500000e-07	-3.754759e-09	-1.676819e-09	-1.912874e+01	-1.908366e+02
6.600000e-07	-3.668334e-09	-1.633345e-09	-1.868844e+01	-1.862914e+02
6.700000e-07	-3.581108e-09	-1.599202e-09	-1.824407e+01	-1.817039e+02
6.800000e-07	-3.493213e-09	-1.565436e-09	-1.779628e+01	-1.770753e+02
6.900000e-07	-3.404695e-09	-1.525936e-09	-1.734532e+01	-1.724065e+02
7.000000e-07	-3.315375e-09	-1.485170e-09	-1.689028e+01	-1.676986e+02
7.100000e-07	-3.225053e-09	-1.445357e-09	-1.643013e+01	-1.629526e+02
7.200000e-07	-3.133776e-09	-1.409304e-09	-1.596512e+01	-1.581697e+02
7.300000e-07	-3.041771e-09	-1.366376e-09	-1.549640e+01	-1.533510e+02
7.400000e-07	-2.949204e-09	-1.320107e-09	-1.502481e+01	-1.484974e+02
7.500000e-07	-2.856052e-09	-1.276161e-09	-1.455025e+01	-1.436102e+02
7.600000e-07	-2.762290e-09	-1.239894e-09	-1.407257e+01	-1.386904e+02
7.700000e-07	-2.667968e-09	-1.204857e-09	-1.359205e+01	-1.337391e+02
7.800000e-07	-2.573113e-09	-1.164116e-09	-1.310881e+01	-1.287575e+02
7.900000e-07	-2.477762e-09	-1.119338e-09	-1.262304e+01	-1.237467e+02
8.000000e-07	-2.381902e-09	-1.074016e-09	-1.213467e+01	-1.187078e+02
8.100000e-07	-2.285524e-09	-1.035048e-09	-1.164367e+01	-1.136419e+02
8.200000e-07	-2.188593e-09	-9.963236e-10	-1.114986e+01	-1.085503e+02
8.300000e-07	-2.091053e-09	-9.541592e-10	-1.065294e+01	-1.034340e+02
8.400000e-07	-1.992923e-09	-9.075995e-10	-1.015301e+01	-9.829423e+01
8.500000e-07	-1.894226e-09	-8.620853e-10	-9.650200e+00	-9.313213e+01
8.600000e-07	-1.794994e-09	-8.208018e-10	-9.144660e+00	-8.794889e+01
8.700000e-07	-1.695339e-09	-7.802762e-10	-8.636965e+00	-8.274567e+01
8.800000e-07	-1.595340e-09	-7.364270e-10	-8.127513e+00	-7.752365e+01
8.900000e-07	-1.495061e-09	-6.899604e-10	-7.616639e+00	-7.228400e+01
9.000000e-07	-1.394563e-09	-6.438982e-10	-7.104649e+00	-6.702793e+01
9.100000e-07	-1.293832e-09	-5.990153e-10	-6.591472e+00	-6.175661e+01
9.200000e-07	-1.192841e-09	-5.547745e-10	-6.076974e+00	-5.647124e+01
9.300000e-07	-1.091571e-09	-5.079832e-10	-5.561049e+00	-5.117301e+01
9.400000e-07	-9.900486e-10	-4.617386e-10	-5.043841e+00	-4.586313e+01
9.500000e-07	-8.882681e-10	-4.184600e-10	-4.525318e+00	-4.054280e+01
9.600000e-07	-7.862732e-10	-3.764962e-10	-4.005702e+00	-3.521321e+01
9.700000e-07	-6.841194e-10	-3.314470e-10	-3.485276e+00	-2.987559e+01
9.800000e-07	-5.818237e-10	-2.822849e-10	-2.964128e+00	-2.453113e+01
9.900000e-07	-4.794260e-10	-2.308221e-10	-2.442460e+00	-1.918104e+01
1.000000e-06	-3.769374e-10	-1.810136e-10	-1.920329e+00	-1.382654e+01
1.010000e-06	-2.743783e-10	-1.345793e-10	-1.397839e+00	-8.468843e+00
1.020000e-06	-1.717373e-10	-8.775762e-11	-8.749315e-01	-3.109152e+00
1.030000e-06	-6.903634e-11	-4.105742e-11	-3.517187e-01	2.251315e+00
1.040000e-06	3.365767e-11	5.874555e-12	1.714586e-01	7.611345e+00
1.050000e-06	1.363202e-10	5.314175e-11	6.944753e-01	1.296972e+01
1.060000e-06	2.389384e-10	9.976173e-11	1.217267e+00	1.832524e+01
1.070000e-06	3.414844e-10	1.471576e-10	1.739690e+00	2.367668e+01
1.080000e-06	4.439459e-10	1.978081e-10	2.261683e+00	2.902284e+01
1.090000e-06	5.462932e-10	2.487367e-10	2.783094e+00	3.436250e+01
1.100000e-06	6.484835e-10	2.977294e-10	3.303706e+00	3.969445e+01
1.110000e-06	7.505249e-10	3.458873e-10	3.823559e+00	4.501749e+01
1.120000e-06	8.524168e-10	3.922163e-10	4.342650e+00	5.033042e+01
1.130000e-06	9.540811e-10	4.400435e-10	4.860581e+00	5.563202e+01
1.140000e-06	1.055489e-09	4.887078e-10	5.377206e+00	6.092111e+01
1.150000e-06	1.156656e-09	5.358900e-10	5.892604e+00	6.619648e+01
1.160000e-06	1.257580e-09	5.814035e-10	6.406765e+00	7.145694e+01
1.170000e-06	1.358282e-09	6.275809e-10	6.919796e+00	7.670130e+01
1.180000e-06	1.458741e-09	6.772969e-10	7.431583e+00	8.192837e+01
1.190000e-06	1.558937e-09	7.279409e-10	7.942037e+00	8.713697e+01
1.200000e-06	1.658872e-09	7.765895e-10	8.451161e+00	9.232592e+01
1.210000e-06	1.758498e-09	8.210421e-10	8.958705e+00	9.749404e+01
1.220000e-06	1.857722e-09	8.634356e-10	9.464208e+00	1.026402e+02
1.230000e-06	1.956416e-09	9.075178e-10	9.967007e+00	1.077631e+02
1.240000e-06	2.054454e-09	9.536746e-10	1.046646e+01	1.128618e+02
1.250000e-06	2.151802e-09	1.001796e-09	1.096240e+01	1.179350e+02
1.260000e-06	2.248574e-09	1.050836e-09	1.145541e+01	1.229815e+02
1.270000e-06	2.344866e-09	1.100049e-09	1.194597e+01	1.280003e+02
1.280000e-06	2.440658e-09	1.149939e-09	1.243399e+01	1.329902e+02
1.290000e-06	2.535937e-09	1.198305e-09	1.291939e+01	1.379501e+02
1.300000e-06	2.630698e-09	1.242084e-09	1.340215e+01	1.428788e+02
1.310000e-06	2.724918e-09	1.282807e-09	1.388216e+01	1.477753e+02
1.320000e-06	2.818549e-09	1.323313e-09	1.435916e+01	1.526383e+02
1.330000e-06	2.911581e-09	1.366298e-09	1.483312e+01	1.574669e+02
1.340000e-06	3.004091e-09	1.412214e-09	1.530442e+01	1.622600e+02
1.350000e-06	3.096107e-09	1.459034e-09	1.577320e+01	1.670163e+02
1.360000e-06	3.187483e-09	1.504529e-09	1.623871e+01	1.717350e+02
1.370000e-06	3.277929e-09	1.548492e-09	1.669949e+01	1.764148e+02
1.380000e-06	3.367302e-09	1.592307e-09	1.715481e+01	1.810548e+02
1.390000e-06	3.455792e-09	1.634639e-09	1.760562e+01	1.856539e+02
1.400000e-06	3.543604e-09	1.675081e-09	1.805298e+01	1.902111e+02
1.410000e-06	3.630729e-09	1.714084e-09	1.849684e+01	1.947252e+02
1.420000e-06	3.717081e-09	1.752473e-09	1.893676e+01	1.991954e+02
1.430000e-06	3.802629e-09	1.791951e-09	1.937259e+01	2.036205e+02
1.440000e-06	3.887425e-09	1.832610e-09	1.980458e+01	2.079996e+02
1.450000e-06	3.971553e-09	1.873842e-09	2.023318e+01	2.123318e+02
1.460000e-06	4.054940e-09	1.915245e-09	2.065799e+01	2.166159e+02
1.470000e-06	4.137345e-09	1.955594e-09	2.107781e+01	2.208511e+02
1.480000e-06	4.218745e-09	1.994409e-09	2.149251e+01	2.250363e+02
1.490000e-06	4.299248e-09	2.031706e-09	2.190263e+01	2.291707e+02
1.500000e-06	4.378764e-09	2.066948e-09	2.230772e+01	2.332533e+02
1.510000e-06	4.457222e-09	2.100123e-09	2.270743e+01	2.372832e+02
1.520000e-06	4.534671e-09	2.132920e-09	2.310200e+01	2.412594e+02
1.530000e-06	4.611154e-09	2.167842e-09	2.349164e+01	2.451811e+02
1.540000e-06	4.686524e-09	2.204505e-09	2.387562e+01	2.490474e+02
1.550000e-06	4.760522e-09	2.241497e-09	2.425260e+01	2.528574e+02
1.560000e-06	4.833227e-09	2.276257e-09	2.462300e+01	2.566103e+02
1.570000e-06	4.904886e-09	2.306939e-09	2.498807e+01	2.603051e+02
1.580000e-06	4.975510e-09	2.335690e-09	2.534787e+01	2.639410e+02
1.590000e-06	5.045037e-09	2.364290e-09	2.570207e+01	2.675174e+02
1.600000e-06	5.113558e-09	2.393189e-09	2.605116e+01	2.710332e+02
1.610000e-06	5.181047e-09	2.421976e-09	2.639498e+01	2.744877e+02
1.620000e-06	5.247191e-09	2.451299e-09	2.673195e+01	2.778802e+02
1.630000e-06	5.311954e-09	2.480703e-09	2.706189e+01	2.812099e+02
1.640000e-06	5.375588e-09	2.509424e-09	2.738608e+01	2.844760e+02
1.650000e-06	5.438133e-09	2.537702e-09	2.770471e+01	2.876778e+02
1.660000e-06	5.499557e-09	2.564953e-09	2.801764e+01	2.908145e+02
1.670000e-06	5.559959e-09	2.591300e-09	2.832536e+01	2.938855e+02
1.680000e-06	5.619211e-09	2.616531e-09	2.862722e+01	2.968901e+02
1.690000e-06	5.676930e-09	2.640804e-09	2.892127e+01	2.998275e+02
1.700000e-06	5.733188e-09	2.663767e-09	2.920788e+01	3.026971e+02
1.710000e-06	5.788244e-09	2.685352e-09	2.948836e+01	3.054983e+02
1.720000e-06	5.842060e-09	2.706216e-09	2.976253e+01	3.082304e+02
1.730000e-06	5.894504e-09	2.726949e-09	3.002971e+01	3.108929e+02
1.740000e-06	5.945312e-09	2.747348e-09	3.028855e+01	3.134850e+02
1.750000e-06	5.994416e-09	2.767451e-09	3.053871e+01	3.160062e+02
1.760000e-06	6.042095e-09	2.787088e-09	3.078161e+01	3.184560e+02
1.770000e-06	6.088496e-09	2.805099e-09	3.101801e+01	3.208338e+02
1.780000e-06	6.133626e-09	2.821430e-09	3.124792e+01	3.231390e+02
1.790000e-06	6.177553e-09	2.837544e-09	3.147171e+01	3.253712e+02
1.800000e-06	6.220017e-09	2.855775e-09	3.168804e+01	3.275298e+02
1.810000e-06	6.260890e-09	2.874725e-09	3.189627e+01	3.296144e+02
1.820000e-06	6.300436e-09	2.891814e-09	3.209774e+01	3.316244e+02
1.830000e-06	6.338678e-09	2.905036e-09	3.229256e+01	3.335594e+02
1.840000e-06	6.375612e-09	2.916212e-09	3.248073e+01	3.354190e+02
1.850000e-06	6.411243e-09	2.927928e-09	3.266225e+01	3.372027e+02
1.860000e-06	6.445281e-09	2.939761e-09	3.283566e+01	3.389102e+02
1.870000e-06	6.477748e-09	2.952082e-09	3.300106e+01	3.405411e+02
1.880000e-06	6.508890e-09	2.964118e-09	3.315972e+01	3.420949e+02
1.890000e-06	6.538689e-09	2.976265e-09	3.331153e+01	3.435714e+02
1.900000e-06	6.567197e-09	2.988107e-09	3.345676e+01	3.449702e+02
1.910000e-06	6.594218e-09	2.997990e-09	3.359442e+01	3.462910e+02
1.920000e-06	6.619485e-09	3.004926e-09	3.372314e+01	3.475335e+02
1.930000e-06	6.643197e-09	3.009924e-09	3.384395e+01	3.486974e+02
1.940000e-06	6.665525e-09	3.015326e-09	3.395770e+01	3.497824e+02
1.950000e-06	6.686512e-09	3.021630e-09	3.406462e+01	3.507883e+02
1.960000e-06	6.706211e-09	3.027982e-09	3.416497e+01	3.517150e+02
1.970000e-06	6.724457e-09	3.033486e-09	3.425793e+01	3.525620e+02
1.980000e-06	6.741114e-09	3.038356e-09	3.434279e+01	3.533294e+02
1.990000e-06	6.756167e-09	3.043160e-09	3.441948e+01	3.540168e+02
2.000000e-06	6.769624e-09	3.047870e-09	3.448804e+01	3.546242e+02
2.010000e-06	6.781468e-09	3.051112e-09	3.454837e+01	3.551514e+02
2.020000e-06	6.791487e-09	3.051221e-09	3.459942e+01	3.555983e+02
2.030000e-06	6.799827e-09	3.049684e-09	3.464191e+01	3.559648e+02
2.040000e-06	6.806750e-09	3.049537e-09	3.467718e+01	3.562508e+02
2.050000e-06	6.812239e-09	3.050889e-09	3.470514e+01	3.564562e+02
2.060000e-06	6.816366e-09	3.052735e-09	3.472617e+01	3.565810e+02
2.070000e-06	6.818930e-09	3.052316e-09	3.473923e+01	3.566252e+02
2.080000e-06	6.819808e-09	3.050132e-09	3.474370e+01	3.565887e+02
2.090000e-06	6.819242e-09	3.048542e-09	3.474082e+01	3.564716e+02
2.100000e-06	6.817319e-09	3.047264e-09	3.473102e+01	3.562738e+02
2.110000e-06	6.814116e-09	3.046458e-09	3.471470e+01	3.559955e+02
2.120000e-06	6.809575e-09	3.041597e-09	3.469157e+01	3.556367e+02
2.130000e-06	6.803372e-09	3.034434e-09	3.465997e+01	3.551975e+02
2.140000e-06	6.795635e-09	3.027952e-09	3.462055e+01	3.546780e+02
2.150000e-06	6.786655e-09	3.023368e-09	3.457480e+01	3.540782e+02
2.160000e-06	6.776379e-09	3.017128e-09	3.452245e+01	3.533984e+02
2.170000e-06	6.764553e-09	3.017959e-09	3.446220e+01	3.526386e+02
2.180000e-06	6.750511e-09	3.037406e-09	3.439066e+01	3.517991e+02
2.190000e-06	6.733871e-09	3.034168e-09	3.430589e+01	3.508801e+02
2.200000e-06	6.715351e-09	2.964700e-09	3.421154e+01	3.498817e+02
2.210000e-06	6.696263e-09	2.940180e-09	3.411430e+01	3.488042e+02
2.220000e-06	6.676718e-09	2.970875e-09	3.401473e+01	3.476478e+02
2.230000e-06	6.655308e-09	2.973016e-09	3.390565e+01	3.464128e+02
2.240000e-06	6.631947e-09	2.904990e-09	3.378664e+01	3.450994e+02
2.250000e-06	6.607738e-09	2.926483e-09	3.366331e+01	3.437081e+02
2.260000e-06	6.582158e-09	2.978258e-09	3.353299e+01	3.422390e+02
2.270000e-06	6.554678e-09	2.857414e-09	3.339299e+01	3.406925e+02
2.280000e-06	6.526155e-09	2.857278e-09	3.324768e+01	3.390689e+02
2.290000e-06	6.496221e-09	2.950583e-09	3.309518e+01	3.373687e+02
2.300000e-06	6.464104e-09	2.849610e-09	3.293156e+01	3.355922e+02
2.310000e-06	6.430678e-09	2.814123e-09	3.276127e+01	3.337398e+02
2.320000e-06	6.396259e-09	2.892694e-09	3.258592e+01	3.318120e+02
2.330000e-06	6.360089e-09	2.799709e-09	3.240165e+01	3.298091e+02
2.340000e-06	6.322233e-09	2.761182e-09	3.220879e+01	3.277316e+02
2.350000e-06	6.283005e-09	2.825031e-09	3.200895e+01	3.255800e+02
2.360000e-06	6.242316e-09	2.740550e-09	3.180165e+01	3.233548e+02
2.370000e-06	6.200419e-09	2.715903e-09	3.158821e+01	3.210565e+02
2.380000e-06	6.157359e-09	2.784011e-09	3.136884e+01	3.186856e+02
2.390000e-06	6.112905e-09	2.704106e-09	3.114237e+01	3.162426e+02
2.400000e-06	6.067155e-09	2.699822e-09	3.090929e+01	3.137282e+02
2.410000e-06	6.019864e-09	2.710359e-09	3.066837e+01	3.111427e+02
2.420000e-06	5.971007e-09	2.604485e-09	3.041947e+01	3.084870e+02
2.430000e-06	5.920964e-09	2.629161e-09	3.016452e+01	3.057614e+02
2.440000e-06	5.869422e-09	2.629501e-09	2.990194e+01	3.029668e+02
2.450000e-06	5.816163e-09	2.552268e-09	2.963061e+01	3.001036e+02
2.460000e-06	5.761462e-09	2.572840e-09	2.935194e+01	2.971726e+02
2.470000e-06	5.705390e-09	2.540248e-09	2.906627e+01	2.941744e+02
2.480000e-06	5.648074e-09	2.481075e-09	2.877428e+01	2.911097e+02
2.490000e-06	5.589649e-09	2.492248e-09	2.847663e+01	2.879791e+02
2.500000e-06	5.530083e-09	2.440354e-09	2.817317e+01	2.847835e+02
2.510000e-06	5.469279e-09	2.400194e-09	2.786340e+01	2.815234e+02
2.520000e-06	5.407014e-09	2.389016e-09	2.754619e+01	2.781997e+02
2.530000e-06	5.343442e-09	2.355770e-09	2.722232e+01	2.748131e+02
2.540000e-06	5.278785e-09	2.342653e-09	2.689292e+01	2.713644e+02
2.550000e-06	5.212939e-09	2.299193e-09	2.655747e+01	2.678543e+02
2.560000e-06	5.145990e-09	2.262508e-09	2.621640e+01	2.642837e+02
2.570000e-06	5.077968e-09	2.228533e-09	2.586986e+01	2.606533e+02
2.580000e-06	5.008634e-09	2.190854e-09	2.551663e+01	2.569640e+02
2.590000e-06	4.937938e-09	2.180403e-09	2.515647e+01	2.532166e+02
2.600000e-06	4.866133e-09	2.139170e-09	2.479066e+01	2.494120e+02
2.610000e-06	4.793387e-09	2.103085e-09	2.442005e+01	2.455510e+02
2.620000e-06	4.719580e-09	2.072385e-09	2.404404e+01	2.416345e+02
2.630000e-06	4.644649e-09	2.022672e-09	2.366230e+01	2.376633e+02
2.640000e-06	4.568521e-09	1.998742e-09	2.327446e+01	2.336384e+02
2.650000e-06	4.491010e-09	1.961195e-09	2.287958e+01	2.295608e+02
2.660000e-06	4.412274e-09	1.918736e-09	2.247846e+01	2.254312e+02
2.670000e-06	4.332588e-09	1.895979e-09	2.207250e+01	2.212507e+02
2.680000e-06	4.252039e-09	1.856267e-09	2.166214e+01	2.170201e+02
2.690000e-06	4.170583e-09	1.824600e-09	2.124716e+01	2.127405e+02
2.700000e-06	4.088180e-09	1.782583e-09	2.082735e+01	2.084129e+02
2.710000e-06	4.005014e-09	1.732825e-09	2.040366e+01	2.040381e+02
2.720000e-06	3.921135e-09	1.696332e-09	1.997634e+01	1.996172e+02
2.730000e-06	3.836365e-09	1.655722e-09	1.954448e+01	1.951512e+02
2.740000e-06	3.750540e-09	1.624386e-09	1.910724e+01	1.906411e+02
2.750000e-06	3.663650e-09	1.581261e-09	1.866458e+01	1.860879e+02
2.760000e-06	3.575945e-09	1.535302e-09	1.821776e+01	1.814927e+02
2.770000e-06	3.487535e-09	1.494619e-09	1.776735e+01	1.768565e+02
2.780000e-06	3.398385e-09	1.451025e-09	1.731318e+01	1.721803e+02
2.790000e-06	3.308524e-09	1.415653e-09	1.685538e+01	1.674652e+02
2.800000e-06	3.217990e-09	1.372829e-09	1.639415e+01	1.627122e+02
2.810000e-06	3.126888e-09	1.330286e-09	1.593003e+01	1.579225e+02
2.820000e-06	3.035244e-09	1.291208e-09	1.546314e+01	1.530972e+02
2.830000e-06	2.942986e-09	1.246364e-09	1.499313e+01	1.482372e+02
2.840000e-06	2.849909e-09	1.202045e-09	1.451895e+01	1.433438e+02
2.850000e-06	2.755910e-09	1.155055e-09	1.404007e+01	1.384180e+02
2.860000e-06	2.661207e-09	1.109562e-09	1.355760e+01	1.334609e+02
2.870000e-06	2.565923e-09	1.069049e-09	1.307218e+01	1.284737e+02
2.880000e-06	2.470151e-09	1.028773e-09	1.258426e+01	1.234575e+02
2.890000e-06	2.373973e-09	9.888053e-10	1.209428e+01	1.184134e+02
2.900000e-06	2.277326e-09	9.419274e-10	1.160191e+01	1.133425e+02
2.910000e-06	2.180165e-09	8.905499e-10	1.110692e+01	1.082461e+02
2.920000e-06	2.082466e-09	8.410601e-10	1.060919e+01	1.031253e+02
2.930000e-06	1.984303e-09	7.958657e-10	1.010910e+01	9.798115e+01
2.940000e-06	1.885760e-09	7.517275e-10	9.607067e+00	9.281492e+01
2.950000e-06	1.786883e-09	7.030491e-10	9.103332e+00	8.762775e+01
2.960000e-06	1.687734e-09	6.565665e-10	8.598218e+00	8.242082e+01
2.970000e-06	1.588328e-09	6.112323e-10	8.091789e+00	7.719530e+01
2.980000e-06	1.488643e-09	5.676705e-10	7.583942e+00	7.195238e+01
2.990000e-06	1.388649e-09	5.246451e-10	7.074520e+00	6.669324e+01
3.000000e-06	1.288334e-09	4.783272e-10	6.563462e+00	6.141907e+01
3.010000e-06	1.187696e-09	4.302792e-10	6.050759e+00	5.613107e+01
3.020000e-06	1.086721e-09	3.805028e-10	5.536340e+00	5.083044e+01
3.030000e-06	9.853794e-10	3.327906e-10	5.020053e+00	4.551836e+01
3.040000e-06	8.836704e-10	2.867705e-10	4.501894e+00	4.019605e+01
3.050000e-06	7.816667e-10	2.409044e-10	3.982234e+00	3.486471e+01
3.060000e-06	6.794569e-10	1.944331e-10	3.461524e+00	2.952555e+01
3.070000e-06	5.770680e-10	1.489573e-10	2.939902e+00	2.417978e+01
3.080000e-06	4.744992e-10	1.051983e-10	2.417363e+00	1.882860e+01
3.090000e-06	3.717993e-10	5.838484e-11	1.894155e+00	1.347322e+01
3.100000e-06	2.690292e-10	8.702019e-12	1.370590e+00	8.114864e+00
3.110000e-06	1.662367e-10	-4.188420e-11	8.469106e-01	2.754738e+00
3.120000e-06	6.342229e-11	-9.093327e-11	3.231195e-01	-2.605943e+00
3.130000e-06	-3.940702e-11	-1.355718e-10	-2.007472e-01	-7.965967e+00
3.140000e-06	-1.422286e-10	-1.774094e-10	-7.245744e-01	-1.332412e+01
3.150000e-06	-2.450056e-10	-2.191208e-10	-1.248175e+00	-1.867919e+01
3.160000e-06	-3.476813e-10	-2.618478e-10	-1.771259e+00	-2.402996e+01
3.170000e-06	-4.502317e-10	-3.069600e-10	-2.293705e+00	-2.937523e+01
3.180000e-06	-5.526525e-10	-3.524721e-10	-2.815490e+00	-3.471378e+01
3.190000e-06	-6.549164e-10	-3.974910e-10	-3.336476e+00	-4.004441e+01
3.200000e-06	-7.569479e-10	-4.440612e-10	-3.856278e+00	-4.536590e+01
3.210000e-06	-8.586908e-10	-4.909935e-10	-4.374609e+00	-5.067706e+01
3.220000e-06	-9.601228e-10	-5.363972e-10	-4.891356e+00	-5.597669e+01
3.230000e-06	-1.061232e-09	-5.790696e-10	-5.406457e+00	-6.126357e+01
3.240000e-06	-1.162033e-09	-6.203872e-10	-5.919991e+00	-6.653652e+01
3.250000e-06	-1.262514e-09	-6.621104e-10	-6.431894e+00	-7.179435e+01
3.260000e-06	-1.362662e-09	-7.062185e-10	-6.942104e+00	-7.703586e+01
3.270000e-06	-1.462508e-09	-7.521926e-10	-7.450771e+00	-8.225986e+01
3.280000e-06	-1.562077e-09	-7.981908e-10	-7.958028e+00	-8.746518e+01
3.290000e-06	-1.661375e-09	-8.432348e-10	-8.463905e+00	-9.265063e+01
3.300000e-06	-1.760380e-09	-8.843619e-10	-8.968290e+00	-9.781505e+01
3.310000e-06	-1.859041e-09	-9.223927e-10	-9.470924e+00	-1.029573e+02
3.320000e-06	-1.957310e-09	-9.612054e-10	-9.971557e+00	-1.080761e+02
3.330000e-06	-2.055168e-09	-1.002392e-09	-1.047009e+01	-1.131704e+02
3.340000e-06	-2.152578e-09	-1.045704e-09	-1.096635e+01	-1.182390e+02
3.350000e-06	-2.249509e-09	-1.089486e-09	-1.146017e+01	-1.232808e+02
3.360000e-06	-2.345957e-09	-1.133415e-09	-1.195153e+01	-1.282947e+02
3.370000e-06	-2.441964e-09	-1.176880e-09	-1.244064e+01	-1.332794e+02
3.380000e-06	-2.537583e-09	-1.217847e-09	-1.292778e+01	-1.382339e+02
3.390000e-06	-2.632772e-09	-1.255697e-09	-1.341272e+01	-1.431570e+02
3.400000e-06	-2.727333e-09	-1.291101e-09	-1.389446e+01	-1.480477e+02
3.410000e-06	-2.821018e-09	-1.327811e-09	-1.437174e+01	-1.529048e+02
3.420000e-06	-2.913788e-09	-1.368066e-09	-1.484436e+01	-1.577272e+02
3.430000e-06	-3.005800e-09	-1.410509e-09	-1.531312e+01	-1.625138e+02
3.440000e-06	-3.097215e-09	-1.452686e-09	-1.577883e+01	-1.672636e+02
3.450000e-06	-3.188043e-09	-1.491986e-09	-1.624156e+01	-1.719755e+02
3.460000e-06	-3.278180e-09	-1.528747e-09	-1.670076e+01	-1.766484e+02
3.470000e-06	-3.367540e-09	-1.565174e-09	-1.715602e+01	-1.812812e+02
3.480000e-06	-3.456127e-09	-1.602620e-09	-1.760732e+01	-1.858730e+02
3.490000e-06	-3.544051e-09	-1.639650e-09	-1.805525e+01	-1.904226e+02
3.500000e-06	-3.631399e-09	-1.674889e-09	-1.850025e+01	-1.949290e+02
3.510000e-06	-3.718001e-09	-1.710622e-09	-1.894145e+01	-1.993913e+02
3.520000e-06	-3.803537e-09	-1.749150e-09	-1.937721e+01	-2.038083e+02
3.530000e-06	-3.887966e-09	-1.788351e-09	-1.980734e+01	-2.081792e+02
3.540000e-06	-3.971553e-09	-1.824570e-09	-2.023318e+01	-2.125028e+02
3.550000e-06	-4.054414e-09	-1.856294e-09	-2.065532e+01	-2.167783e+02
3.560000e-06	-4.136446e-09	-1.885750e-09	-2.107323e+01	-2.210047e+02
3.570000e-06	-4.217555e-09	-1.917280e-09	-2.148644e+01	-2.251810e+02
3.580000e-06	-4.297789e-09	-1.951014e-09	-2.189519e+01	-2.293063e+02
3.590000e-06	-4.377229e-09	-1.985075e-09	-2.229990e+01	-2.333795e+02
3.600000e-06	-4.455683e-09	-2.018805e-09	-2.269959e+01	-2.373999e+02
3.610000e-06	-4.532818e-09	-2.051567e-09	-2.309256e+01	-2.413665e+02
3.620000e-06	-4.608636e-09	-2.083806e-09	-2.347882e+01	-2.452784e+02
3.630000e-06	-4.683328e-09	-2.116156e-09	-2.385934e+01	-2.491348e+02
3.640000e-06	-4.756982e-09	-2.147244e-09	-2.423457e+01	-2.529346e+02
3.650000e-06	-4.829625e-09	-2.175691e-09	-2.460465e+01	-2.566772e+02
3.660000e-06	-4.901332e-09	-2.202972e-09	-2.496996e+01	-2.603616e+02
3.670000e-06	-4.972007e-09	-2.232337e-09	-2.533002e+01	-2.639870e+02
3.680000e-06	-5.041322e-09	-2.263824e-09	-2.568315e+01	-2.675525e+02
3.690000e-06	-5.109359e-09	-2.294076e-09	-2.602976e+01	-2.710575e+02
3.700000e-06	-5.176376e-09	-2.320915e-09	-2.637118e+01	-2.745010e+02
3.710000e-06	-5.242335e-09	-2.346586e-09	-2.670721e+01	-2.778824e+02
3.720000e-06	-5.307176e-09	-2.372913e-09	-2.703755e+01	-2.812007e+02
3.730000e-06	-5.370978e-09	-2.400405e-09	-2.736259e+01	-2.844554e+02
3.740000e-06	-5.433596e-09	-2.427363e-09	-2.768160e+01	-2.876456e+02
3.750000e-06	-5.494704e-09	-2.452428e-09	-2.799292e+01	-2.907707e+02
3.760000e-06	-5.554485e-09	-2.477815e-09	-2.829747e+01	-2.938298e+02
3.770000e-06	-5.613198e-09	-2.504916e-09	-2.859659e+01	-2.968224e+02
3.780000e-06	-5.670714e-09	-2.530813e-09	-2.888960e+01	-2.997478e+02
3.790000e-06	-5.727011e-09	-2.551775e-09	-2.917641e+01	-3.026052e+02
3.800000e-06	-5.782106e-09	-2.569468e-09	-2.945709e+01	-3.053941e+02
3.810000e-06	-5.835661e-09	-2.586947e-09	-2.972993e+01	-3.081138e+02
3.820000e-06	-5.887582e-09	-2.607357e-09	-2.999444e+01	-3.107637e+02
3.830000e-06	-5.938091e-09	-2.630238e-09	-3.025176e+01	-3.133432e+02
3.840000e-06	-5.987031e-09	-2.651556e-09	-3.050109e+01	-3.158517e+02
3.850000e-06	-6.034223e-09	-2.670221e-09	-3.074151e+01	-3.182886e+02
3.860000e-06	-6.080039e-09	-2.687512e-09	-3.097492e+01	-3.206534e+02
3.870000e-06	-6.124748e-09	-2.704304e-09	-3.120270e+01	-3.229456e+02
3.880000e-06	-6.168360e-09	-2.720842e-09	-3.142488e+01	-3.251647e+02
3.890000e-06	-6.210839e-09	-2.736275e-09	-3.164129e+01	-3.273100e+02
3.900000e-06	-6.252019e-09	-2.750067e-09	-3.185108e+01	-3.293813e+02
3.910000e-06	-6.291945e-09	-2.764417e-09	-3.205448e+01	-3.313779e+02
3.920000e-06	-6.330518e-09	-2.781197e-09	-3.225100e+01	-3.332994e+02
3.930000e-06	-6.367447e-09	-2.798368e-09	-3.243913e+01	-3.351454e+02
3.940000e-06	-6.402902e-09	-2.812937e-09	-3.261976e+01	-3.369155e+02
3.950000e-06	-6.437051e-09	-2.825570e-09	-3.279373e+01	-3.386093e+02
3.960000e-06	-6.469803e-09	-2.838015e-09	-3.296059e+01	-3.402264e+02
3.970000e-06	-6.501170e-09	-2.850466e-09	-3.312039e+01	-3.417664e+02
3.980000e-06	-6.530913e-09	-2.862330e-09	-3.327191e+01	-3.432290e+02
3.990000e-06	-6.559040e-09	-2.872047e-09	-3.341521e+01	-3.446139e+02
4.000000e-06	-6.585808e-09	-2.880979e-09	-3.355158e+01	-3.459206e+02
4.010000e-06	-6.611140e-09	-2.891989e-09	-3.368063e+01	-3.471491e+02
4.020000e-06	-6.635090e-09	-2.903865e-09	-3.380265e+01	-3.482988e+02
4.030000e-06	-6.657570e-09	-2.913182e-09	-3.391717e+01	-3.493697e+02
4.040000e-06	-6.678364e-09	-2.919860e-09	-3.402311e+01	-3.503615e+02
4.050000e-06	-6.697688e-09	-2.925240e-09	-3.412156e+01	-3.512738e+02
4.060000e-06	-6.715680e-09	-2.932803e-09	-3.421322e+01	-3.521066e+02
4.070000e-06	-6.732271e-09	-2.942009e-09	-3.429774e+01	-3.528597e+02
4.080000e-06	-6.747338e-09	-2.949636e-09	-3.437450e+01	-3.535328e+02
4.090000e-06	-6.760550e-09	-2.954775e-09	-3.444181e+01	-3.541258e+02
4.100000e-06	-6.772020e-09	-2.958929e-09	-3.450024e+01	-3.546386e+02
4.110000e-06	-6.782040e-09	-2.965675e-09	-3.455129e+01	-3.550711e+02
4.120000e-06	-6.790631e-09	-2.971106e-09	-3.459505e+01	-3.554232e+02
4.130000e-06	-6.797809e-09	-2.972002e-09	-3.463163e+01	-3.556947e+02
4.140000e-06	-6.803340e-09	-2.970444e-09	-3.465980e+01	-3.558857e+02
4.150000e-06	-6.807258e-09	-2.969627e-09	-3.467977e+01	-3.559960e+02
4.160000e-06	-6.809815e-09	-2.972544e-09	-3.469279e+01	-3.560257e+02
4.170000e-06	-6.810956e-09	-2.975282e-09	-3.469860e+01	-3.559748e+02
