# Temperatura_=_20.0
# Concentracion g/m^3_=_10000.0
# C_Vs_to_Am_M_A/Vsm_=_116720831517.84952
# pendiente_HvsI_1/m_=_3716.3
# ordenada_HvsI_A/m_=_1297.0
# frecuencia_Hz_=_135388.3534700244
# Promedio de 22 ciclos

Tiempo_(s)	Campo_(V.s)	Magnetizacion_(V.s)	Campo_(kA/m)	Magnetizacion_(A/m)
0.000000e+00	-8.211481e-09	-3.485164e-09	-4.213967e+01	-4.165642e+02
1.000000e-08	-8.211447e-09	-3.486109e-09	-4.213950e+01	-4.165475e+02
2.000000e-08	-8.211075e-09	-3.490243e-09	-4.213759e+01	-4.165007e+02
3.000000e-08	-8.210255e-09	-3.493302e-09	-4.213338e+01	-4.164237e+02
4.000000e-08	-8.208779e-09	-3.493439e-09	-4.212581e+01	-4.163165e+02
5.000000e-08	-8.206497e-09	-3.491179e-09	-4.211410e+01	-4.161791e+02
6.000000e-08	-8.203401e-09	-3.487029e-09	-4.209821e+01	-4.160116e+02
7.000000e-08	-8.199629e-09	-3.487254e-09	-4.207885e+01	-4.158140e+02
8.000000e-08	-8.195358e-09	-3.498629e-09	-4.205693e+01	-4.155862e+02
9.000000e-08	-8.190504e-09	-3.491496e-09	-4.203202e+01	-4.153284e+02
1.000000e-07	-8.184754e-09	-3.441875e-09	-4.200252e+01	-4.150405e+02
1.100000e-07	-8.178039e-09	-3.418711e-09	-4.196805e+01	-4.147224e+02
1.200000e-07	-8.170844e-09	-3.496667e-09	-4.193113e+01	-4.143744e+02
1.300000e-07	-8.163614e-09	-3.517519e-09	-4.189403e+01	-4.139963e+02
1.400000e-07	-8.156105e-09	-3.457086e-09	-4.185549e+01	-4.135883e+02
1.500000e-07	-8.147979e-09	-3.410928e-09	-4.181379e+01	-4.131503e+02
1.600000e-07	-8.139302e-09	-3.495389e-09	-4.176926e+01	-4.126823e+02
1.700000e-07	-8.130193e-09	-3.529218e-09	-4.172252e+01	-4.121845e+02
1.800000e-07	-8.120288e-09	-3.396881e-09	-4.167169e+01	-4.116568e+02
1.900000e-07	-8.109279e-09	-3.393437e-09	-4.161519e+01	-4.110993e+02
2.000000e-07	-8.097527e-09	-3.507605e-09	-4.155488e+01	-4.105120e+02
2.100000e-07	-8.085397e-09	-3.529523e-09	-4.149263e+01	-4.098950e+02
2.200000e-07	-8.072699e-09	-3.401935e-09	-4.142747e+01	-4.092483e+02
2.300000e-07	-8.059237e-09	-3.426410e-09	-4.135839e+01	-4.085719e+02
2.400000e-07	-8.045211e-09	-3.479888e-09	-4.128641e+01	-4.078660e+02
2.500000e-07	-8.030598e-09	-3.414224e-09	-4.121142e+01	-4.071305e+02
2.600000e-07	-8.015000e-09	-3.355883e-09	-4.113137e+01	-4.063655e+02
2.700000e-07	-7.998416e-09	-3.434326e-09	-4.104626e+01	-4.055710e+02
2.800000e-07	-7.981211e-09	-3.446952e-09	-4.095797e+01	-4.047472e+02
2.900000e-07	-7.963499e-09	-3.381597e-09	-4.086708e+01	-4.038941e+02
3.000000e-07	-7.945361e-09	-3.401627e-09	-4.077400e+01	-4.030117e+02
3.100000e-07	-7.926846e-09	-3.418670e-09	-4.067898e+01	-4.021001e+02
3.200000e-07	-7.907798e-09	-3.334429e-09	-4.058123e+01	-4.011594e+02
3.300000e-07	-7.888133e-09	-3.324621e-09	-4.048031e+01	-4.001896e+02
3.400000e-07	-7.868034e-09	-3.410254e-09	-4.037717e+01	-3.991909e+02
3.500000e-07	-7.847593e-09	-3.369517e-09	-4.027227e+01	-3.981632e+02
3.600000e-07	-7.826667e-09	-3.295170e-09	-4.016488e+01	-3.971067e+02
3.700000e-07	-7.805183e-09	-3.334374e-09	-4.005463e+01	-3.960214e+02
3.800000e-07	-7.783185e-09	-3.349532e-09	-3.994174e+01	-3.949074e+02
3.900000e-07	-7.760589e-09	-3.275677e-09	-3.982578e+01	-3.937649e+02
4.000000e-07	-7.737381e-09	-3.288107e-09	-3.970668e+01	-3.925938e+02
4.100000e-07	-7.713662e-09	-3.311143e-09	-3.958496e+01	-3.913942e+02
4.200000e-07	-7.689501e-09	-3.281106e-09	-3.946097e+01	-3.901663e+02
4.300000e-07	-7.664924e-09	-3.279882e-09	-3.933485e+01	-3.889102e+02
4.400000e-07	-7.639871e-09	-3.301960e-09	-3.920628e+01	-3.876258e+02
4.500000e-07	-7.614115e-09	-3.240991e-09	-3.907411e+01	-3.863134e+02
4.600000e-07	-7.587450e-09	-3.217714e-09	-3.893726e+01	-3.849730e+02
4.700000e-07	-7.560005e-09	-3.246889e-09	-3.879642e+01	-3.836047e+02
4.800000e-07	-7.532058e-09	-3.238146e-09	-3.865300e+01	-3.822086e+02
4.900000e-07	-7.503736e-09	-3.206564e-09	-3.850766e+01	-3.807849e+02
5.000000e-07	-7.475032e-09	-3.221827e-09	-3.836036e+01	-3.793335e+02
5.100000e-07	-7.445879e-09	-3.203341e-09	-3.821075e+01	-3.778547e+02
5.200000e-07	-7.416184e-09	-3.176900e-09	-3.805836e+01	-3.763485e+02
5.300000e-07	-7.385935e-09	-3.175251e-09	-3.790313e+01	-3.748150e+02
5.400000e-07	-7.355171e-09	-3.167104e-09	-3.774525e+01	-3.732544e+02
5.500000e-07	-7.323879e-09	-3.140718e-09	-3.758467e+01	-3.716668e+02
5.600000e-07	-7.292089e-09	-3.142109e-09	-3.742153e+01	-3.700522e+02
5.700000e-07	-7.259922e-09	-3.130373e-09	-3.725645e+01	-3.684108e+02
5.800000e-07	-7.227434e-09	-3.108019e-09	-3.708973e+01	-3.667427e+02
5.900000e-07	-7.194466e-09	-3.099948e-09	-3.692055e+01	-3.650481e+02
6.000000e-07	-7.160813e-09	-3.087430e-09	-3.674785e+01	-3.633270e+02
6.100000e-07	-7.126391e-09	-3.066835e-09	-3.657120e+01	-3.615796e+02
6.200000e-07	-7.091227e-09	-3.060718e-09	-3.639075e+01	-3.598060e+02
6.300000e-07	-7.055481e-09	-3.050552e-09	-3.620731e+01	-3.580063e+02
6.400000e-07	-7.019335e-09	-3.029839e-09	-3.602181e+01	-3.561807e+02
6.500000e-07	-6.982844e-09	-3.015163e-09	-3.583454e+01	-3.543293e+02
6.600000e-07	-6.945920e-09	-2.998706e-09	-3.564506e+01	-3.524522e+02
6.700000e-07	-6.908479e-09	-2.984180e-09	-3.545292e+01	-3.505496e+02
6.800000e-07	-6.870528e-09	-2.973680e-09	-3.525816e+01	-3.486216e+02
6.900000e-07	-6.832081e-09	-2.962174e-09	-3.506086e+01	-3.466683e+02
7.000000e-07	-6.793108e-09	-2.938445e-09	-3.486086e+01	-3.446899e+02
7.100000e-07	-6.753635e-09	-2.921873e-09	-3.465829e+01	-3.426866e+02
7.200000e-07	-6.713762e-09	-2.903858e-09	-3.445367e+01	-3.406584e+02
7.300000e-07	-6.673593e-09	-2.890674e-09	-3.424753e+01	-3.386055e+02
7.400000e-07	-6.633140e-09	-2.875680e-09	-3.403993e+01	-3.365281e+02
7.500000e-07	-6.592268e-09	-2.861885e-09	-3.383018e+01	-3.344263e+02
7.600000e-07	-6.550797e-09	-2.842510e-09	-3.361736e+01	-3.323003e+02
7.700000e-07	-6.508613e-09	-2.829022e-09	-3.340089e+01	-3.301503e+02
7.800000e-07	-6.465695e-09	-2.810691e-09	-3.318064e+01	-3.279763e+02
7.900000e-07	-6.422163e-09	-2.793663e-09	-3.295724e+01	-3.257785e+02
8.000000e-07	-6.378170e-09	-2.773153e-09	-3.273148e+01	-3.235571e+02
8.100000e-07	-6.333798e-09	-2.755312e-09	-3.250377e+01	-3.213123e+02
8.200000e-07	-6.289065e-09	-2.735911e-09	-3.227421e+01	-3.190442e+02
8.300000e-07	-6.243920e-09	-2.722229e-09	-3.204253e+01	-3.167530e+02
8.400000e-07	-6.198320e-09	-2.704832e-09	-3.180852e+01	-3.144389e+02
8.500000e-07	-6.152267e-09	-2.684522e-09	-3.157219e+01	-3.121020e+02
8.600000e-07	-6.105769e-09	-2.663103e-09	-3.133357e+01	-3.097424e+02
8.700000e-07	-6.058826e-09	-2.646380e-09	-3.109267e+01	-3.073604e+02
8.800000e-07	-6.011487e-09	-2.628858e-09	-3.084973e+01	-3.049562e+02
8.900000e-07	-5.963792e-09	-2.609329e-09	-3.060497e+01	-3.025298e+02
9.000000e-07	-5.915737e-09	-2.585463e-09	-3.035836e+01	-3.000815e+02
9.100000e-07	-5.867282e-09	-2.561952e-09	-3.010970e+01	-2.976115e+02
9.200000e-07	-5.818347e-09	-2.541935e-09	-2.985858e+01	-2.951199e+02
9.300000e-07	-5.768806e-09	-2.526327e-09	-2.960434e+01	-2.926070e+02
9.400000e-07	-5.718603e-09	-2.510822e-09	-2.934671e+01	-2.900728e+02
9.500000e-07	-5.667738e-09	-2.492452e-09	-2.908568e+01	-2.875176e+02
9.600000e-07	-5.616278e-09	-2.471674e-09	-2.882160e+01	-2.849416e+02
9.700000e-07	-5.564339e-09	-2.446370e-09	-2.855506e+01	-2.823449e+02
9.800000e-07	-5.511962e-09	-2.420749e-09	-2.828627e+01	-2.797278e+02
9.900000e-07	-5.459173e-09	-2.396243e-09	-2.801537e+01	-2.770904e+02
1.000000e-06	-5.405982e-09	-2.377517e-09	-2.774240e+01	-2.744329e+02
1.010000e-06	-5.352420e-09	-2.360589e-09	-2.746753e+01	-2.717556e+02
1.020000e-06	-5.298534e-09	-2.344741e-09	-2.719100e+01	-2.690585e+02
1.030000e-06	-5.244297e-09	-2.324449e-09	-2.691267e+01	-2.663420e+02
1.040000e-06	-5.189696e-09	-2.301301e-09	-2.663247e+01	-2.636061e+02
1.050000e-06	-5.134723e-09	-2.273652e-09	-2.635035e+01	-2.608512e+02
1.060000e-06	-5.079353e-09	-2.246816e-09	-2.606621e+01	-2.580773e+02
1.070000e-06	-5.023629e-09	-2.220525e-09	-2.578024e+01	-2.552848e+02
1.080000e-06	-4.967612e-09	-2.198287e-09	-2.549277e+01	-2.524737e+02
1.090000e-06	-4.911341e-09	-2.176668e-09	-2.520400e+01	-2.496444e+02
1.100000e-06	-4.854811e-09	-2.156563e-09	-2.491390e+01	-2.467969e+02
1.110000e-06	-4.797989e-09	-2.133650e-09	-2.462230e+01	-2.439316e+02
1.120000e-06	-4.740815e-09	-2.110025e-09	-2.432890e+01	-2.410486e+02
1.130000e-06	-4.683200e-09	-2.083957e-09	-2.403322e+01	-2.381481e+02
1.140000e-06	-4.625074e-09	-2.059493e-09	-2.373494e+01	-2.352303e+02
1.150000e-06	-4.566444e-09	-2.036583e-09	-2.343406e+01	-2.322956e+02
1.160000e-06	-4.507365e-09	-2.014368e-09	-2.313088e+01	-2.293439e+02
1.170000e-06	-4.447896e-09	-1.987612e-09	-2.282570e+01	-2.263757e+02
1.180000e-06	-4.388105e-09	-1.960829e-09	-2.251886e+01	-2.233910e+02
1.190000e-06	-4.328042e-09	-1.935801e-09	-2.221063e+01	-2.203902e+02
1.200000e-06	-4.267737e-09	-1.913523e-09	-2.190116e+01	-2.173734e+02
1.210000e-06	-4.207205e-09	-1.891558e-09	-2.159052e+01	-2.143408e+02
1.220000e-06	-4.146434e-09	-1.868389e-09	-2.127865e+01	-2.112927e+02
1.230000e-06	-4.085383e-09	-1.844662e-09	-2.096535e+01	-2.082293e+02
1.240000e-06	-4.024029e-09	-1.819466e-09	-2.065049e+01	-2.051507e+02
1.250000e-06	-3.962406e-09	-1.793484e-09	-2.033426e+01	-2.020574e+02
1.260000e-06	-3.900527e-09	-1.765665e-09	-2.001671e+01	-1.989493e+02
1.270000e-06	-3.838380e-09	-1.736563e-09	-1.969778e+01	-1.958269e+02
1.280000e-06	-3.775966e-09	-1.709752e-09	-1.937748e+01	-1.926902e+02
1.290000e-06	-3.713291e-09	-1.686227e-09	-1.905585e+01	-1.895396e+02
1.300000e-06	-3.650361e-09	-1.665691e-09	-1.873290e+01	-1.863752e+02
1.310000e-06	-3.587183e-09	-1.645007e-09	-1.840869e+01	-1.831973e+02
1.320000e-06	-3.523773e-09	-1.618353e-09	-1.808328e+01	-1.800062e+02
1.330000e-06	-3.460129e-09	-1.587206e-09	-1.775667e+01	-1.768019e+02
1.340000e-06	-3.396257e-09	-1.555506e-09	-1.742889e+01	-1.735849e+02
1.350000e-06	-3.332188e-09	-1.528273e-09	-1.710010e+01	-1.703553e+02
1.360000e-06	-3.267932e-09	-1.504566e-09	-1.677035e+01	-1.671133e+02
1.370000e-06	-3.203504e-09	-1.482669e-09	-1.643972e+01	-1.638592e+02
1.380000e-06	-3.138931e-09	-1.457883e-09	-1.610834e+01	-1.605933e+02
1.390000e-06	-3.074182e-09	-1.431233e-09	-1.577607e+01	-1.573157e+02
1.400000e-06	-3.009200e-09	-1.403667e-09	-1.544259e+01	-1.540266e+02
1.410000e-06	-2.943996e-09	-1.376285e-09	-1.510797e+01	-1.507264e+02
1.420000e-06	-2.878569e-09	-1.345886e-09	-1.477222e+01	-1.474153e+02
1.430000e-06	-2.812862e-09	-1.315384e-09	-1.443502e+01	-1.440935e+02
1.440000e-06	-2.746881e-09	-1.287686e-09	-1.409642e+01	-1.407612e+02
1.450000e-06	-2.680610e-09	-1.266388e-09	-1.375634e+01	-1.374188e+02
1.460000e-06	-2.614050e-09	-1.247155e-09	-1.341476e+01	-1.340663e+02
1.470000e-06	-2.547227e-09	-1.223949e-09	-1.307184e+01	-1.307041e+02
1.480000e-06	-2.480141e-09	-1.193499e-09	-1.272757e+01	-1.273325e+02
1.490000e-06	-2.412803e-09	-1.159796e-09	-1.238200e+01	-1.239516e+02
1.500000e-06	-2.345231e-09	-1.127214e-09	-1.203524e+01	-1.205617e+02
1.510000e-06	-2.277486e-09	-1.099332e-09	-1.168759e+01	-1.171631e+02
1.520000e-06	-2.209610e-09	-1.074177e-09	-1.133926e+01	-1.137560e+02
1.530000e-06	-2.141629e-09	-1.050996e-09	-1.099039e+01	-1.103406e+02
1.540000e-06	-2.073548e-09	-1.029097e-09	-1.064101e+01	-1.069172e+02
1.550000e-06	-2.005362e-09	-1.004926e-09	-1.029110e+01	-1.034860e+02
1.560000e-06	-1.937092e-09	-9.775768e-10	-9.940748e+00	-1.000473e+02
1.570000e-06	-1.868744e-09	-9.466974e-10	-9.590003e+00	-9.660141e+01
1.580000e-06	-1.800312e-09	-9.134459e-10	-9.238821e+00	-9.314846e+01
1.590000e-06	-1.731805e-09	-8.806096e-10	-8.887258e+00	-8.968875e+01
1.600000e-06	-1.663216e-09	-8.500913e-10	-8.535271e+00	-8.622253e+01
1.610000e-06	-1.594530e-09	-8.210660e-10	-8.182786e+00	-8.275005e+01
1.620000e-06	-1.525742e-09	-7.955777e-10	-7.829780e+00	-7.927155e+01
1.630000e-06	-1.456830e-09	-7.718146e-10	-7.476140e+00	-7.578730e+01
1.640000e-06	-1.387813e-09	-7.453441e-10	-7.121955e+00	-7.229754e+01
1.650000e-06	-1.318700e-09	-7.165262e-10	-6.767285e+00	-6.880252e+01
1.660000e-06	-1.249508e-09	-6.877037e-10	-6.412201e+00	-6.530251e+01
1.670000e-06	-1.180249e-09	-6.591916e-10	-6.056781e+00	-6.179774e+01
1.680000e-06	-1.110918e-09	-6.291232e-10	-5.700987e+00	-5.828849e+01
1.690000e-06	-1.041541e-09	-5.936289e-10	-5.344960e+00	-5.477499e+01
1.700000e-06	-9.721206e-10	-5.560255e-10	-4.988706e+00	-5.125751e+01
1.710000e-06	-9.026350e-10	-5.227105e-10	-4.632120e+00	-4.773629e+01
1.720000e-06	-8.330739e-10	-4.969735e-10	-4.275147e+00	-4.421160e+01
1.730000e-06	-7.634357e-10	-4.750720e-10	-3.917778e+00	-4.068369e+01
1.740000e-06	-6.937460e-10	-4.520901e-10	-3.560144e+00	-3.715281e+01
1.750000e-06	-6.240223e-10	-4.243496e-10	-3.202336e+00	-3.361923e+01
1.760000e-06	-5.542432e-10	-3.907778e-10	-2.844244e+00	-3.008318e+01
1.770000e-06	-4.843879e-10	-3.531321e-10	-2.485761e+00	-2.654494e+01
1.780000e-06	-4.144951e-10	-3.138007e-10	-2.127085e+00	-2.300476e+01
1.790000e-06	-3.445914e-10	-2.763740e-10	-1.768353e+00	-1.946289e+01
1.800000e-06	-2.746655e-10	-2.461628e-10	-1.409508e+00	-1.591960e+01
1.810000e-06	-2.047258e-10	-2.235817e-10	-1.050592e+00	-1.237513e+01
1.820000e-06	-1.347748e-10	-2.041214e-10	-6.916172e-01	-8.829740e+00
1.830000e-06	-6.484807e-11	-1.803194e-10	-3.327671e-01	-5.283693e+00
1.840000e-06	5.041135e-12	-1.495084e-10	2.589031e-02	-1.737243e+00
1.850000e-06	7.490908e-11	-1.109185e-10	3.844387e-01	1.809353e+00
1.860000e-06	1.447605e-10	-7.025977e-11	7.429022e-01	5.355840e+00
1.870000e-06	2.146254e-10	-3.430568e-11	1.101434e+00	8.901959e+00
1.880000e-06	2.844876e-10	-3.762098e-12	1.459953e+00	1.244745e+01
1.890000e-06	3.543384e-10	2.489598e-11	1.818414e+00	1.599207e+01
1.900000e-06	4.241765e-10	5.406585e-11	2.176809e+00	1.953555e+01
1.910000e-06	4.939898e-10	8.453547e-11	2.535077e+00	2.307763e+01
1.920000e-06	5.637688e-10	1.164650e-10	2.893169e+00	2.661807e+01
1.930000e-06	6.334977e-10	1.493773e-10	3.251003e+00	3.015660e+01
1.940000e-06	7.031721e-10	1.831426e-10	3.608558e+00	3.369296e+01
1.950000e-06	7.727862e-10	2.167782e-10	3.965804e+00	3.722691e+01
1.960000e-06	8.423290e-10	2.489694e-10	4.322683e+00	4.075818e+01
1.970000e-06	9.117812e-10	2.793278e-10	4.679098e+00	4.428653e+01
1.980000e-06	9.811314e-10	3.103815e-10	5.034989e+00	4.781169e+01
1.990000e-06	1.050413e-09	3.434334e-10	5.390530e+00	5.133341e+01
2.000000e-06	1.119619e-09	3.774061e-10	5.745680e+00	5.485143e+01
2.010000e-06	1.188747e-09	4.100975e-10	6.100429e+00	5.836550e+01
2.020000e-06	1.257818e-09	4.405813e-10	6.454890e+00	6.187537e+01
2.030000e-06	1.326812e-09	4.709811e-10	6.808952e+00	6.538078e+01
2.040000e-06	1.395734e-09	5.023490e-10	7.162649e+00	6.888148e+01
2.050000e-06	1.464569e-09	5.338698e-10	7.515894e+00	7.237722e+01
2.060000e-06	1.533309e-09	5.660835e-10	7.868653e+00	7.586773e+01
2.070000e-06	1.601968e-09	5.990040e-10	8.221001e+00	7.935277e+01
2.080000e-06	1.670535e-09	6.319277e-10	8.572873e+00	8.283209e+01
2.090000e-06	1.739000e-09	6.634553e-10	8.924222e+00	8.630544e+01
2.100000e-06	1.807348e-09	6.951935e-10	9.274968e+00	8.977256e+01
2.110000e-06	1.875600e-09	7.266309e-10	9.625228e+00	9.323320e+01
2.120000e-06	1.943751e-09	7.589617e-10	9.974966e+00	9.668711e+01
2.130000e-06	2.011775e-09	7.929902e-10	1.032405e+01	1.001340e+02
2.140000e-06	2.079697e-09	8.272661e-10	1.067261e+01	1.035737e+02
2.150000e-06	2.147526e-09	8.594568e-10	1.102070e+01	1.070060e+02
2.160000e-06	2.215242e-09	8.907865e-10	1.136820e+01	1.104305e+02
2.170000e-06	2.282826e-09	9.224174e-10	1.171503e+01	1.138470e+02
2.180000e-06	2.350243e-09	9.531201e-10	1.206100e+01	1.172553e+02
2.190000e-06	2.417455e-09	9.840019e-10	1.240592e+01	1.206552e+02
2.200000e-06	2.484437e-09	1.015762e-09	1.274966e+01	1.240463e+02
2.210000e-06	2.551153e-09	1.046717e-09	1.309203e+01	1.274285e+02
2.220000e-06	2.617597e-09	1.076911e-09	1.343300e+01	1.308014e+02
2.230000e-06	2.683750e-09	1.107868e-09	1.377249e+01	1.341650e+02
2.240000e-06	2.749589e-09	1.140619e-09	1.411036e+01	1.375188e+02
2.250000e-06	2.815135e-09	1.174679e-09	1.444673e+01	1.408627e+02
2.260000e-06	2.880408e-09	1.206389e-09	1.478170e+01	1.441964e+02
2.270000e-06	2.945436e-09	1.233935e-09	1.511541e+01	1.475197e+02
2.280000e-06	3.010253e-09	1.260684e-09	1.544803e+01	1.508323e+02
2.290000e-06	3.074856e-09	1.289576e-09	1.577957e+01	1.541341e+02
2.300000e-06	3.139269e-09	1.320187e-09	1.611012e+01	1.574247e+02
2.310000e-06	3.203526e-09	1.352696e-09	1.643988e+01	1.607039e+02
2.320000e-06	3.267626e-09	1.384943e-09	1.676882e+01	1.639716e+02
2.330000e-06	3.331557e-09	1.416852e-09	1.709691e+01	1.672273e+02
2.340000e-06	3.395297e-09	1.448956e-09	1.742401e+01	1.704710e+02
2.350000e-06	3.458836e-09	1.479002e-09	1.775008e+01	1.737024e+02
2.360000e-06	3.522155e-09	1.504926e-09	1.807501e+01	1.769212e+02
2.370000e-06	3.585234e-09	1.527929e-09	1.839872e+01	1.801272e+02
2.380000e-06	3.648082e-09	1.553877e-09	1.872125e+01	1.833202e+02
2.390000e-06	3.710664e-09	1.586038e-09	1.904240e+01	1.865000e+02
2.400000e-06	3.772965e-09	1.620838e-09	1.936212e+01	1.896663e+02
2.410000e-06	3.835025e-09	1.652508e-09	1.968060e+01	1.928189e+02
2.420000e-06	3.896828e-09	1.678732e-09	1.999776e+01	1.959575e+02
2.430000e-06	3.958360e-09	1.703828e-09	2.031353e+01	1.990820e+02
2.440000e-06	4.019620e-09	1.731282e-09	2.062791e+01	2.021920e+02
2.450000e-06	4.080618e-09	1.760057e-09	2.094093e+01	2.052875e+02
2.460000e-06	4.141360e-09	1.786599e-09	2.125265e+01	2.083681e+02
2.470000e-06	4.201861e-09	1.811649e-09	2.156313e+01	2.114337e+02
2.480000e-06	4.262156e-09	1.839414e-09	2.187255e+01	2.144840e+02
2.490000e-06	4.322243e-09	1.870340e-09	2.218091e+01	2.175188e+02
2.500000e-06	4.382098e-09	1.901584e-09	2.248807e+01	2.205378e+02
2.510000e-06	4.441628e-09	1.929310e-09	2.279357e+01	2.235409e+02
2.520000e-06	4.500739e-09	1.953066e-09	2.309691e+01	2.265279e+02
2.530000e-06	4.559375e-09	1.977064e-09	2.339782e+01	2.294984e+02
2.540000e-06	4.617512e-09	2.004543e-09	2.369617e+01	2.324524e+02
2.550000e-06	4.675142e-09	2.031731e-09	2.399191e+01	2.353896e+02
2.560000e-06	4.732294e-09	2.056835e-09	2.428520e+01	2.383097e+02
2.570000e-06	4.789066e-09	2.083010e-09	2.457654e+01	2.412126e+02
2.580000e-06	4.845534e-09	2.111791e-09	2.486633e+01	2.440981e+02
2.590000e-06	4.901756e-09	2.141844e-09	2.515485e+01	2.469659e+02
2.600000e-06	4.957735e-09	2.169726e-09	2.544212e+01	2.498159e+02
2.610000e-06	5.013434e-09	2.192846e-09	2.572796e+01	2.526478e+02
2.620000e-06	5.068816e-09	2.213887e-09	2.601217e+01	2.554615e+02
2.630000e-06	5.123844e-09	2.236178e-09	2.629456e+01	2.582566e+02
2.640000e-06	5.178515e-09	2.261604e-09	2.657512e+01	2.610331e+02
2.650000e-06	5.232816e-09	2.287567e-09	2.685378e+01	2.637908e+02
2.660000e-06	5.286766e-09	2.312297e-09	2.713064e+01	2.665293e+02
2.670000e-06	5.340359e-09	2.338802e-09	2.740567e+01	2.692486e+02
2.680000e-06	5.393567e-09	2.365215e-09	2.767873e+01	2.719484e+02
2.690000e-06	5.446389e-09	2.389592e-09	2.794980e+01	2.746285e+02
2.700000e-06	5.498782e-09	2.411162e-09	2.821866e+01	2.772888e+02
2.710000e-06	5.550732e-09	2.432959e-09	2.848526e+01	2.799291e+02
2.720000e-06	5.602184e-09	2.458150e-09	2.874930e+01	2.825490e+02
2.730000e-06	5.653059e-09	2.484621e-09	2.901038e+01	2.851486e+02
2.740000e-06	5.703319e-09	2.508633e-09	2.926831e+01	2.877275e+02
2.750000e-06	5.752958e-09	2.528514e-09	2.952304e+01	2.902857e+02
2.760000e-06	5.802016e-09	2.548101e-09	2.977480e+01	2.928228e+02
2.770000e-06	5.850604e-09	2.570650e-09	3.002414e+01	2.953388e+02
2.780000e-06	5.898851e-09	2.595381e-09	3.027174e+01	2.978334e+02
2.790000e-06	5.946760e-09	2.620524e-09	3.051759e+01	3.003064e+02
2.800000e-06	5.994288e-09	2.645196e-09	3.076150e+01	3.027578e+02
2.810000e-06	6.041399e-09	2.668500e-09	3.100326e+01	3.051872e+02
2.820000e-06	6.088062e-09	2.689759e-09	3.124273e+01	3.075946e+02
2.830000e-06	6.134289e-09	2.708212e-09	3.147996e+01	3.099797e+02
2.840000e-06	6.180080e-09	2.724730e-09	3.171495e+01	3.123424e+02
2.850000e-06	6.225449e-09	2.744239e-09	3.194777e+01	3.146826e+02
2.860000e-06	6.270413e-09	2.768983e-09	3.217852e+01	3.169999e+02
2.870000e-06	6.315033e-09	2.794593e-09	3.240750e+01	3.192944e+02
2.880000e-06	6.359368e-09	2.817484e-09	3.263501e+01	3.215657e+02
2.890000e-06	6.403392e-09	2.836384e-09	3.286094e+01	3.238138e+02
2.900000e-06	6.447044e-09	2.853757e-09	3.308495e+01	3.260385e+02
2.910000e-06	6.490138e-09	2.873574e-09	3.330610e+01	3.282396e+02
2.920000e-06	6.532485e-09	2.894029e-09	3.352342e+01	3.304169e+02
2.930000e-06	6.574068e-09	2.912699e-09	3.373681e+01	3.325704e+02
2.940000e-06	6.615032e-09	2.930016e-09	3.394703e+01	3.346998e+02
2.950000e-06	6.655561e-09	2.947581e-09	3.415502e+01	3.368050e+02
2.960000e-06	6.695744e-09	2.968140e-09	3.436123e+01	3.388858e+02
2.970000e-06	6.735580e-09	2.989758e-09	3.456566e+01	3.409421e+02
2.980000e-06	6.775022e-09	3.008937e-09	3.476807e+01	3.429738e+02
2.990000e-06	6.814002e-09	3.025694e-09	3.496811e+01	3.449807e+02
3.000000e-06	6.852480e-09	3.041982e-09	3.516557e+01	3.469626e+02
3.010000e-06	6.890453e-09	3.059692e-09	3.536044e+01	3.489194e+02
3.020000e-06	6.927927e-09	3.077393e-09	3.555275e+01	3.508510e+02
3.030000e-06	6.964917e-09	3.093879e-09	3.574257e+01	3.527572e+02
3.040000e-06	7.001498e-09	3.109168e-09	3.593030e+01	3.546378e+02
3.050000e-06	7.037758e-09	3.125068e-09	3.611638e+01	3.564929e+02
3.060000e-06	7.073664e-09	3.142076e-09	3.630064e+01	3.583221e+02
3.070000e-06	7.109068e-09	3.156592e-09	3.648233e+01	3.601254e+02
3.080000e-06	7.143798e-09	3.170921e-09	3.666055e+01	3.619027e+02
3.090000e-06	7.177748e-09	3.184277e-09	3.683478e+01	3.636538e+02
3.100000e-06	7.210952e-09	3.199556e-09	3.700517e+01	3.653786e+02
3.110000e-06	7.243610e-09	3.218122e-09	3.717277e+01	3.670770e+02
3.120000e-06	7.275887e-09	3.234780e-09	3.733840e+01	3.687488e+02
3.130000e-06	7.307807e-09	3.249555e-09	3.750221e+01	3.703940e+02
3.140000e-06	7.339300e-09	3.261378e-09	3.766383e+01	3.720123e+02
3.150000e-06	7.370284e-09	3.273156e-09	3.782283e+01	3.736038e+02
3.160000e-06	7.400742e-09	3.283443e-09	3.797914e+01	3.751682e+02
3.170000e-06	7.430657e-09	3.294993e-09	3.813265e+01	3.767055e+02
3.180000e-06	7.460011e-09	3.308076e-09	3.828329e+01	3.782156e+02
3.190000e-06	7.488869e-09	3.319988e-09	3.843139e+01	3.796982e+02
3.200000e-06	7.517356e-09	3.332523e-09	3.857758e+01	3.811535e+02
3.210000e-06	7.545504e-09	3.345364e-09	3.872203e+01	3.825811e+02
3.220000e-06	7.573238e-09	3.358694e-09	3.886435e+01	3.839811e+02
3.230000e-06	7.600386e-09	3.370465e-09	3.900367e+01	3.853533e+02
3.240000e-06	7.626732e-09	3.377648e-09	3.913887e+01	3.866976e+02
3.250000e-06	7.652233e-09	3.381899e-09	3.926974e+01	3.880140e+02
3.260000e-06	7.677063e-09	3.387872e-09	3.939716e+01	3.893023e+02
3.270000e-06	7.701411e-09	3.399048e-09	3.952210e+01	3.905624e+02
3.280000e-06	7.725327e-09	3.411824e-09	3.964484e+01	3.917943e+02
3.290000e-06	7.748720e-09	3.424442e-09	3.976489e+01	3.929978e+02
3.300000e-06	7.771553e-09	3.434788e-09	3.988206e+01	3.941729e+02
3.310000e-06	7.793867e-09	3.443631e-09	3.999657e+01	3.953195e+02
3.320000e-06	7.815646e-09	3.454094e-09	4.010834e+01	3.964375e+02
3.330000e-06	7.836859e-09	3.462309e-09	4.021720e+01	3.975268e+02
3.340000e-06	7.857566e-09	3.467328e-09	4.032346e+01	3.985874e+02
3.350000e-06	7.877898e-09	3.470260e-09	4.042780e+01	3.996192e+02
3.360000e-06	7.897868e-09	3.476055e-09	4.053028e+01	4.006220e+02
3.370000e-06	7.917332e-09	3.486696e-09	4.063017e+01	4.015958e+02
3.380000e-06	7.936183e-09	3.499070e-09	4.072691e+01	4.025406e+02
3.390000e-06	7.954446e-09	3.509563e-09	4.082063e+01	4.034563e+02
3.400000e-06	7.972186e-09	3.517450e-09	4.091167e+01	4.043428e+02
3.410000e-06	7.989455e-09	3.524479e-09	4.100029e+01	4.052001e+02
3.420000e-06	8.006181e-09	3.529043e-09	4.108612e+01	4.060280e+02
3.430000e-06	8.022190e-09	3.528941e-09	4.116828e+01	4.068266e+02
3.440000e-06	8.037428e-09	3.528117e-09	4.124648e+01	4.075957e+02
3.450000e-06	8.052009e-09	3.531706e-09	4.132130e+01	4.083354e+02
3.460000e-06	8.065996e-09	3.541522e-09	4.139308e+01	4.090455e+02
3.470000e-06	8.079360e-09	3.552624e-09	4.146166e+01	4.097260e+02
3.480000e-06	8.092135e-09	3.560129e-09	4.152722e+01	4.103769e+02
3.490000e-06	8.104380e-09	3.563369e-09	4.159006e+01	4.109981e+02
3.500000e-06	8.116050e-09	3.565940e-09	4.164994e+01	4.115896e+02
3.510000e-06	8.126972e-09	3.569257e-09	4.170599e+01	4.121513e+02
3.520000e-06	8.136979e-09	3.572737e-09	4.175735e+01	4.126832e+02
3.530000e-06	8.146144e-09	3.575991e-09	4.180438e+01	4.131852e+02
3.540000e-06	8.154733e-09	3.577927e-09	4.184846e+01	4.136574e+02
3.550000e-06	8.162917e-09	3.579796e-09	4.189045e+01	4.140996e+02
3.560000e-06	8.170644e-09	3.582444e-09	4.193011e+01	4.145119e+02
3.570000e-06	8.177787e-09	3.585380e-09	4.196677e+01	4.148941e+02
3.580000e-06	8.184329e-09	3.587303e-09	4.200034e+01	4.152464e+02
3.590000e-06	8.190288e-09	3.588741e-09	4.203092e+01	4.155686e+02
3.600000e-06	8.195638e-09	3.590800e-09	4.205837e+01	4.158608e+02
3.610000e-06	8.200448e-09	3.592608e-09	4.208306e+01	4.161229e+02
3.620000e-06	8.204851e-09	3.592497e-09	4.210565e+01	4.163549e+02
3.630000e-06	8.208866e-09	3.591201e-09	4.212626e+01	4.165568e+02
3.640000e-06	8.212357e-09	3.590264e-09	4.214417e+01	4.167285e+02
3.650000e-06	8.215074e-09	3.592107e-09	4.215811e+01	4.168701e+02
3.660000e-06	8.216908e-09	3.595299e-09	4.216752e+01	4.169815e+02
3.670000e-06	8.217967e-09	3.595149e-09	4.217296e+01	4.170628e+02
3.680000e-06	8.218486e-09	3.591916e-09	4.217562e+01	4.171139e+02
3.690000e-06	8.218611e-09	3.588989e-09	4.217626e+01	4.171348e+02
3.700000e-06	8.218253e-09	3.586789e-09	4.217443e+01	4.171256e+02
3.710000e-06	8.217327e-09	3.585198e-09	4.216967e+01	4.170862e+02
3.720000e-06	8.215857e-09	3.582216e-09	4.216213e+01	4.170166e+02
3.730000e-06	8.213880e-09	3.578844e-09	4.215198e+01	4.169168e+02
3.740000e-06	8.211346e-09	3.575904e-09	4.213898e+01	4.167869e+02
3.750000e-06	8.208278e-09	3.575559e-09	4.212323e+01	4.166268e+02
3.760000e-06	8.204815e-09	3.568957e-09	4.210546e+01	4.164366e+02
3.770000e-06	8.201007e-09	3.544863e-09	4.208592e+01	4.162163e+02
3.780000e-06	8.196606e-09	3.569751e-09	4.206334e+01	4.159659e+02
3.790000e-06	8.191075e-09	3.626406e-09	4.203495e+01	4.156853e+02
3.800000e-06	8.184257e-09	3.568507e-09	4.199996e+01	4.153747e+02
3.810000e-06	8.176724e-09	3.490078e-09	4.196130e+01	4.150341e+02
3.820000e-06	8.169042e-09	3.518003e-09	4.192188e+01	4.146634e+02
3.830000e-06	8.161163e-09	3.580197e-09	4.188145e+01	4.142628e+02
3.840000e-06	8.152657e-09	3.558346e-09	4.183779e+01	4.138321e+02
3.850000e-06	8.143438e-09	3.451993e-09	4.179049e+01	4.133716e+02
3.860000e-06	8.133857e-09	3.539876e-09	4.174132e+01	4.128811e+02
3.870000e-06	8.123937e-09	3.670369e-09	4.169041e+01	4.123608e+02
3.880000e-06	8.113244e-09	3.555572e-09	4.163554e+01	4.118106e+02
3.890000e-06	8.101762e-09	3.395969e-09	4.157661e+01	4.112307e+02
3.900000e-06	8.089891e-09	3.494268e-09	4.151569e+01	4.106210e+02
3.910000e-06	8.077524e-09	3.634365e-09	4.145223e+01	4.099816e+02
3.920000e-06	8.064159e-09	3.497204e-09	4.138364e+01	4.093125e+02
3.930000e-06	8.049850e-09	3.439920e-09	4.131021e+01	4.086138e+02
3.940000e-06	8.034967e-09	3.600617e-09	4.123383e+01	4.078856e+02
3.950000e-06	8.019458e-09	3.629222e-09	4.115424e+01	4.071279e+02
3.960000e-06	8.003256e-09	3.457188e-09	4.107110e+01	4.063407e+02
3.970000e-06	7.986647e-09	3.470929e-09	4.098586e+01	4.055241e+02
3.980000e-06	7.969700e-09	3.585681e-09	4.089889e+01	4.046782e+02
3.990000e-06	7.952111e-09	3.501499e-09	4.080863e+01	4.038030e+02
4.000000e-06	7.933851e-09	3.430287e-09	4.071492e+01	4.028986e+02
4.010000e-06	7.915145e-09	3.567816e-09	4.061893e+01	4.019651e+02
4.020000e-06	7.896009e-09	3.567165e-09	4.052073e+01	4.010025e+02
4.030000e-06	7.876416e-09	3.432754e-09	4.042018e+01	4.000109e+02
4.040000e-06	7.856443e-09	3.468643e-09	4.031768e+01	3.989903e+02
4.050000e-06	7.835902e-09	3.561775e-09	4.021227e+01	3.979409e+02
4.060000e-06	7.814453e-09	3.475977e-09	4.010220e+01	3.968627e+02
4.070000e-06	7.792134e-09	3.445498e-09	3.998766e+01	3.957558e+02
4.080000e-06	7.769193e-09	3.520455e-09	3.986993e+01	3.946203e+02
4.090000e-06	7.745704e-09	3.457544e-09	3.974939e+01	3.934562e+02
4.100000e-06	7.721705e-09	3.398620e-09	3.962623e+01	3.922636e+02
4.110000e-06	7.697247e-09	3.450233e-09	3.950072e+01	3.910427e+02
4.120000e-06	7.672275e-09	3.435210e-09	3.937256e+01	3.897935e+02
4.130000e-06	7.646767e-09	3.374910e-09	3.924167e+01	3.885161e+02
4.140000e-06	7.620743e-09	3.423866e-09	3.910811e+01	3.872106e+02
4.150000e-06	7.594124e-09	3.421074e-09	3.897151e+01	3.858771e+02
4.160000e-06	7.566953e-09	3.357783e-09	3.883207e+01	3.845157e+02
4.170000e-06	7.539414e-09	3.355358e-09	3.869075e+01	3.831265e+02
4.180000e-06	7.511533e-09	3.347162e-09	3.854767e+01	3.817095e+02
4.190000e-06	7.483138e-09	3.293196e-09	3.840195e+01	3.802650e+02
4.200000e-06	7.454094e-09	3.321850e-09	3.825291e+01	3.787929e+02
4.210000e-06	7.424265e-09	3.338337e-09	3.809983e+01	3.772934e+02
4.220000e-06	7.393618e-09	3.292717e-09	3.794255e+01	3.757667e+02
4.230000e-06	7.362359e-09	3.268440e-09	3.778214e+01	3.742128e+02
4.240000e-06	7.330655e-09	3.255686e-09	3.761944e+01	3.726318e+02
4.250000e-06	7.298489e-09	3.216996e-09	3.745437e+01	3.710238e+02
4.260000e-06	7.265841e-09	3.221143e-09	3.728683e+01	3.693890e+02
4.270000e-06	7.232740e-09	3.216403e-09	3.711696e+01	3.677275e+02
4.280000e-06	7.199210e-09	3.185294e-09	3.694489e+01	3.660394e+02
4.290000e-06	7.165217e-09	3.181404e-09	3.677044e+01	3.643248e+02
4.300000e-06	7.130681e-09	3.176610e-09	3.659321e+01	3.625839e+02
4.310000e-06	7.095656e-09	3.136420e-09	3.641347e+01	3.608167e+02
4.320000e-06	7.060252e-09	3.116824e-09	3.623178e+01	3.590235e+02
4.330000e-06	7.024514e-09	3.101611e-09	3.604838e+01	3.572042e+02
4.340000e-06	6.988379e-09	3.079891e-09	3.586294e+01	3.553592e+02
4.350000e-06	6.951651e-09	3.080699e-09	3.567446e+01	3.534884e+02
4.360000e-06	6.914141e-09	3.073929e-09	3.548197e+01	3.515921e+02
4.370000e-06	6.875829e-09	3.038785e-09	3.528536e+01	3.496703e+02
4.380000e-06	6.836852e-09	3.009507e-09	3.508534e+01	3.477232e+02
4.390000e-06	6.797396e-09	2.990211e-09	3.488286e+01	3.457510e+02
4.400000e-06	6.757594e-09	2.971286e-09	3.467860e+01	3.437538e+02
4.410000e-06	6.717437e-09	2.962481e-09	3.447252e+01	3.417317e+02
4.420000e-06	6.676865e-09	2.947284e-09	3.426432e+01	3.396850e+02
4.430000e-06	6.635876e-09	2.925984e-09	3.405397e+01	3.376136e+02
4.440000e-06	6.594460e-09	2.909330e-09	3.384143e+01	3.355178e+02
4.450000e-06	6.552579e-09	2.889799e-09	3.362651e+01	3.333978e+02
4.460000e-06	6.510235e-09	2.859633e-09	3.340921e+01	3.312536e+02
4.470000e-06	6.467447e-09	2.829744e-09	3.318963e+01	3.290855e+02
4.480000e-06	6.424247e-09	2.799595e-09	3.296793e+01	3.268936e+02
4.490000e-06	6.380687e-09	2.784555e-09	3.274439e+01	3.246780e+02
4.500000e-06	6.336794e-09	2.777626e-09	3.251914e+01	3.224390e+02
4.510000e-06	6.292545e-09	2.770658e-09	3.229206e+01	3.201766e+02
4.520000e-06	6.247841e-09	2.749653e-09	3.206265e+01	3.178911e+02
4.530000e-06	6.202622e-09	2.724703e-09	3.183059e+01	3.155826e+02
4.540000e-06	6.156907e-09	2.696905e-09	3.159599e+01	3.132513e+02
4.550000e-06	6.110777e-09	2.670985e-09	3.135926e+01	3.108973e+02
4.560000e-06	6.064303e-09	2.640704e-09	3.112077e+01	3.085208e+02
4.570000e-06	6.017511e-09	2.614528e-09	3.088064e+01	3.061220e+02
4.580000e-06	5.970357e-09	2.593804e-09	3.063866e+01	3.037011e+02
4.590000e-06	5.922707e-09	2.580292e-09	3.039413e+01	3.012582e+02
4.600000e-06	5.874482e-09	2.566517e-09	3.014664e+01	2.987935e+02
4.610000e-06	5.825689e-09	2.549672e-09	2.989625e+01	2.963073e+02
4.620000e-06	5.776412e-09	2.524327e-09	2.964337e+01	2.937995e+02
4.630000e-06	5.726684e-09	2.495907e-09	2.938818e+01	2.912706e+02
4.640000e-06	5.676537e-09	2.465600e-09	2.913083e+01	2.887206e+02
4.650000e-06	5.625939e-09	2.437659e-09	2.887117e+01	2.861497e+02
4.660000e-06	5.574878e-09	2.412434e-09	2.860913e+01	2.835581e+02
4.670000e-06	5.523431e-09	2.390083e-09	2.834512e+01	2.809460e+02
4.680000e-06	5.471588e-09	2.370550e-09	2.807907e+01	2.783136e+02
4.690000e-06	5.419288e-09	2.349746e-09	2.781068e+01	2.756610e+02
4.700000e-06	5.366480e-09	2.329060e-09	2.753968e+01	2.729886e+02
4.710000e-06	5.313119e-09	2.306174e-09	2.726584e+01	2.702963e+02
4.720000e-06	5.259197e-09	2.281118e-09	2.698912e+01	2.675846e+02
4.730000e-06	5.204728e-09	2.253348e-09	2.670960e+01	2.648535e+02
4.740000e-06	5.149767e-09	2.225183e-09	2.642755e+01	2.621032e+02
4.750000e-06	5.094428e-09	2.197167e-09	2.614356e+01	2.593340e+02
4.760000e-06	5.038788e-09	2.173408e-09	2.585803e+01	2.565460e+02
4.770000e-06	4.982871e-09	2.151864e-09	2.557107e+01	2.537395e+02
4.780000e-06	4.926663e-09	2.131204e-09	2.528263e+01	2.509147e+02
4.790000e-06	4.870116e-09	2.106604e-09	2.499244e+01	2.480717e+02
4.800000e-06	4.813217e-09	2.080414e-09	2.470044e+01	2.452107e+02
4.810000e-06	4.755977e-09	2.053727e-09	2.440670e+01	2.423321e+02
4.820000e-06	4.698407e-09	2.028209e-09	2.411126e+01	2.394359e+02
4.830000e-06	4.640545e-09	2.001240e-09	2.381432e+01	2.365224e+02
4.840000e-06	4.582371e-09	1.975466e-09	2.351579e+01	2.335918e+02
4.850000e-06	4.523855e-09	1.950150e-09	2.321550e+01	2.306443e+02
4.860000e-06	4.465025e-09	1.928085e-09	2.291359e+01	2.276801e+02
4.870000e-06	4.405925e-09	1.902862e-09	2.261030e+01	2.246995e+02
4.880000e-06	4.346577e-09	1.874210e-09	2.230574e+01	2.217026e+02
4.890000e-06	4.286983e-09	1.843845e-09	2.199992e+01	2.186897e+02
4.900000e-06	4.227149e-09	1.816562e-09	2.169285e+01	2.156610e+02
4.910000e-06	4.167056e-09	1.790773e-09	2.138447e+01	2.126167e+02
4.920000e-06	4.106674e-09	1.764999e-09	2.107460e+01	2.095571e+02
4.930000e-06	4.045958e-09	1.737730e-09	2.076302e+01	2.064822e+02
4.940000e-06	3.984854e-09	1.707962e-09	2.044945e+01	2.033925e+02
4.950000e-06	3.923325e-09	1.677653e-09	2.013369e+01	2.002881e+02
4.960000e-06	3.861356e-09	1.649184e-09	1.981568e+01	1.971691e+02
4.970000e-06	3.798999e-09	1.621899e-09	1.949567e+01	1.940360e+02
4.980000e-06	3.736325e-09	1.592691e-09	1.917405e+01	1.908888e+02
4.990000e-06	3.673345e-09	1.562716e-09	1.885084e+01	1.877278e+02
5.000000e-06	3.610097e-09	1.531444e-09	1.852627e+01	1.845532e+02
5.010000e-06	3.546649e-09	1.498393e-09	1.820066e+01	1.813653e+02
5.020000e-06	3.482997e-09	1.466170e-09	1.787402e+01	1.781643e+02
5.030000e-06	3.419135e-09	1.435781e-09	1.754629e+01	1.749504e+02
5.040000e-06	3.355064e-09	1.406835e-09	1.721749e+01	1.717239e+02
5.050000e-06	3.290779e-09	1.378753e-09	1.688759e+01	1.684849e+02
5.060000e-06	3.226274e-09	1.350814e-09	1.655657e+01	1.652338e+02
5.070000e-06	3.161570e-09	1.322930e-09	1.622451e+01	1.619707e+02
5.080000e-06	3.096674e-09	1.291582e-09	1.589148e+01	1.586960e+02
5.090000e-06	3.031571e-09	1.256118e-09	1.555739e+01	1.554098e+02
5.100000e-06	2.966254e-09	1.218997e-09	1.522219e+01	1.521123e+02
5.110000e-06	2.900727e-09	1.186191e-09	1.488592e+01	1.488038e+02
5.120000e-06	2.834995e-09	1.159316e-09	1.454860e+01	1.454847e+02
5.130000e-06	2.769078e-09	1.135229e-09	1.421033e+01	1.421549e+02
5.140000e-06	2.702981e-09	1.109687e-09	1.387113e+01	1.388150e+02
5.150000e-06	2.636687e-09	1.082133e-09	1.353092e+01	1.354650e+02
5.160000e-06	2.570205e-09	1.051833e-09	1.318975e+01	1.321052e+02
5.170000e-06	2.503541e-09	1.019840e-09	1.284764e+01	1.287358e+02
5.180000e-06	2.436709e-09	9.852928e-10	1.250468e+01	1.253572e+02
5.190000e-06	2.369709e-09	9.502054e-10	1.216084e+01	1.219695e+02
5.200000e-06	2.302577e-09	9.166173e-10	1.181634e+01	1.185730e+02
5.210000e-06	2.235348e-09	8.894768e-10	1.147133e+01	1.151680e+02
5.220000e-06	2.167991e-09	8.658792e-10	1.112567e+01	1.117546e+02
5.230000e-06	2.100524e-09	8.412011e-10	1.077944e+01	1.083332e+02
5.240000e-06	2.032970e-09	8.100208e-10	1.043276e+01	1.049039e+02
5.250000e-06	1.965325e-09	7.728730e-10	1.008562e+01	1.014671e+02
5.260000e-06	1.897598e-09	7.359714e-10	9.738059e+00	9.802291e+01
5.270000e-06	1.829777e-09	7.028740e-10	9.390015e+00	9.457167e+01
5.280000e-06	1.761849e-09	6.731960e-10	9.041422e+00	9.111361e+01
5.290000e-06	1.693814e-09	6.443031e-10	8.692279e+00	8.764898e+01
5.300000e-06	1.625661e-09	6.157541e-10	8.342531e+00	8.417802e+01
5.310000e-06	1.557381e-09	5.871506e-10	7.992132e+00	8.070099e+01
5.320000e-06	1.488969e-09	5.592541e-10	7.641055e+00	7.721814e+01
5.330000e-06	1.420416e-09	5.282531e-10	7.289257e+00	7.372972e+01
5.340000e-06	1.351740e-09	4.937588e-10	6.936825e+00	7.023599e+01
5.350000e-06	1.282943e-09	4.598422e-10	6.583772e+00	6.673719e+01
5.360000e-06	1.214027e-09	4.299335e-10	6.230112e+00	6.323358e+01
5.370000e-06	1.144999e-09	4.031738e-10	5.875872e+00	5.972541e+01
5.380000e-06	1.075880e-09	3.751729e-10	5.521171e+00	5.621294e+01
5.390000e-06	1.006672e-09	3.426573e-10	5.166005e+00	5.269642e+01
5.400000e-06	9.373486e-10	3.106964e-10	4.810255e+00	4.917611e+01
5.410000e-06	8.679059e-10	2.816196e-10	4.453890e+00	4.565226e+01
5.420000e-06	7.983669e-10	2.535999e-10	4.097031e+00	4.212513e+01
5.430000e-06	7.287463e-10	2.232192e-10	3.739753e+00	3.859497e+01
5.440000e-06	6.590321e-10	1.886187e-10	3.381994e+00	3.506203e+01
5.450000e-06	5.892395e-10	1.537846e-10	3.023833e+00	3.152658e+01
5.460000e-06	5.193876e-10	1.228046e-10	2.665368e+00	2.798886e+01
5.470000e-06	4.494759e-10	9.502830e-11	2.306596e+00	2.444914e+01
5.480000e-06	3.795072e-10	6.823950e-11	1.947532e+00	2.090768e+01
5.490000e-06	3.095052e-10	3.793411e-11	1.588296e+00	1.736471e+01
5.500000e-06	2.395069e-10	7.203857e-12	1.229079e+00	1.382052e+01
5.510000e-06	1.695202e-10	-2.044047e-11	8.699222e-01	1.027534e+01
5.520000e-06	9.951781e-11	-4.806813e-11	5.106844e-01	6.729439e+00
5.530000e-06	2.951701e-11	-7.902702e-11	1.514550e-01	3.183072e+00
5.540000e-06	-4.048309e-11	-1.143297e-10	-2.077707e-01	-3.635037e-01
5.550000e-06	-1.104996e-10	-1.464778e-10	-5.670805e-01	-3.910033e+00
5.560000e-06	-1.805059e-10	-1.711727e-10	-9.263386e-01	-7.456258e+00
5.570000e-06	-2.504985e-10	-1.915465e-10	-1.285526e+00	-1.100192e+01
5.580000e-06	-3.204816e-10	-2.166086e-10	-1.644665e+00	-1.454677e+01
5.590000e-06	-3.904265e-10	-2.483786e-10	-2.003607e+00	-1.809054e+01
5.600000e-06	-4.603316e-10	-2.810054e-10	-2.362346e+00	-2.163299e+01
5.610000e-06	-5.301741e-10	-3.094043e-10	-2.720763e+00	-2.517384e+01
5.620000e-06	-5.999362e-10	-3.371477e-10	-3.078768e+00	-2.871286e+01
5.630000e-06	-6.696203e-10	-3.699062e-10	-3.436371e+00	-3.224977e+01
5.640000e-06	-7.392222e-10	-4.045133e-10	-3.793554e+00	-3.578433e+01
5.650000e-06	-8.087312e-10	-4.357243e-10	-4.150259e+00	-3.931628e+01
5.660000e-06	-8.781124e-10	-4.594926e-10	-4.506309e+00	-4.284536e+01
5.670000e-06	-9.473719e-10	-4.808457e-10	-4.861734e+00	-4.637132e+01
5.680000e-06	-1.016519e-09	-5.079294e-10	-5.216582e+00	-4.989390e+01
5.690000e-06	-1.085553e-09	-5.408978e-10	-5.570852e+00	-5.341285e+01
5.700000e-06	-1.154506e-09	-5.737190e-10	-5.924701e+00	-5.692791e+01
5.710000e-06	-1.223359e-09	-6.021243e-10	-6.278043e+00	-6.043883e+01
5.720000e-06	-1.292103e-09	-6.298310e-10	-6.630822e+00	-6.394536e+01
5.730000e-06	-1.360762e-09	-6.614612e-10	-6.983166e+00	-6.744723e+01
5.740000e-06	-1.429293e-09	-6.938009e-10	-7.334853e+00	-7.094420e+01
5.750000e-06	-1.497683e-09	-7.205392e-10	-7.685815e+00	-7.443602e+01
5.760000e-06	-1.565961e-09	-7.411344e-10	-8.036206e+00	-7.792242e+01
5.770000e-06	-1.634117e-09	-7.634542e-10	-8.385969e+00	-8.140317e+01
5.780000e-06	-1.702161e-09	-7.947064e-10	-8.735155e+00	-8.487800e+01
5.790000e-06	-1.770084e-09	-8.306737e-10	-9.083726e+00	-8.834667e+01
5.800000e-06	-1.837887e-09	-8.621644e-10	-9.431676e+00	-9.180892e+01
5.810000e-06	-1.905585e-09	-8.868695e-10	-9.779088e+00	-9.526450e+01
5.820000e-06	-1.973183e-09	-9.097576e-10	-1.012599e+01	-9.871317e+01
5.830000e-06	-2.040694e-09	-9.365365e-10	-1.047244e+01	-1.021547e+02
5.840000e-06	-2.108106e-09	-9.676678e-10	-1.081839e+01	-1.055888e+02
5.850000e-06	-2.175411e-09	-9.977849e-10	-1.116378e+01	-1.090152e+02
5.860000e-06	-2.242598e-09	-1.024291e-09	-1.150857e+01	-1.124337e+02
5.870000e-06	-2.309652e-09	-1.051276e-09	-1.185268e+01	-1.158440e+02
5.880000e-06	-2.376571e-09	-1.081240e-09	-1.219610e+01	-1.192460e+02
5.890000e-06	-2.443331e-09	-1.110881e-09	-1.253870e+01	-1.226393e+02
5.900000e-06	-2.509920e-09	-1.137376e-09	-1.288042e+01	-1.260237e+02
5.910000e-06	-2.576337e-09	-1.161081e-09	-1.322126e+01	-1.293989e+02
5.920000e-06	-2.642571e-09	-1.187219e-09	-1.356115e+01	-1.327648e+02
5.930000e-06	-2.708599e-09	-1.217540e-09	-1.390000e+01	-1.361210e+02
5.940000e-06	-2.774447e-09	-1.248005e-09	-1.423792e+01	-1.394674e+02
5.950000e-06	-2.840110e-09	-1.273051e-09	-1.457489e+01	-1.428036e+02
5.960000e-06	-2.905548e-09	-1.293652e-09	-1.491070e+01	-1.461295e+02
5.970000e-06	-2.970776e-09	-1.319344e-09	-1.524544e+01	-1.494448e+02
5.980000e-06	-3.035797e-09	-1.351777e-09	-1.557911e+01	-1.527492e+02
5.990000e-06	-3.100606e-09	-1.383960e-09	-1.591170e+01	-1.560426e+02
6.000000e-06	-3.165224e-09	-1.409687e-09	-1.624330e+01	-1.593246e+02
6.010000e-06	-3.229637e-09	-1.429982e-09	-1.657386e+01	-1.625951e+02
6.020000e-06	-3.293835e-09	-1.451449e-09	-1.690331e+01	-1.658538e+02
6.030000e-06	-3.357841e-09	-1.478047e-09	-1.723178e+01	-1.691005e+02
6.040000e-06	-3.421667e-09	-1.506675e-09	-1.755932e+01	-1.723349e+02
6.050000e-06	-3.485312e-09	-1.533193e-09	-1.788593e+01	-1.755568e+02
6.060000e-06	-3.548773e-09	-1.558549e-09	-1.821160e+01	-1.787660e+02
6.070000e-06	-3.612024e-09	-1.585866e-09	-1.853620e+01	-1.819622e+02
6.080000e-06	-3.675027e-09	-1.615063e-09	-1.885952e+01	-1.851453e+02
6.090000e-06	-3.737741e-09	-1.641270e-09	-1.918135e+01	-1.883149e+02
6.100000e-06	-3.800110e-09	-1.661203e-09	-1.950142e+01	-1.914709e+02
6.110000e-06	-3.862100e-09	-1.679616e-09	-1.981954e+01	-1.946129e+02
6.120000e-06	-3.923685e-09	-1.700923e-09	-2.013558e+01	-1.977409e+02
6.130000e-06	-3.984848e-09	-1.727296e-09	-2.044945e+01	-2.008545e+02
6.140000e-06	-4.045622e-09	-1.755797e-09	-2.076134e+01	-2.039536e+02
6.150000e-06	-4.106055e-09	-1.781670e-09	-2.107146e+01	-2.070379e+02
6.160000e-06	-4.166184e-09	-1.806063e-09	-2.138003e+01	-2.101072e+02
6.170000e-06	-4.226047e-09	-1.831124e-09	-2.168724e+01	-2.131613e+02
6.180000e-06	-4.285678e-09	-1.856884e-09	-2.199325e+01	-2.161999e+02
6.190000e-06	-4.345111e-09	-1.880814e-09	-2.229825e+01	-2.192228e+02
6.200000e-06	-4.404303e-09	-1.903001e-09	-2.260201e+01	-2.222298e+02
6.210000e-06	-4.463194e-09	-1.925186e-09	-2.290423e+01	-2.252208e+02
6.220000e-06	-4.521778e-09	-1.948523e-09	-2.320487e+01	-2.281954e+02
6.230000e-06	-4.580040e-09	-1.972412e-09	-2.350386e+01	-2.311535e+02
6.240000e-06	-4.637967e-09	-1.996393e-09	-2.380113e+01	-2.340948e+02
6.250000e-06	-4.695565e-09	-2.020306e-09	-2.409671e+01	-2.370191e+02
6.260000e-06	-4.752833e-09	-2.045261e-09	-2.439060e+01	-2.399263e+02
6.270000e-06	-4.809751e-09	-2.071360e-09	-2.468269e+01	-2.428161e+02
6.280000e-06	-4.866314e-09	-2.094974e-09	-2.497296e+01	-2.456883e+02
6.290000e-06	-4.922551e-09	-2.114962e-09	-2.526156e+01	-2.485427e+02
6.300000e-06	-4.978497e-09	-2.134662e-09	-2.554866e+01	-2.513790e+02
6.310000e-06	-5.034173e-09	-2.157485e-09	-2.583438e+01	-2.541972e+02
6.320000e-06	-5.089571e-09	-2.182296e-09	-2.611867e+01	-2.569969e+02
6.330000e-06	-5.144638e-09	-2.206189e-09	-2.640126e+01	-2.597780e+02
6.340000e-06	-5.199267e-09	-2.227089e-09	-2.668161e+01	-2.625403e+02
6.350000e-06	-5.253346e-09	-2.246254e-09	-2.695913e+01	-2.652836e+02
6.360000e-06	-5.306803e-09	-2.267810e-09	-2.723346e+01	-2.680076e+02
6.370000e-06	-5.359669e-09	-2.292663e-09	-2.750476e+01	-2.707122e+02
6.380000e-06	-5.412053e-09	-2.317910e-09	-2.777358e+01	-2.733972e+02
6.390000e-06	-5.464018e-09	-2.341349e-09	-2.804026e+01	-2.760624e+02
6.400000e-06	-5.515614e-09	-2.363053e-09	-2.830504e+01	-2.787076e+02
6.410000e-06	-5.566844e-09	-2.383109e-09	-2.856794e+01	-2.813325e+02
6.420000e-06	-5.617670e-09	-2.401671e-09	-2.882877e+01	-2.839371e+02
6.430000e-06	-5.668079e-09	-2.420050e-09	-2.908745e+01	-2.865212e+02
6.440000e-06	-5.718057e-09	-2.438123e-09	-2.934393e+01	-2.890844e+02
6.450000e-06	-5.767536e-09	-2.457331e-09	-2.959785e+01	-2.916267e+02
6.460000e-06	-5.816447e-09	-2.480372e-09	-2.984885e+01	-2.941479e+02
6.470000e-06	-5.864748e-09	-2.505459e-09	-3.009672e+01	-2.966478e+02
6.480000e-06	-5.912426e-09	-2.527712e-09	-3.034139e+01	-2.991262e+02
6.490000e-06	-5.959500e-09	-2.547387e-09	-3.058297e+01	-3.015829e+02
6.500000e-06	-6.006067e-09	-2.566316e-09	-3.082194e+01	-3.040177e+02
6.510000e-06	-6.052273e-09	-2.582399e-09	-3.105906e+01	-3.064305e+02
6.520000e-06	-6.098201e-09	-2.598100e-09	-3.129475e+01	-3.088211e+02
6.530000e-06	-6.143854e-09	-2.614016e-09	-3.152904e+01	-3.111894e+02
6.540000e-06	-6.189173e-09	-2.633698e-09	-3.176161e+01	-3.135351e+02
6.550000e-06	-6.234069e-09	-2.657502e-09	-3.199200e+01	-3.158581e+02
6.560000e-06	-6.278504e-09	-2.683556e-09	-3.222003e+01	-3.181582e+02
6.570000e-06	-6.322560e-09	-2.709424e-09	-3.244612e+01	-3.204352e+02
6.580000e-06	-6.366306e-09	-2.727563e-09	-3.267061e+01	-3.226890e+02
6.590000e-06	-6.409751e-09	-2.738260e-09	-3.289357e+01	-3.249195e+02
6.600000e-06	-6.452866e-09	-2.745113e-09	-3.311482e+01	-3.271264e+02
6.610000e-06	-6.495556e-09	-2.754358e-09	-3.333390e+01	-3.293096e+02
6.620000e-06	-6.537766e-09	-2.770124e-09	-3.355051e+01	-3.314689e+02
6.630000e-06	-6.579531e-09	-2.794267e-09	-3.376484e+01	-3.336042e+02
6.640000e-06	-6.620874e-09	-2.822620e-09	-3.397701e+01	-3.357154e+02
6.650000e-06	-6.661779e-09	-2.846618e-09	-3.418692e+01	-3.378022e+02
6.660000e-06	-6.702213e-09	-2.862033e-09	-3.439442e+01	-3.398646e+02
6.670000e-06	-6.742220e-09	-2.869088e-09	-3.459973e+01	-3.419024e+02
6.680000e-06	-6.781905e-09	-2.872334e-09	-3.480339e+01	-3.439153e+02
6.690000e-06	-6.821241e-09	-2.879830e-09	-3.500525e+01	-3.459034e+02
6.700000e-06	-6.860090e-09	-2.894362e-09	-3.520462e+01	-3.478664e+02
6.710000e-06	-6.898315e-09	-2.914993e-09	-3.540078e+01	-3.498042e+02
6.720000e-06	-6.935818e-09	-2.937378e-09	-3.559324e+01	-3.517166e+02
6.730000e-06	-6.972581e-09	-2.957069e-09	-3.578190e+01	-3.536036e+02
6.740000e-06	-7.008758e-09	-2.971983e-09	-3.596755e+01	-3.554649e+02
6.750000e-06	-7.044510e-09	-2.982274e-09	-3.615102e+01	-3.573005e+02
6.760000e-06	-7.079911e-09	-2.990731e-09	-3.633269e+01	-3.591103e+02
6.770000e-06	-7.114918e-09	-3.000975e-09	-3.651234e+01	-3.608940e+02
6.780000e-06	-7.149419e-09	-3.017347e-09	-3.668940e+01	-3.626515e+02
6.790000e-06	-7.183401e-09	-3.037047e-09	-3.686378e+01	-3.643828e+02
6.800000e-06	-7.216877e-09	-3.054617e-09	-3.703557e+01	-3.660877e+02
6.810000e-06	-7.249824e-09	-3.069415e-09	-3.720465e+01	-3.677660e+02
6.820000e-06	-7.282245e-09	-3.081852e-09	-3.737103e+01	-3.694178e+02
6.830000e-06	-7.314222e-09	-3.093690e-09	-3.753513e+01	-3.710427e+02
6.840000e-06	-7.345829e-09	-3.105627e-09	-3.769733e+01	-3.726408e+02
6.850000e-06	-7.377019e-09	-3.116561e-09	-3.785739e+01	-3.742119e+02
6.860000e-06	-7.407589e-09	-3.128306e-09	-3.801427e+01	-3.757559e+02
6.870000e-06	-7.437363e-09	-3.142137e-09	-3.816706e+01	-3.772726e+02
6.880000e-06	-7.466333e-09	-3.156216e-09	-3.831573e+01	-3.787620e+02
6.890000e-06	-7.494617e-09	-3.167394e-09	-3.846088e+01	-3.802240e+02
6.900000e-06	-7.522440e-09	-3.176925e-09	-3.860366e+01	-3.816585e+02
6.910000e-06	-7.549920e-09	-3.185999e-09	-3.874468e+01	-3.830653e+02
6.920000e-06	-7.576990e-09	-3.196353e-09	-3.888360e+01	-3.844443e+02
6.930000e-06	-7.603529e-09	-3.208108e-09	-3.901979e+01	-3.857955e+02
6.940000e-06	-7.629507e-09	-3.220389e-09	-3.915311e+01	-3.871187e+02
6.950000e-06	-7.654963e-09	-3.231914e-09	-3.928374e+01	-3.884139e+02
6.960000e-06	-7.679849e-09	-3.242352e-09	-3.941145e+01	-3.896810e+02
6.970000e-06	-7.704174e-09	-3.252138e-09	-3.953628e+01	-3.909198e+02
6.980000e-06	-7.728078e-09	-3.261958e-09	-3.965895e+01	-3.921303e+02
6.990000e-06	-7.751634e-09	-3.272005e-09	-3.977984e+01	-3.933125e+02
7.000000e-06	-7.774732e-09	-3.281623e-09	-3.989838e+01	-3.944661e+02
7.010000e-06	-7.797140e-09	-3.291855e-09	-4.001337e+01	-3.955911e+02
7.020000e-06	-7.818694e-09	-3.301993e-09	-4.012398e+01	-3.966875e+02
7.030000e-06	-7.839417e-09	-3.311168e-09	-4.023032e+01	-3.977552e+02
7.040000e-06	-7.859522e-09	-3.319254e-09	-4.033350e+01	-3.987940e+02
7.050000e-06	-7.879231e-09	-3.326935e-09	-4.043464e+01	-3.998039e+02
7.060000e-06	-7.898575e-09	-3.335585e-09	-4.053391e+01	-4.007849e+02
7.070000e-06	-7.917424e-09	-3.345166e-09	-4.063064e+01	-4.017369e+02
7.080000e-06	-7.935710e-09	-3.354098e-09	-4.072448e+01	-4.026597e+02
7.090000e-06	-7.953488e-09	-3.361333e-09	-4.081571e+01	-4.035534e+02
7.100000e-06	-7.970763e-09	-3.366996e-09	-4.090436e+01	-4.044179e+02
7.110000e-06	-7.987463e-09	-3.373326e-09	-4.099006e+01	-4.052530e+02
7.120000e-06	-8.003624e-09	-3.378783e-09	-4.107300e+01	-4.060588e+02
7.130000e-06	-8.019380e-09	-3.383398e-09	-4.115386e+01	-4.068352e+02
7.140000e-06	-8.034687e-09	-3.388421e-09	-4.123241e+01	-4.075821e+02
7.150000e-06	-8.049290e-09	-3.393558e-09	-4.130734e+01	-4.082995e+02
7.160000e-06	-8.062941e-09	-3.402263e-09	-4.137740e+01	-4.089873e+02
7.170000e-06	-8.075658e-09	-3.412712e-09	-4.144266e+01	-4.096455e+02
7.180000e-06	-8.087710e-09	-3.423433e-09	-4.150451e+01	-4.102740e+02
7.190000e-06	-8.099253e-09	-3.431661e-09	-4.156375e+01	-4.108728e+02
7.200000e-06	-8.110259e-09	-3.436608e-09	-4.162022e+01	-4.114418e+02
7.210000e-06	-8.120677e-09	-3.436449e-09	-4.167369e+01	-4.119810e+02
7.220000e-06	-8.130553e-09	-3.434655e-09	-4.172437e+01	-4.124904e+02
7.230000e-06	-8.139910e-09	-3.432241e-09	-4.177239e+01	-4.129699e+02
7.240000e-06	-8.148678e-09	-3.432813e-09	-4.181738e+01	-4.134195e+02
7.250000e-06	-8.156881e-09	-3.442647e-09	-4.185948e+01	-4.138392e+02
7.260000e-06	-8.164659e-09	-3.457815e-09	-4.189939e+01	-4.142288e+02
7.270000e-06	-8.172036e-09	-3.474437e-09	-4.193725e+01	-4.145885e+02
7.280000e-06	-8.178840e-09	-3.483337e-09	-4.197217e+01	-4.149181e+02
7.290000e-06	-8.184840e-09	-3.481037e-09	-4.200296e+01	-4.152177e+02
7.300000e-06	-8.189950e-09	-3.470051e-09	-4.202918e+01	-4.154872e+02
7.310000e-06	-8.194307e-09	-3.459252e-09	-4.205154e+01	-4.157265e+02
7.320000e-06	-8.198174e-09	-3.454697e-09	-4.207138e+01	-4.159358e+02
7.330000e-06	-8.201654e-09	-3.457537e-09	-4.208924e+01	-4.161150e+02
7.340000e-06	-8.204656e-09	-3.469395e-09	-4.210465e+01	-4.162640e+02
7.350000e-06	-8.207106e-09	-3.484864e-09	-4.211722e+01	-4.163828e+02
7.360000e-06	-8.209032e-09	-3.497364e-09	-4.212711e+01	-4.164715e+02
7.370000e-06	-8.210455e-09	-3.501403e-09	-4.213441e+01	-4.165300e+02
7.380000e-06	-8.211225e-09	-3.493085e-09	-4.213836e+01	-4.165584e+02
