# Temperatura_=_20.0
# Concentracion g/m^3_=_10000.0
# C_Vs_to_Am_M_A/Vsm_=_116720831517.84952
# pendiente_HvsI_1/m_=_3716.3
# ordenada_HvsI_A/m_=_1297.0
# frecuencia_Hz_=_81192.34895317141
# Promedio de 23 ciclos

Tiempo_(s)	Campo_(V.s)	Magnetizacion_(V.s)	Campo_(kA/m)	Magnetizacion_(A/m)
0.000000e+00	-9.959673e-09	-4.252488e-09	-5.330564e+01	-5.050515e+02
1.000000e-08	-9.959822e-09	-4.260307e-09	-5.330643e+01	-5.049524e+02
2.000000e-08	-9.959745e-09	-4.264855e-09	-5.330602e+01	-5.048402e+02
3.000000e-08	-9.959476e-09	-4.263765e-09	-5.330458e+01	-5.047148e+02
4.000000e-08	-9.959054e-09	-4.259197e-09	-5.330232e+01	-5.045762e+02
5.000000e-08	-9.958489e-09	-4.250112e-09	-5.329930e+01	-5.044246e+02
6.000000e-08	-9.957731e-09	-4.224193e-09	-5.329524e+01	-5.042598e+02
7.000000e-08	-9.956703e-09	-4.176441e-09	-5.328974e+01	-5.040818e+02
8.000000e-08	-9.955285e-09	-4.167780e-09	-5.328215e+01	-5.038908e+02
9.000000e-08	-9.953349e-09	-4.264475e-09	-5.327179e+01	-5.036866e+02
1.000000e-07	-9.950910e-09	-4.389602e-09	-5.325873e+01	-5.034693e+02
1.100000e-07	-9.948088e-09	-4.409312e-09	-5.324363e+01	-5.032389e+02
1.200000e-07	-9.945030e-09	-4.322266e-09	-5.322727e+01	-5.029954e+02
1.300000e-07	-9.941801e-09	-4.269203e-09	-5.320998e+01	-5.027389e+02
1.400000e-07	-9.938364e-09	-4.197964e-09	-5.319158e+01	-5.024692e+02
1.500000e-07	-9.934682e-09	-4.060453e-09	-5.317188e+01	-5.021864e+02
1.600000e-07	-9.930734e-09	-4.061822e-09	-5.315075e+01	-5.018906e+02
1.700000e-07	-9.926550e-09	-4.193022e-09	-5.312835e+01	-5.015817e+02
1.800000e-07	-9.922213e-09	-4.267946e-09	-5.310514e+01	-5.012597e+02
1.900000e-07	-9.917747e-09	-4.289465e-09	-5.308124e+01	-5.009247e+02
2.000000e-07	-9.913143e-09	-4.249454e-09	-5.305660e+01	-5.005767e+02
2.100000e-07	-9.908346e-09	-4.155953e-09	-5.303092e+01	-5.002156e+02
2.200000e-07	-9.903235e-09	-4.167825e-09	-5.300357e+01	-4.998415e+02
2.300000e-07	-9.897729e-09	-4.234009e-09	-5.297410e+01	-4.994544e+02
2.400000e-07	-9.891847e-09	-4.240313e-09	-5.294262e+01	-4.990542e+02
2.500000e-07	-9.885689e-09	-4.247475e-09	-5.290966e+01	-4.986411e+02
2.600000e-07	-9.879309e-09	-4.301978e-09	-5.287552e+01	-4.982150e+02
2.700000e-07	-9.872724e-09	-4.290260e-09	-5.284027e+01	-4.977760e+02
2.800000e-07	-9.865948e-09	-4.166181e-09	-5.280400e+01	-4.973239e+02
2.900000e-07	-9.858941e-09	-4.119654e-09	-5.276650e+01	-4.968590e+02
3.000000e-07	-9.851672e-09	-4.186398e-09	-5.272759e+01	-4.963810e+02
3.100000e-07	-9.844150e-09	-4.235766e-09	-5.268734e+01	-4.958902e+02
3.200000e-07	-9.836388e-09	-4.268694e-09	-5.264579e+01	-4.953865e+02
3.300000e-07	-9.828416e-09	-4.309263e-09	-5.260313e+01	-4.948698e+02
3.400000e-07	-9.820248e-09	-4.265495e-09	-5.255941e+01	-4.943403e+02
3.500000e-07	-9.811903e-09	-4.155433e-09	-5.251475e+01	-4.937979e+02
3.600000e-07	-9.803368e-09	-4.139217e-09	-5.246907e+01	-4.932427e+02
3.700000e-07	-9.794595e-09	-4.167177e-09	-5.242211e+01	-4.926746e+02
3.800000e-07	-9.785585e-09	-4.171046e-09	-5.237389e+01	-4.920936e+02
3.900000e-07	-9.776294e-09	-4.227344e-09	-5.232416e+01	-4.914999e+02
4.000000e-07	-9.766666e-09	-4.283183e-09	-5.227263e+01	-4.908934e+02
4.100000e-07	-9.756666e-09	-4.231557e-09	-5.221911e+01	-4.902741e+02
4.200000e-07	-9.746271e-09	-4.158309e-09	-5.216347e+01	-4.896420e+02
4.300000e-07	-9.735498e-09	-4.150852e-09	-5.210582e+01	-4.889972e+02
4.400000e-07	-9.724314e-09	-4.137342e-09	-5.204596e+01	-4.883396e+02
4.500000e-07	-9.712725e-09	-4.139038e-09	-5.198393e+01	-4.876694e+02
4.600000e-07	-9.700835e-09	-4.195919e-09	-5.192029e+01	-4.869864e+02
4.700000e-07	-9.688679e-09	-4.217612e-09	-5.185523e+01	-4.862908e+02
4.800000e-07	-9.676303e-09	-4.181909e-09	-5.178900e+01	-4.855825e+02
4.900000e-07	-9.663715e-09	-4.159666e-09	-5.172162e+01	-4.848615e+02
5.000000e-07	-9.650868e-09	-4.136071e-09	-5.165286e+01	-4.841279e+02
5.100000e-07	-9.637758e-09	-4.096902e-09	-5.158270e+01	-4.833818e+02
5.200000e-07	-9.624342e-09	-4.114001e-09	-5.151089e+01	-4.826230e+02
5.300000e-07	-9.610610e-09	-4.161765e-09	-5.143740e+01	-4.818517e+02
5.400000e-07	-9.596581e-09	-4.157792e-09	-5.136231e+01	-4.810678e+02
5.500000e-07	-9.582254e-09	-4.127267e-09	-5.128563e+01	-4.802714e+02
5.600000e-07	-9.567625e-09	-4.113430e-09	-5.120734e+01	-4.794625e+02
5.700000e-07	-9.552698e-09	-4.095312e-09	-5.112744e+01	-4.786412e+02
5.800000e-07	-9.537458e-09	-4.087157e-09	-5.104588e+01	-4.778073e+02
5.900000e-07	-9.521873e-09	-4.106385e-09	-5.096246e+01	-4.769610e+02
6.000000e-07	-9.505916e-09	-4.111075e-09	-5.087706e+01	-4.761023e+02
6.100000e-07	-9.489592e-09	-4.100731e-09	-5.078969e+01	-4.752312e+02
6.200000e-07	-9.472929e-09	-4.100838e-09	-5.070051e+01	-4.743478e+02
6.300000e-07	-9.455923e-09	-4.089457e-09	-5.060949e+01	-4.734520e+02
6.400000e-07	-9.438608e-09	-4.062185e-09	-5.051681e+01	-4.725438e+02
6.500000e-07	-9.421027e-09	-4.054881e-09	-5.042272e+01	-4.716234e+02
6.600000e-07	-9.403210e-09	-4.063160e-09	-5.032736e+01	-4.706907e+02
6.700000e-07	-9.385213e-09	-4.068920e-09	-5.023104e+01	-4.697457e+02
6.800000e-07	-9.367059e-09	-4.071908e-09	-5.013387e+01	-4.687885e+02
6.900000e-07	-9.348730e-09	-4.060827e-09	-5.003578e+01	-4.678191e+02
7.000000e-07	-9.330235e-09	-4.037477e-09	-4.993679e+01	-4.668375e+02
7.100000e-07	-9.311570e-09	-4.019027e-09	-4.983689e+01	-4.658437e+02
7.200000e-07	-9.292702e-09	-4.014067e-09	-4.973590e+01	-4.648378e+02
7.300000e-07	-9.273611e-09	-4.016894e-09	-4.963373e+01	-4.638199e+02
7.400000e-07	-9.254254e-09	-4.021418e-09	-4.953013e+01	-4.627898e+02
7.500000e-07	-9.234640e-09	-4.017717e-09	-4.942515e+01	-4.617477e+02
7.600000e-07	-9.214797e-09	-4.005143e-09	-4.931895e+01	-4.606936e+02
7.700000e-07	-9.194736e-09	-3.993250e-09	-4.921158e+01	-4.596275e+02
7.800000e-07	-9.174499e-09	-3.981256e-09	-4.910327e+01	-4.585494e+02
7.900000e-07	-9.154101e-09	-3.972378e-09	-4.899409e+01	-4.574594e+02
8.000000e-07	-9.133569e-09	-3.967245e-09	-4.888420e+01	-4.563574e+02
8.100000e-07	-9.112906e-09	-3.963564e-09	-4.877361e+01	-4.552436e+02
8.200000e-07	-9.092083e-09	-3.960814e-09	-4.866216e+01	-4.541179e+02
8.300000e-07	-9.071059e-09	-3.956093e-09	-4.854964e+01	-4.529804e+02
8.400000e-07	-9.049808e-09	-3.942832e-09	-4.843590e+01	-4.518312e+02
8.500000e-07	-9.028311e-09	-3.922731e-09	-4.832085e+01	-4.506701e+02
8.600000e-07	-9.006577e-09	-3.910483e-09	-4.820452e+01	-4.494973e+02
8.700000e-07	-8.984620e-09	-3.908381e-09	-4.808700e+01	-4.483128e+02
8.800000e-07	-8.962430e-09	-3.909954e-09	-4.796824e+01	-4.471167e+02
8.900000e-07	-8.940033e-09	-3.906759e-09	-4.784837e+01	-4.459089e+02
9.000000e-07	-8.917435e-09	-3.893538e-09	-4.772742e+01	-4.446895e+02
9.100000e-07	-8.894630e-09	-3.876082e-09	-4.760536e+01	-4.434585e+02
9.200000e-07	-8.871584e-09	-3.861104e-09	-4.748202e+01	-4.422160e+02
9.300000e-07	-8.848284e-09	-3.850914e-09	-4.735731e+01	-4.409619e+02
9.400000e-07	-8.824735e-09	-3.841562e-09	-4.723128e+01	-4.396964e+02
9.500000e-07	-8.800955e-09	-3.831289e-09	-4.710400e+01	-4.384194e+02
9.600000e-07	-8.776972e-09	-3.822339e-09	-4.697564e+01	-4.371310e+02
9.700000e-07	-8.752781e-09	-3.817001e-09	-4.684616e+01	-4.358313e+02
9.800000e-07	-8.728419e-09	-3.811116e-09	-4.671578e+01	-4.345201e+02
9.900000e-07	-8.703920e-09	-3.799050e-09	-4.658466e+01	-4.331977e+02
1.000000e-06	-8.679271e-09	-3.782930e-09	-4.645273e+01	-4.318640e+02
1.010000e-06	-8.654440e-09	-3.769158e-09	-4.631983e+01	-4.305190e+02
1.020000e-06	-8.629422e-09	-3.762717e-09	-4.618593e+01	-4.291629e+02
1.030000e-06	-8.604205e-09	-3.759085e-09	-4.605096e+01	-4.277955e+02
1.040000e-06	-8.578728e-09	-3.752076e-09	-4.591461e+01	-4.264171e+02
1.050000e-06	-8.552942e-09	-3.738239e-09	-4.577660e+01	-4.250275e+02
1.060000e-06	-8.526799e-09	-3.723406e-09	-4.563667e+01	-4.236268e+02
1.070000e-06	-8.500288e-09	-3.713720e-09	-4.549479e+01	-4.222152e+02
1.080000e-06	-8.473389e-09	-3.706757e-09	-4.535082e+01	-4.207925e+02
1.090000e-06	-8.446105e-09	-3.699151e-09	-4.520479e+01	-4.193589e+02
1.100000e-06	-8.418510e-09	-3.687961e-09	-4.505710e+01	-4.179143e+02
1.110000e-06	-8.390657e-09	-3.675374e-09	-4.490803e+01	-4.164589e+02
1.120000e-06	-8.362585e-09	-3.663810e-09	-4.475778e+01	-4.149927e+02
1.130000e-06	-8.334316e-09	-3.654331e-09	-4.460648e+01	-4.135156e+02
1.140000e-06	-8.305896e-09	-3.643810e-09	-4.445437e+01	-4.120278e+02
1.150000e-06	-8.277371e-09	-3.629867e-09	-4.430170e+01	-4.105292e+02
1.160000e-06	-8.248727e-09	-3.616644e-09	-4.414839e+01	-4.090199e+02
1.170000e-06	-8.219944e-09	-3.605807e-09	-4.399434e+01	-4.075000e+02
1.180000e-06	-8.190997e-09	-3.597377e-09	-4.383941e+01	-4.059695e+02
1.190000e-06	-8.161848e-09	-3.588852e-09	-4.368340e+01	-4.044284e+02
1.200000e-06	-8.132469e-09	-3.577765e-09	-4.352616e+01	-4.028768e+02
1.210000e-06	-8.102851e-09	-3.566678e-09	-4.336764e+01	-4.013147e+02
1.220000e-06	-8.072994e-09	-3.556308e-09	-4.320784e+01	-3.997422e+02
1.230000e-06	-8.042921e-09	-3.543599e-09	-4.304689e+01	-3.981592e+02
1.240000e-06	-8.012657e-09	-3.526009e-09	-4.288491e+01	-3.965659e+02
1.250000e-06	-7.982230e-09	-3.506657e-09	-4.272206e+01	-3.949622e+02
1.260000e-06	-7.951618e-09	-3.492568e-09	-4.255822e+01	-3.933483e+02
1.270000e-06	-7.920825e-09	-3.484276e-09	-4.239341e+01	-3.917241e+02
1.280000e-06	-7.889846e-09	-3.476401e-09	-4.222761e+01	-3.900898e+02
1.290000e-06	-7.858677e-09	-3.463941e-09	-4.206079e+01	-3.884452e+02
1.300000e-06	-7.827331e-09	-3.448319e-09	-4.189302e+01	-3.867906e+02
1.310000e-06	-7.795795e-09	-3.433483e-09	-4.172423e+01	-3.851259e+02
1.320000e-06	-7.764076e-09	-3.420851e-09	-4.155447e+01	-3.834511e+02
1.330000e-06	-7.732182e-09	-3.407926e-09	-4.138377e+01	-3.817664e+02
1.340000e-06	-7.700126e-09	-3.391361e-09	-4.121220e+01	-3.800717e+02
1.350000e-06	-7.667896e-09	-3.376240e-09	-4.103970e+01	-3.783672e+02
1.360000e-06	-7.635510e-09	-3.366295e-09	-4.086636e+01	-3.766527e+02
1.370000e-06	-7.602986e-09	-3.359590e-09	-4.069229e+01	-3.749285e+02
1.380000e-06	-7.570303e-09	-3.349264e-09	-4.051737e+01	-3.731945e+02
1.390000e-06	-7.537463e-09	-3.331096e-09	-4.034160e+01	-3.714508e+02
1.400000e-06	-7.504452e-09	-3.311465e-09	-4.016492e+01	-3.696974e+02
1.410000e-06	-7.471251e-09	-3.296728e-09	-3.998722e+01	-3.679344e+02
1.420000e-06	-7.437832e-09	-3.286091e-09	-3.980836e+01	-3.661619e+02
1.430000e-06	-7.404152e-09	-3.273562e-09	-3.962810e+01	-3.643797e+02
1.440000e-06	-7.370192e-09	-3.255800e-09	-3.944634e+01	-3.625881e+02
1.450000e-06	-7.335972e-09	-3.237571e-09	-3.926319e+01	-3.607871e+02
1.460000e-06	-7.301459e-09	-3.223425e-09	-3.907847e+01	-3.589767e+02
1.470000e-06	-7.266607e-09	-3.211493e-09	-3.889194e+01	-3.571569e+02
1.480000e-06	-7.231459e-09	-3.196898e-09	-3.870382e+01	-3.553278e+02
1.490000e-06	-7.196043e-09	-3.178181e-09	-3.851427e+01	-3.534895e+02
1.500000e-06	-7.160385e-09	-3.160495e-09	-3.832343e+01	-3.516419e+02
1.510000e-06	-7.124501e-09	-3.145088e-09	-3.813137e+01	-3.497852e+02
1.520000e-06	-7.088410e-09	-3.129642e-09	-3.793820e+01	-3.479194e+02
1.530000e-06	-7.052162e-09	-3.111133e-09	-3.774420e+01	-3.460445e+02
1.540000e-06	-7.015791e-09	-3.090200e-09	-3.754953e+01	-3.441607e+02
1.550000e-06	-6.979301e-09	-3.073490e-09	-3.735423e+01	-3.422678e+02
1.560000e-06	-6.942706e-09	-3.062600e-09	-3.715837e+01	-3.403661e+02
1.570000e-06	-6.906003e-09	-3.051499e-09	-3.696193e+01	-3.384555e+02
1.580000e-06	-6.869178e-09	-3.033156e-09	-3.676484e+01	-3.365360e+02
1.590000e-06	-6.832223e-09	-3.007677e-09	-3.656705e+01	-3.346079e+02
1.600000e-06	-6.795132e-09	-2.982313e-09	-3.636853e+01	-3.326710e+02
1.610000e-06	-6.757875e-09	-2.963565e-09	-3.616913e+01	-3.307254e+02
1.620000e-06	-6.720437e-09	-2.950023e-09	-3.596875e+01	-3.287712e+02
1.630000e-06	-6.682806e-09	-2.934063e-09	-3.576735e+01	-3.268085e+02
1.640000e-06	-6.644970e-09	-2.913083e-09	-3.556484e+01	-3.248372e+02
1.650000e-06	-6.606958e-09	-2.891258e-09	-3.536140e+01	-3.228575e+02
1.660000e-06	-6.568784e-09	-2.874032e-09	-3.515708e+01	-3.208694e+02
1.670000e-06	-6.530466e-09	-2.858909e-09	-3.495200e+01	-3.188729e+02
1.680000e-06	-6.491993e-09	-2.839688e-09	-3.474609e+01	-3.168682e+02
1.690000e-06	-6.453359e-09	-2.818163e-09	-3.453931e+01	-3.148552e+02
1.700000e-06	-6.414587e-09	-2.798801e-09	-3.433180e+01	-3.128339e+02
1.710000e-06	-6.375664e-09	-2.782898e-09	-3.412348e+01	-3.108046e+02
1.720000e-06	-6.336575e-09	-2.766624e-09	-3.391427e+01	-3.087671e+02
1.730000e-06	-6.297333e-09	-2.745496e-09	-3.370424e+01	-3.067216e+02
1.740000e-06	-6.257922e-09	-2.722657e-09	-3.349330e+01	-3.046681e+02
1.750000e-06	-6.218317e-09	-2.705134e-09	-3.328133e+01	-3.026067e+02
1.760000e-06	-6.178536e-09	-2.692497e-09	-3.306842e+01	-3.005374e+02
1.770000e-06	-6.138592e-09	-2.678115e-09	-3.285463e+01	-2.984603e+02
1.780000e-06	-6.098527e-09	-2.657745e-09	-3.264020e+01	-2.963754e+02
1.790000e-06	-6.058359e-09	-2.635431e-09	-3.242521e+01	-2.942828e+02
1.800000e-06	-6.018054e-09	-2.617534e-09	-3.220950e+01	-2.921825e+02
1.810000e-06	-5.977637e-09	-2.603666e-09	-3.199318e+01	-2.900746e+02
1.820000e-06	-5.937133e-09	-2.587660e-09	-3.177639e+01	-2.879591e+02
1.830000e-06	-5.896531e-09	-2.565601e-09	-3.155909e+01	-2.858362e+02
1.840000e-06	-5.855821e-09	-2.541960e-09	-3.134120e+01	-2.837058e+02
1.850000e-06	-5.814991e-09	-2.521101e-09	-3.112267e+01	-2.815681e+02
1.860000e-06	-5.774053e-09	-2.503972e-09	-3.090356e+01	-2.794229e+02
1.870000e-06	-5.732991e-09	-2.488488e-09	-3.068379e+01	-2.772706e+02
1.880000e-06	-5.691749e-09	-2.472135e-09	-3.046306e+01	-2.751110e+02
1.890000e-06	-5.650311e-09	-2.455137e-09	-3.024128e+01	-2.729442e+02
1.900000e-06	-5.608679e-09	-2.439163e-09	-3.001846e+01	-2.707703e+02
1.910000e-06	-5.566833e-09	-2.424000e-09	-2.979449e+01	-2.685894e+02
1.920000e-06	-5.524781e-09	-2.404542e-09	-2.956942e+01	-2.664015e+02
1.930000e-06	-5.482519e-09	-2.380852e-09	-2.934323e+01	-2.642066e+02
1.940000e-06	-5.440021e-09	-2.356104e-09	-2.911578e+01	-2.620049e+02
1.950000e-06	-5.397293e-09	-2.335693e-09	-2.888709e+01	-2.597963e+02
1.960000e-06	-5.354345e-09	-2.320731e-09	-2.865723e+01	-2.575810e+02
1.970000e-06	-5.311229e-09	-2.307252e-09	-2.842646e+01	-2.553590e+02
1.980000e-06	-5.267937e-09	-2.295087e-09	-2.819476e+01	-2.531303e+02
1.990000e-06	-5.224455e-09	-2.281473e-09	-2.796203e+01	-2.508950e+02
2.000000e-06	-5.180798e-09	-2.264227e-09	-2.772838e+01	-2.486532e+02
2.010000e-06	-5.136966e-09	-2.241793e-09	-2.749378e+01	-2.464049e+02
2.020000e-06	-5.092988e-09	-2.215253e-09	-2.725840e+01	-2.441502e+02
2.030000e-06	-5.048878e-09	-2.188964e-09	-2.702232e+01	-2.418891e+02
2.040000e-06	-5.004657e-09	-2.167921e-09	-2.678565e+01	-2.396217e+02
2.050000e-06	-4.960331e-09	-2.154045e-09	-2.654840e+01	-2.373481e+02
2.060000e-06	-4.915883e-09	-2.142812e-09	-2.631051e+01	-2.350684e+02
2.070000e-06	-4.871341e-09	-2.128468e-09	-2.607211e+01	-2.327825e+02
2.080000e-06	-4.826726e-09	-2.107595e-09	-2.583333e+01	-2.304905e+02
2.090000e-06	-4.782021e-09	-2.084489e-09	-2.559406e+01	-2.281925e+02
2.100000e-06	-4.737216e-09	-2.062564e-09	-2.535426e+01	-2.258886e+02
2.110000e-06	-4.692330e-09	-2.040838e-09	-2.511402e+01	-2.235788e+02
2.120000e-06	-4.647373e-09	-2.019764e-09	-2.487340e+01	-2.212632e+02
2.130000e-06	-4.602314e-09	-1.998509e-09	-2.463224e+01	-2.189418e+02
2.140000e-06	-4.557159e-09	-1.978456e-09	-2.439056e+01	-2.166147e+02
2.150000e-06	-4.511908e-09	-1.959105e-09	-2.414838e+01	-2.142820e+02
2.160000e-06	-4.466533e-09	-1.938501e-09	-2.390552e+01	-2.119436e+02
2.170000e-06	-4.421021e-09	-1.916005e-09	-2.366193e+01	-2.095998e+02
2.180000e-06	-4.375387e-09	-1.892212e-09	-2.341769e+01	-2.072505e+02
2.190000e-06	-4.329637e-09	-1.870149e-09	-2.317283e+01	-2.048958e+02
2.200000e-06	-4.283771e-09	-1.849250e-09	-2.292735e+01	-2.025358e+02
2.210000e-06	-4.237806e-09	-1.827568e-09	-2.268134e+01	-2.001705e+02
2.220000e-06	-4.191728e-09	-1.802924e-09	-2.243473e+01	-1.978000e+02
2.230000e-06	-4.145550e-09	-1.775603e-09	-2.218757e+01	-1.954243e+02
2.240000e-06	-4.099282e-09	-1.749135e-09	-2.193994e+01	-1.930435e+02
2.250000e-06	-4.052891e-09	-1.725464e-09	-2.169164e+01	-1.906578e+02
2.260000e-06	-4.006403e-09	-1.702839e-09	-2.144284e+01	-1.882670e+02
2.270000e-06	-3.959848e-09	-1.679088e-09	-2.119367e+01	-1.858713e+02
2.280000e-06	-3.913192e-09	-1.654991e-09	-2.094396e+01	-1.834708e+02
2.290000e-06	-3.866425e-09	-1.631635e-09	-2.069365e+01	-1.810656e+02
2.300000e-06	-3.819564e-09	-1.609407e-09	-2.044285e+01	-1.786556e+02
2.310000e-06	-3.772622e-09	-1.587717e-09	-2.019160e+01	-1.762409e+02
2.320000e-06	-3.725552e-09	-1.564310e-09	-1.993968e+01	-1.738217e+02
2.330000e-06	-3.678358e-09	-1.538827e-09	-1.968709e+01	-1.713979e+02
2.340000e-06	-3.631073e-09	-1.514142e-09	-1.943402e+01	-1.689697e+02
2.350000e-06	-3.583701e-09	-1.491925e-09	-1.918047e+01	-1.665370e+02
2.360000e-06	-3.536253e-09	-1.470047e-09	-1.892652e+01	-1.641001e+02
2.370000e-06	-3.488723e-09	-1.447030e-09	-1.867213e+01	-1.616588e+02
2.380000e-06	-3.441106e-09	-1.423334e-09	-1.841728e+01	-1.592134e+02
2.390000e-06	-3.393410e-09	-1.399235e-09	-1.816200e+01	-1.567637e+02
2.400000e-06	-3.345639e-09	-1.376929e-09	-1.790633e+01	-1.543100e+02
2.410000e-06	-3.297803e-09	-1.356353e-09	-1.765030e+01	-1.518523e+02
2.420000e-06	-3.249901e-09	-1.336000e-09	-1.739392e+01	-1.493907e+02
2.430000e-06	-3.201915e-09	-1.314846e-09	-1.713709e+01	-1.469251e+02
2.440000e-06	-3.153830e-09	-1.292074e-09	-1.687974e+01	-1.444557e+02
2.450000e-06	-3.105661e-09	-1.268880e-09	-1.662193e+01	-1.419825e+02
2.460000e-06	-3.057443e-09	-1.244944e-09	-1.636386e+01	-1.395057e+02
2.470000e-06	-3.009180e-09	-1.220242e-09	-1.610555e+01	-1.370252e+02
2.480000e-06	-2.960849e-09	-1.196826e-09	-1.584687e+01	-1.345411e+02
2.490000e-06	-2.912454e-09	-1.176768e-09	-1.558785e+01	-1.320536e+02
2.500000e-06	-2.864002e-09	-1.159435e-09	-1.532853e+01	-1.295626e+02
2.510000e-06	-2.815476e-09	-1.139795e-09	-1.506881e+01	-1.270682e+02
2.520000e-06	-2.766884e-09	-1.115402e-09	-1.480874e+01	-1.245705e+02
2.530000e-06	-2.718237e-09	-1.089000e-09	-1.454838e+01	-1.220695e+02
2.540000e-06	-2.669520e-09	-1.063279e-09	-1.428764e+01	-1.195654e+02
2.550000e-06	-2.620752e-09	-1.039827e-09	-1.402662e+01	-1.170582e+02
2.560000e-06	-2.571938e-09	-1.018097e-09	-1.376536e+01	-1.145479e+02
2.570000e-06	-2.523068e-09	-9.975381e-10	-1.350380e+01	-1.120346e+02
2.580000e-06	-2.474120e-09	-9.776769e-10	-1.324183e+01	-1.095184e+02
2.590000e-06	-2.425089e-09	-9.570806e-10	-1.297940e+01	-1.069994e+02
2.600000e-06	-2.375991e-09	-9.363949e-10	-1.271663e+01	-1.044775e+02
2.610000e-06	-2.326823e-09	-9.141676e-10	-1.245347e+01	-1.019530e+02
2.620000e-06	-2.277570e-09	-8.902051e-10	-1.218986e+01	-9.942575e+01
2.630000e-06	-2.228252e-09	-8.642864e-10	-1.192591e+01	-9.689594e+01
2.640000e-06	-2.178899e-09	-8.380447e-10	-1.166176e+01	-9.436360e+01
2.650000e-06	-2.129469e-09	-8.139833e-10	-1.139720e+01	-9.182880e+01
2.660000e-06	-2.079970e-09	-7.912770e-10	-1.113228e+01	-8.929161e+01
2.670000e-06	-2.030420e-09	-7.713836e-10	-1.086708e+01	-8.675209e+01
2.680000e-06	-1.980810e-09	-7.524057e-10	-1.060156e+01	-8.421030e+01
2.690000e-06	-1.931116e-09	-7.324244e-10	-1.033559e+01	-8.166633e+01
2.700000e-06	-1.881344e-09	-7.113348e-10	-1.006920e+01	-7.912022e+01
2.710000e-06	-1.831488e-09	-6.884322e-10	-9.802368e+00	-7.657204e+01
2.720000e-06	-1.781562e-09	-6.634998e-10	-9.535156e+00	-7.402187e+01
2.730000e-06	-1.731580e-09	-6.385477e-10	-9.267646e+00	-7.146977e+01
2.740000e-06	-1.681519e-09	-6.165794e-10	-8.999714e+00	-6.891581e+01
2.750000e-06	-1.631397e-09	-5.970097e-10	-8.731455e+00	-6.636005e+01
2.760000e-06	-1.581218e-09	-5.786269e-10	-8.462890e+00	-6.380255e+01
2.770000e-06	-1.530967e-09	-5.587412e-10	-8.193939e+00	-6.124339e+01
2.780000e-06	-1.480633e-09	-5.347301e-10	-7.924542e+00	-5.868264e+01
2.790000e-06	-1.430259e-09	-5.091501e-10	-7.654937e+00	-5.612035e+01
2.800000e-06	-1.379862e-09	-4.844458e-10	-7.385203e+00	-5.355660e+01
2.810000e-06	-1.329394e-09	-4.613834e-10	-7.115094e+00	-5.099144e+01
2.820000e-06	-1.278871e-09	-4.403544e-10	-6.844686e+00	-4.842496e+01
2.830000e-06	-1.228311e-09	-4.182423e-10	-6.574082e+00	-4.585721e+01
2.840000e-06	-1.177702e-09	-3.934879e-10	-6.303214e+00	-4.328827e+01
2.850000e-06	-1.127035e-09	-3.691239e-10	-6.032039e+00	-4.071819e+01
2.860000e-06	-1.076292e-09	-3.464562e-10	-5.760457e+00	-3.814705e+01
2.870000e-06	-1.025516e-09	-3.247619e-10	-5.488698e+00	-3.557491e+01
2.880000e-06	-9.747183e-10	-3.010591e-10	-5.216819e+00	-3.300185e+01
2.890000e-06	-9.238670e-10	-2.738190e-10	-4.944656e+00	-3.042792e+01
2.900000e-06	-8.729933e-10	-2.471273e-10	-4.672373e+00	-2.785319e+01
2.910000e-06	-8.221169e-10	-2.241655e-10	-4.400075e+00	-2.527773e+01
2.920000e-06	-7.711990e-10	-2.028771e-10	-4.127556e+00	-2.270161e+01
2.930000e-06	-7.202572e-10	-1.773246e-10	-3.854908e+00	-2.012490e+01
2.940000e-06	-6.693359e-10	-1.476594e-10	-3.582370e+00	-1.754766e+01
2.950000e-06	-6.183731e-10	-1.207959e-10	-3.309610e+00	-1.496996e+01
2.960000e-06	-5.673472e-10	-9.906849e-11	-3.036513e+00	-1.239186e+01
2.970000e-06	-5.162880e-10	-7.924331e-11	-2.763237e+00	-9.813438e+00
2.980000e-06	-4.652042e-10	-5.548780e-11	-2.489829e+00	-7.234755e+00
2.990000e-06	-4.141524e-10	-2.828394e-11	-2.216593e+00	-4.655880e+00
3.000000e-06	-3.630965e-10	-3.657276e-12	-1.943335e+00	-2.076879e+00
3.010000e-06	-3.119884e-10	1.746975e-11	-1.669797e+00	5.021801e-01
3.020000e-06	-2.608630e-10	3.854416e-11	-1.396167e+00	3.081230e+00
3.030000e-06	-2.097377e-10	6.238744e-11	-1.122537e+00	5.660205e+00
3.040000e-06	-1.586359e-10	8.842289e-11	-8.490328e-01	8.239036e+00
3.050000e-06	-1.075561e-10	1.123009e-10	-5.756463e-01	1.081766e+01
3.060000e-06	-5.647171e-11	1.329503e-10	-3.022354e-01	1.339600e+01
3.070000e-06	-5.364295e-12	1.561389e-10	-2.870124e-02	1.597400e+01
3.080000e-06	4.575417e-11	1.820354e-10	2.448918e-01	1.855159e+01
3.090000e-06	9.687428e-11	2.089715e-10	5.184937e-01	2.112870e+01
3.100000e-06	1.479705e-10	2.329401e-10	7.919680e-01	2.370526e+01
3.110000e-06	1.990536e-10	2.503904e-10	1.065372e+00	2.628121e+01
3.120000e-06	2.501600e-10	2.668771e-10	1.338900e+00	2.885649e+01
3.130000e-06	3.012783e-10	2.880453e-10	1.612493e+00	3.143101e+01
3.140000e-06	3.523707e-10	3.126346e-10	1.885947e+00	3.400472e+01
3.150000e-06	4.034247e-10	3.358685e-10	2.159195e+00	3.657755e+01
3.160000e-06	4.544556e-10	3.558550e-10	2.432320e+00	3.914943e+01
3.170000e-06	5.054432e-10	3.763601e-10	2.705212e+00	4.172030e+01
3.180000e-06	5.564121e-10	4.039580e-10	2.978005e+00	4.429009e+01
3.190000e-06	6.073607e-10	4.337640e-10	3.250689e+00	4.685873e+01
3.200000e-06	6.582680e-10	4.586612e-10	3.523152e+00	4.942615e+01
3.210000e-06	7.091619e-10	4.765663e-10	3.795543e+00	5.199229e+01
3.220000e-06	7.600272e-10	4.921377e-10	4.067781e+00	5.455708e+01
3.230000e-06	8.108599e-10	5.105147e-10	4.339844e+00	5.712046e+01
3.240000e-06	8.616697e-10	5.309032e-10	4.611786e+00	5.968235e+01
3.250000e-06	9.124300e-10	5.526798e-10	4.883462e+00	6.224270e+01
3.260000e-06	9.631570e-10	5.755852e-10	5.154960e+00	6.480143e+01
3.270000e-06	1.013869e-09	6.031350e-10	5.426377e+00	6.735847e+01
3.280000e-06	1.064514e-09	6.314547e-10	5.697435e+00	6.991377e+01
3.290000e-06	1.115083e-09	6.571758e-10	5.968088e+00	7.246725e+01
3.300000e-06	1.165609e-09	6.780379e-10	6.238513e+00	7.501885e+01
3.310000e-06	1.216099e-09	6.925353e-10	6.508742e+00	7.756851e+01
3.320000e-06	1.266516e-09	7.086335e-10	6.778578e+00	8.011615e+01
3.330000e-06	1.316853e-09	7.278186e-10	7.047991e+00	8.266170e+01
3.340000e-06	1.367155e-09	7.508847e-10	7.317213e+00	8.520511e+01
3.350000e-06	1.417443e-09	7.761529e-10	7.586363e+00	8.774631e+01
3.360000e-06	1.467682e-09	7.993780e-10	7.855245e+00	9.028523e+01
3.370000e-06	1.517836e-09	8.233413e-10	8.123677e+00	9.282180e+01
3.380000e-06	1.567933e-09	8.481770e-10	8.391805e+00	9.535596e+01
3.390000e-06	1.617974e-09	8.724358e-10	8.659630e+00	9.788764e+01
3.400000e-06	1.667941e-09	8.921904e-10	8.927061e+00	1.004168e+02
3.410000e-06	1.717831e-09	9.087691e-10	9.194080e+00	1.029433e+02
3.420000e-06	1.767643e-09	9.269843e-10	9.460681e+00	1.054672e+02
3.430000e-06	1.817409e-09	9.471148e-10	9.727037e+00	1.079883e+02
3.440000e-06	1.867122e-09	9.707245e-10	9.993109e+00	1.105066e+02
3.450000e-06	1.916744e-09	9.951453e-10	1.025869e+01	1.130220e+02
3.460000e-06	1.966288e-09	1.019017e-09	1.052386e+01	1.155345e+02
3.470000e-06	2.015760e-09	1.043795e-09	1.078864e+01	1.180440e+02
3.480000e-06	2.065167e-09	1.069047e-09	1.105307e+01	1.205505e+02
3.490000e-06	2.114515e-09	1.091938e-09	1.131719e+01	1.230538e+02
3.500000e-06	2.163810e-09	1.111781e-09	1.158102e+01	1.255539e+02
3.510000e-06	2.213049e-09	1.130968e-09	1.184456e+01	1.280507e+02
3.520000e-06	2.262217e-09	1.150638e-09	1.210771e+01	1.305442e+02
3.530000e-06	2.311312e-09	1.174174e-09	1.237047e+01	1.330343e+02
3.540000e-06	2.360332e-09	1.199471e-09	1.263284e+01	1.355210e+02
3.550000e-06	2.409290e-09	1.224023e-09	1.289486e+01	1.380041e+02
3.560000e-06	2.458200e-09	1.246588e-09	1.315664e+01	1.404836e+02
3.570000e-06	2.507052e-09	1.266237e-09	1.341811e+01	1.429595e+02
3.580000e-06	2.555817e-09	1.287785e-09	1.367910e+01	1.454317e+02
3.590000e-06	2.604505e-09	1.312792e-09	1.393969e+01	1.479001e+02
3.600000e-06	2.653126e-09	1.339434e-09	1.419991e+01	1.503646e+02
3.610000e-06	2.701679e-09	1.364447e-09	1.445978e+01	1.528253e+02
3.620000e-06	2.750190e-09	1.386100e-09	1.471941e+01	1.552820e+02
3.630000e-06	2.798659e-09	1.405465e-09	1.497883e+01	1.577346e+02
3.640000e-06	2.847048e-09	1.422761e-09	1.523781e+01	1.601831e+02
3.650000e-06	2.895355e-09	1.439740e-09	1.549636e+01	1.626275e+02
3.660000e-06	2.943622e-09	1.459759e-09	1.575469e+01	1.650676e+02
3.670000e-06	2.991837e-09	1.486076e-09	1.601275e+01	1.675035e+02
3.680000e-06	3.039981e-09	1.516349e-09	1.627042e+01	1.699350e+02
3.690000e-06	3.088037e-09	1.545994e-09	1.652762e+01	1.723620e+02
3.700000e-06	3.136012e-09	1.569703e-09	1.678439e+01	1.747846e+02
3.710000e-06	3.183927e-09	1.584885e-09	1.704084e+01	1.772027e+02
3.720000e-06	3.231754e-09	1.597201e-09	1.729682e+01	1.796161e+02
3.730000e-06	3.279492e-09	1.613054e-09	1.755232e+01	1.820249e+02
3.740000e-06	3.327149e-09	1.636529e-09	1.780738e+01	1.844289e+02
3.750000e-06	3.374720e-09	1.663617e-09	1.806199e+01	1.868281e+02
3.760000e-06	3.422219e-09	1.690221e-09	1.831622e+01	1.892225e+02
3.770000e-06	3.469630e-09	1.715346e-09	1.856997e+01	1.916120e+02
3.780000e-06	3.516931e-09	1.738239e-09	1.882313e+01	1.939965e+02
3.790000e-06	3.564148e-09	1.759087e-09	1.907584e+01	1.963759e+02
3.800000e-06	3.611285e-09	1.775911e-09	1.932812e+01	1.987502e+02
3.810000e-06	3.658335e-09	1.789855e-09	1.957994e+01	2.011194e+02
3.820000e-06	3.705300e-09	1.805597e-09	1.983131e+01	2.034833e+02
3.830000e-06	3.752178e-09	1.827598e-09	2.008221e+01	2.058419e+02
3.840000e-06	3.798962e-09	1.853077e-09	2.033260e+01	2.081952e+02
3.850000e-06	3.845649e-09	1.876968e-09	2.058248e+01	2.105431e+02
3.860000e-06	3.892247e-09	1.897481e-09	2.083188e+01	2.128855e+02
3.870000e-06	3.938737e-09	1.917024e-09	2.108070e+01	2.152223e+02
3.880000e-06	3.985095e-09	1.938640e-09	2.132881e+01	2.175536e+02
3.890000e-06	4.031332e-09	1.960097e-09	2.157628e+01	2.198792e+02
3.900000e-06	4.077473e-09	1.979013e-09	2.182323e+01	2.221991e+02
3.910000e-06	4.123524e-09	1.993812e-09	2.206971e+01	2.245132e+02
3.920000e-06	4.169478e-09	2.008705e-09	2.231566e+01	2.268214e+02
3.930000e-06	4.215324e-09	2.027815e-09	2.256103e+01	2.291238e+02
3.940000e-06	4.261055e-09	2.051244e-09	2.280579e+01	2.314202e+02
3.950000e-06	4.306676e-09	2.075479e-09	2.304996e+01	2.337106e+02
3.960000e-06	4.352178e-09	2.095975e-09	2.329349e+01	2.359949e+02
3.970000e-06	4.397568e-09	2.114791e-09	2.353643e+01	2.382731e+02
3.980000e-06	4.442887e-09	2.133582e-09	2.377898e+01	2.405451e+02
3.990000e-06	4.488102e-09	2.151594e-09	2.402098e+01	2.428108e+02
4.000000e-06	4.533189e-09	2.167142e-09	2.426229e+01	2.450702e+02
4.010000e-06	4.578188e-09	2.182128e-09	2.450313e+01	2.473232e+02
4.020000e-06	4.623099e-09	2.199023e-09	2.474350e+01	2.495698e+02
4.030000e-06	4.667924e-09	2.218798e-09	2.498341e+01	2.518099e+02
4.040000e-06	4.712669e-09	2.240759e-09	2.522289e+01	2.540435e+02
4.050000e-06	4.757323e-09	2.260889e-09	2.546189e+01	2.562704e+02
4.060000e-06	4.801899e-09	2.278572e-09	2.570047e+01	2.584907e+02
4.070000e-06	4.846409e-09	2.295726e-09	2.593869e+01	2.607043e+02
4.080000e-06	4.890835e-09	2.315395e-09	2.617647e+01	2.629111e+02
4.090000e-06	4.935180e-09	2.336702e-09	2.641381e+01	2.651110e+02
4.100000e-06	4.979446e-09	2.357111e-09	2.665073e+01	2.673040e+02
4.110000e-06	5.023604e-09	2.375401e-09	2.688707e+01	2.694901e+02
4.120000e-06	5.067621e-09	2.391707e-09	2.712265e+01	2.716692e+02
4.130000e-06	5.111486e-09	2.409686e-09	2.735742e+01	2.738412e+02
4.140000e-06	5.155191e-09	2.429655e-09	2.759134e+01	2.760061e+02
4.150000e-06	5.198737e-09	2.450468e-09	2.782441e+01	2.781639e+02
4.160000e-06	5.242102e-09	2.470347e-09	2.805650e+01	2.803143e+02
4.170000e-06	5.285228e-09	2.488266e-09	2.828732e+01	2.824575e+02
4.180000e-06	5.328120e-09	2.505646e-09	2.851688e+01	2.845934e+02
4.190000e-06	5.370805e-09	2.523298e-09	2.874534e+01	2.867218e+02
4.200000e-06	5.413287e-09	2.541738e-09	2.897271e+01	2.888428e+02
4.210000e-06	5.455554e-09	2.561231e-09	2.919892e+01	2.909563e+02
4.220000e-06	5.497609e-09	2.580451e-09	2.942401e+01	2.930622e+02
4.230000e-06	5.539462e-09	2.599181e-09	2.964801e+01	2.951604e+02
4.240000e-06	5.581108e-09	2.618728e-09	2.987091e+01	2.972510e+02
4.250000e-06	5.622568e-09	2.638535e-09	3.009281e+01	2.993339e+02
4.260000e-06	5.663858e-09	2.656116e-09	3.031379e+01	3.014090e+02
4.270000e-06	5.704963e-09	2.671166e-09	3.053380e+01	3.034762e+02
4.280000e-06	5.745921e-09	2.687010e-09	3.075301e+01	3.055356e+02
4.290000e-06	5.786762e-09	2.706623e-09	3.097160e+01	3.075870e+02
4.300000e-06	5.827483e-09	2.729005e-09	3.118954e+01	3.096304e+02
4.310000e-06	5.868097e-09	2.750471e-09	3.140691e+01	3.116657e+02
4.320000e-06	5.908624e-09	2.767709e-09	3.162382e+01	3.136930e+02
4.330000e-06	5.949049e-09	2.781676e-09	3.184018e+01	3.157120e+02
4.340000e-06	5.989359e-09	2.797965e-09	3.205593e+01	3.177229e+02
4.350000e-06	6.029548e-09	2.817259e-09	3.227102e+01	3.197255e+02
4.360000e-06	6.069601e-09	2.836321e-09	3.248539e+01	3.217198e+02
4.370000e-06	6.109520e-09	2.853369e-09	3.269904e+01	3.237057e+02
4.380000e-06	6.149268e-09	2.868889e-09	3.291178e+01	3.256832e+02
4.390000e-06	6.188866e-09	2.885640e-09	3.312372e+01	3.276522e+02
4.400000e-06	6.228319e-09	2.903529e-09	3.333488e+01	3.296127e+02
4.410000e-06	6.267596e-09	2.919927e-09	3.354509e+01	3.315646e+02
4.420000e-06	6.306713e-09	2.934226e-09	3.375445e+01	3.335079e+02
4.430000e-06	6.345676e-09	2.948775e-09	3.396299e+01	3.354426e+02
4.440000e-06	6.384477e-09	2.966369e-09	3.417066e+01	3.373685e+02
4.450000e-06	6.423140e-09	2.984900e-09	3.437759e+01	3.392856e+02
4.460000e-06	6.461663e-09	3.000925e-09	3.458377e+01	3.411939e+02
4.470000e-06	6.500033e-09	3.014434e-09	3.478913e+01	3.430933e+02
4.480000e-06	6.538246e-09	3.026894e-09	3.499365e+01	3.449838e+02
4.490000e-06	6.576274e-09	3.041199e-09	3.519718e+01	3.468653e+02
4.500000e-06	6.614124e-09	3.058733e-09	3.539976e+01	3.487378e+02
4.510000e-06	6.651800e-09	3.076872e-09	3.560141e+01	3.506012e+02
4.520000e-06	6.689298e-09	3.091811e-09	3.580210e+01	3.524555e+02
4.530000e-06	6.726632e-09	3.103015e-09	3.600192e+01	3.543007e+02
4.540000e-06	6.763802e-09	3.115335e-09	3.620086e+01	3.561366e+02
4.550000e-06	6.800816e-09	3.131250e-09	3.639896e+01	3.579632e+02
4.560000e-06	6.837690e-09	3.148601e-09	3.659632e+01	3.597806e+02
4.570000e-06	6.874436e-09	3.164209e-09	3.679299e+01	3.615886e+02
4.580000e-06	6.911086e-09	3.176791e-09	3.698915e+01	3.633871e+02
4.590000e-06	6.947645e-09	3.189554e-09	3.718482e+01	3.651763e+02
4.600000e-06	6.984078e-09	3.205505e-09	3.737981e+01	3.669559e+02
4.610000e-06	7.020380e-09	3.222323e-09	3.757410e+01	3.687260e+02
4.620000e-06	7.056550e-09	3.236914e-09	3.776770e+01	3.704864e+02
4.630000e-06	7.092554e-09	3.249405e-09	3.796039e+01	3.722373e+02
4.640000e-06	7.128366e-09	3.261669e-09	3.815206e+01	3.739785e+02
4.650000e-06	7.163962e-09	3.276503e-09	3.834258e+01	3.757099e+02
4.660000e-06	7.199297e-09	3.292988e-09	3.853169e+01	3.774316e+02
4.670000e-06	7.234336e-09	3.306761e-09	3.871923e+01	3.791434e+02
4.680000e-06	7.269073e-09	3.317575e-09	3.890515e+01	3.808454e+02
4.690000e-06	7.303502e-09	3.330312e-09	3.908942e+01	3.825374e+02
4.700000e-06	7.337630e-09	3.347146e-09	3.927207e+01	3.842196e+02
4.710000e-06	7.371486e-09	3.364002e-09	3.945327e+01	3.858917e+02
4.720000e-06	7.405059e-09	3.376453e-09	3.963296e+01	3.875538e+02
4.730000e-06	7.438374e-09	3.386122e-09	3.981127e+01	3.892058e+02
4.740000e-06	7.471505e-09	3.397513e-09	3.998859e+01	3.908476e+02
4.750000e-06	7.504472e-09	3.411646e-09	4.016503e+01	3.924794e+02
4.760000e-06	7.537291e-09	3.426709e-09	4.034069e+01	3.941008e+02
4.770000e-06	7.569973e-09	3.440579e-09	4.051561e+01	3.957121e+02
4.780000e-06	7.602533e-09	3.452400e-09	4.068987e+01	3.973130e+02
4.790000e-06	7.634954e-09	3.464591e-09	4.086339e+01	3.989037e+02
4.800000e-06	7.667217e-09	3.479719e-09	4.103607e+01	4.004839e+02
4.810000e-06	7.699332e-09	3.493817e-09	4.120796e+01	4.020537e+02
4.820000e-06	7.731281e-09	3.505260e-09	4.137895e+01	4.036131e+02
4.830000e-06	7.763021e-09	3.516751e-09	4.154883e+01	4.051619e+02
4.840000e-06	7.794542e-09	3.530163e-09	4.171753e+01	4.067002e+02
4.850000e-06	7.825849e-09	3.545070e-09	4.188509e+01	4.082280e+02
4.860000e-06	7.856937e-09	3.557732e-09	4.205148e+01	4.097451e+02
4.870000e-06	7.887817e-09	3.569540e-09	4.221675e+01	4.112516e+02
4.880000e-06	7.918532e-09	3.583410e-09	4.238115e+01	4.127473e+02
4.890000e-06	7.949122e-09	3.601079e-09	4.254487e+01	4.142323e+02
4.900000e-06	7.979550e-09	3.619128e-09	4.270772e+01	4.157066e+02
4.910000e-06	8.009778e-09	3.632655e-09	4.286951e+01	4.171700e+02
4.920000e-06	8.039818e-09	3.643383e-09	4.303029e+01	4.186226e+02
4.930000e-06	8.069655e-09	3.653977e-09	4.318998e+01	4.200643e+02
4.940000e-06	8.099265e-09	3.666494e-09	4.334846e+01	4.214950e+02
4.950000e-06	8.128674e-09	3.679469e-09	4.350585e+01	4.229148e+02
4.960000e-06	8.157896e-09	3.691960e-09	4.366225e+01	4.243236e+02
4.970000e-06	8.186932e-09	3.705783e-09	4.381766e+01	4.257213e+02
4.980000e-06	8.215797e-09	3.722342e-09	4.397215e+01	4.271080e+02
4.990000e-06	8.244523e-09	3.739043e-09	4.412590e+01	4.284836e+02
5.000000e-06	8.273125e-09	3.750308e-09	4.427898e+01	4.298480e+02
5.010000e-06	8.301593e-09	3.755773e-09	4.443135e+01	4.312012e+02
5.020000e-06	8.329935e-09	3.760713e-09	4.458303e+01	4.325432e+02
5.030000e-06	8.358127e-09	3.770967e-09	4.473393e+01	4.338740e+02
5.040000e-06	8.386119e-09	3.786136e-09	4.488374e+01	4.351935e+02
5.050000e-06	8.413854e-09	3.801420e-09	4.503218e+01	4.365016e+02
5.060000e-06	8.441272e-09	3.813059e-09	4.517893e+01	4.377984e+02
5.070000e-06	8.468330e-09	3.821541e-09	4.532375e+01	4.390838e+02
5.080000e-06	8.495030e-09	3.829400e-09	4.546665e+01	4.403578e+02
5.090000e-06	8.521376e-09	3.838942e-09	4.560766e+01	4.416203e+02
5.100000e-06	8.547340e-09	3.849309e-09	4.574662e+01	4.428713e+02
5.110000e-06	8.572959e-09	3.857167e-09	4.588373e+01	4.441109e+02
5.120000e-06	8.598291e-09	3.863485e-09	4.601931e+01	4.453388e+02
5.130000e-06	8.623373e-09	3.870672e-09	4.615356e+01	4.465552e+02
5.140000e-06	8.648256e-09	3.878128e-09	4.628674e+01	4.477599e+02
5.150000e-06	8.672969e-09	3.885513e-09	4.641900e+01	4.489530e+02
5.160000e-06	8.697522e-09	3.894522e-09	4.655041e+01	4.501345e+02
5.170000e-06	8.721924e-09	3.905385e-09	4.668102e+01	4.513042e+02
5.180000e-06	8.746155e-09	3.917528e-09	4.681070e+01	4.524621e+02
5.190000e-06	8.770190e-09	3.929412e-09	4.693934e+01	4.536083e+02
5.200000e-06	8.794005e-09	3.937477e-09	4.706681e+01	4.547427e+02
5.210000e-06	8.817561e-09	3.942365e-09	4.719288e+01	4.558653e+02
5.220000e-06	8.840867e-09	3.947612e-09	4.731762e+01	4.569760e+02
5.230000e-06	8.863937e-09	3.954620e-09	4.744109e+01	4.580748e+02
5.240000e-06	8.886792e-09	3.964359e-09	4.756342e+01	4.591617e+02
5.250000e-06	8.909464e-09	3.974530e-09	4.768476e+01	4.602367e+02
5.260000e-06	8.931948e-09	3.982312e-09	4.780510e+01	4.612997e+02
5.270000e-06	8.954231e-09	3.989104e-09	4.792436e+01	4.623506e+02
5.280000e-06	8.976293e-09	3.997445e-09	4.804244e+01	4.633896e+02
5.290000e-06	8.998103e-09	4.006530e-09	4.815917e+01	4.644165e+02
5.300000e-06	9.019641e-09	4.013033e-09	4.827445e+01	4.654313e+02
5.310000e-06	9.040952e-09	4.017255e-09	4.838850e+01	4.664340e+02
5.320000e-06	9.062063e-09	4.021643e-09	4.850150e+01	4.674246e+02
5.330000e-06	9.082984e-09	4.027501e-09	4.861347e+01	4.684030e+02
5.340000e-06	9.103740e-09	4.034486e-09	4.872455e+01	4.693692e+02
5.350000e-06	9.124373e-09	4.040707e-09	4.883498e+01	4.703232e+02
5.360000e-06	9.144894e-09	4.047040e-09	4.894482e+01	4.712650e+02
5.370000e-06	9.165272e-09	4.054303e-09	4.905388e+01	4.721945e+02
5.380000e-06	9.185477e-09	4.063423e-09	4.916202e+01	4.731117e+02
5.390000e-06	9.205473e-09	4.072473e-09	4.926905e+01	4.740166e+02
5.400000e-06	9.225247e-09	4.077998e-09	4.937488e+01	4.749092e+02
5.410000e-06	9.244765e-09	4.083228e-09	4.947934e+01	4.757894e+02
5.420000e-06	9.264017e-09	4.089877e-09	4.958238e+01	4.766573e+02
5.430000e-06	9.283014e-09	4.097366e-09	4.968406e+01	4.775127e+02
5.440000e-06	9.301765e-09	4.104154e-09	4.978442e+01	4.783557e+02
5.450000e-06	9.320289e-09	4.109428e-09	4.988356e+01	4.791863e+02
5.460000e-06	9.338613e-09	4.116200e-09	4.998163e+01	4.800044e+02
5.470000e-06	9.356764e-09	4.125744e-09	5.007878e+01	4.808101e+02
5.480000e-06	9.374773e-09	4.136762e-09	5.017516e+01	4.816032e+02
5.490000e-06	9.392639e-09	4.145915e-09	5.027078e+01	4.823838e+02
5.500000e-06	9.410316e-09	4.150864e-09	5.036540e+01	4.831518e+02
5.510000e-06	9.427785e-09	4.156477e-09	5.045889e+01	4.839073e+02
5.520000e-06	9.445005e-09	4.165426e-09	5.055105e+01	4.846501e+02
5.530000e-06	9.461927e-09	4.174490e-09	5.064162e+01	4.853804e+02
5.540000e-06	9.478541e-09	4.182073e-09	5.073054e+01	4.860980e+02
5.550000e-06	9.494799e-09	4.187415e-09	5.081756e+01	4.868030e+02
5.560000e-06	9.510673e-09	4.192456e-09	5.090252e+01	4.874953e+02
5.570000e-06	9.526200e-09	4.199556e-09	5.098562e+01	4.881750e+02
5.580000e-06	9.541395e-09	4.207292e-09	5.106695e+01	4.888419e+02
5.590000e-06	9.556299e-09	4.213325e-09	5.114672e+01	4.894961e+02
5.600000e-06	9.570961e-09	4.217547e-09	5.122519e+01	4.901376e+02
5.610000e-06	9.585377e-09	4.223056e-09	5.130234e+01	4.907663e+02
5.620000e-06	9.599514e-09	4.228993e-09	5.137801e+01	4.913823e+02
5.630000e-06	9.613368e-09	4.233849e-09	5.145216e+01	4.919855e+02
5.640000e-06	9.626936e-09	4.237610e-09	5.152477e+01	4.925759e+02
5.650000e-06	9.640212e-09	4.241161e-09	5.159583e+01	4.931534e+02
5.660000e-06	9.653221e-09	4.248222e-09	5.166546e+01	4.937182e+02
5.670000e-06	9.666009e-09	4.257918e-09	5.173390e+01	4.942700e+02
5.680000e-06	9.678604e-09	4.265430e-09	5.180131e+01	4.948091e+02
5.690000e-06	9.690970e-09	4.266949e-09	5.186750e+01	4.953352e+02
5.700000e-06	9.703094e-09	4.266240e-09	5.193239e+01	4.958485e+02
5.710000e-06	9.714948e-09	4.270493e-09	5.199583e+01	4.963489e+02
5.720000e-06	9.726452e-09	4.278154e-09	5.205740e+01	4.968363e+02
5.730000e-06	9.737551e-09	4.284378e-09	5.211680e+01	4.973108e+02
5.740000e-06	9.748198e-09	4.287228e-09	5.217378e+01	4.977724e+02
5.750000e-06	9.758416e-09	4.288709e-09	5.222848e+01	4.982211e+02
5.760000e-06	9.768257e-09	4.292202e-09	5.228114e+01	4.986567e+02
5.770000e-06	9.777744e-09	4.297104e-09	5.233192e+01	4.990794e+02
5.780000e-06	9.786911e-09	4.302265e-09	5.238098e+01	4.994891e+02
5.790000e-06	9.795826e-09	4.304555e-09	5.242870e+01	4.998859e+02
5.800000e-06	9.804560e-09	4.304269e-09	5.247545e+01	5.002696e+02
5.810000e-06	9.813136e-09	4.303877e-09	5.252134e+01	5.006403e+02
5.820000e-06	9.821564e-09	4.305704e-09	5.256645e+01	5.009979e+02
5.830000e-06	9.829845e-09	4.309868e-09	5.261077e+01	5.013426e+02
5.840000e-06	9.837919e-09	4.312671e-09	5.265399e+01	5.016742e+02
5.850000e-06	9.845732e-09	4.315075e-09	5.269581e+01	5.019927e+02
5.860000e-06	9.853260e-09	4.314990e-09	5.273609e+01	5.022982e+02
5.870000e-06	9.860504e-09	4.314973e-09	5.277487e+01	5.025906e+02
5.880000e-06	9.867515e-09	4.315828e-09	5.281239e+01	5.028699e+02
5.890000e-06	9.874289e-09	4.314525e-09	5.284864e+01	5.031362e+02
5.900000e-06	9.880826e-09	4.316196e-09	5.288363e+01	5.033893e+02
5.910000e-06	9.887137e-09	4.319745e-09	5.291741e+01	5.036294e+02
5.920000e-06	9.893201e-09	4.326338e-09	5.294986e+01	5.038564e+02
5.930000e-06	9.898994e-09	4.330466e-09	5.298087e+01	5.040702e+02
5.940000e-06	9.904495e-09	4.327707e-09	5.301031e+01	5.042709e+02
5.950000e-06	9.909721e-09	4.322424e-09	5.303828e+01	5.044586e+02
5.960000e-06	9.914728e-09	4.317049e-09	5.306508e+01	5.046331e+02
5.970000e-06	9.919556e-09	4.317993e-09	5.309092e+01	5.047944e+02
5.980000e-06	9.924242e-09	4.322496e-09	5.311600e+01	5.049426e+02
5.990000e-06	9.928791e-09	4.328079e-09	5.314035e+01	5.050777e+02
6.000000e-06	9.933184e-09	4.332684e-09	5.316386e+01	5.051997e+02
6.010000e-06	9.937401e-09	4.335279e-09	5.318643e+01	5.053085e+02
6.020000e-06	9.941400e-09	4.335203e-09	5.320783e+01	5.054041e+02
6.030000e-06	9.945118e-09	4.330716e-09	5.322773e+01	5.054867e+02
6.040000e-06	9.948480e-09	4.325676e-09	5.324572e+01	5.055560e+02
6.050000e-06	9.951440e-09	4.321757e-09	5.326157e+01	5.056122e+02
6.060000e-06	9.953993e-09	4.321248e-09	5.327523e+01	5.056553e+02
6.070000e-06	9.956154e-09	4.322334e-09	5.328680e+01	5.056852e+02
6.080000e-06	9.957912e-09	4.324528e-09	5.329621e+01	5.057019e+02
6.090000e-06	9.959309e-09	4.326717e-09	5.330368e+01	5.057055e+02
6.100000e-06	9.960441e-09	4.328038e-09	5.330974e+01	5.056959e+02
6.110000e-06	9.961339e-09	4.330568e-09	5.331455e+01	5.056731e+02
6.120000e-06	9.962044e-09	4.333204e-09	5.331832e+01	5.056373e+02
6.130000e-06	9.962613e-09	4.334697e-09	5.332137e+01	5.055882e+02
6.140000e-06	9.963040e-09	4.332200e-09	5.332365e+01	5.055260e+02
6.150000e-06	9.963287e-09	4.328379e-09	5.332497e+01	5.054506e+02
6.160000e-06	9.963305e-09	4.327278e-09	5.332507e+01	5.053621e+02
6.170000e-06	9.963075e-09	4.330005e-09	5.332384e+01	5.052605e+02
6.180000e-06	9.962569e-09	4.335241e-09	5.332113e+01	5.051457e+02
6.190000e-06	9.961776e-09	4.338993e-09	5.331689e+01	5.050177e+02
6.200000e-06	9.960755e-09	4.347085e-09	5.331142e+01	5.048767e+02
6.210000e-06	9.959518e-09	4.370466e-09	5.330480e+01	5.047224e+02
6.220000e-06	9.958069e-09	4.414760e-09	5.329705e+01	5.045551e+02
6.230000e-06	9.956446e-09	4.431778e-09	5.328836e+01	5.043746e+02
6.240000e-06	9.954658e-09	4.337212e-09	5.327879e+01	5.041810e+02
6.250000e-06	9.952650e-09	4.173657e-09	5.326805e+01	5.039743e+02
6.260000e-06	9.950328e-09	4.152933e-09	5.325561e+01	5.037545e+02
6.270000e-06	9.947652e-09	4.269786e-09	5.324129e+01	5.035215e+02
6.280000e-06	9.944686e-09	4.296749e-09	5.322542e+01	5.032755e+02
6.290000e-06	9.941485e-09	4.357374e-09	5.320829e+01	5.030164e+02
6.300000e-06	9.938101e-09	4.539946e-09	5.319017e+01	5.027441e+02
6.310000e-06	9.934600e-09	4.559598e-09	5.317144e+01	5.024588e+02
6.320000e-06	9.930999e-09	4.415469e-09	5.315216e+01	5.021605e+02
6.330000e-06	9.927259e-09	4.308985e-09	5.313215e+01	5.018490e+02
6.340000e-06	9.923290e-09	4.265425e-09	5.311090e+01	5.015245e+02
6.350000e-06	9.919000e-09	4.284165e-09	5.308794e+01	5.011870e+02
6.360000e-06	9.914326e-09	4.340010e-09	5.306293e+01	5.008364e+02
6.370000e-06	9.909235e-09	4.395718e-09	5.303568e+01	5.004728e+02
6.380000e-06	9.903748e-09	4.433537e-09	5.300631e+01	5.000962e+02
6.390000e-06	9.897864e-09	4.402227e-09	5.297482e+01	4.997065e+02
6.400000e-06	9.891595e-09	4.339227e-09	5.294127e+01	4.993039e+02
6.410000e-06	9.884988e-09	4.299240e-09	5.290591e+01	4.988882e+02
6.420000e-06	9.878072e-09	4.282497e-09	5.286889e+01	4.984596e+02
6.430000e-06	9.870912e-09	4.306378e-09	5.283057e+01	4.980180e+02
6.440000e-06	9.863573e-09	4.377190e-09	5.279129e+01	4.975635e+02
6.450000e-06	9.856077e-09	4.425602e-09	5.275117e+01	4.970960e+02
6.460000e-06	9.848442e-09	4.366583e-09	5.271030e+01	4.966156e+02
6.470000e-06	9.840632e-09	4.280245e-09	5.266851e+01	4.961222e+02
6.480000e-06	9.832574e-09	4.253061e-09	5.262538e+01	4.956160e+02
6.490000e-06	9.824230e-09	4.271267e-09	5.258072e+01	4.950968e+02
6.500000e-06	9.815606e-09	4.310259e-09	5.253456e+01	4.945648e+02
6.510000e-06	9.806703e-09	4.340897e-09	5.248691e+01	4.940199e+02
6.520000e-06	9.797550e-09	4.337549e-09	5.243792e+01	4.934621e+02
6.530000e-06	9.788191e-09	4.302460e-09	5.238783e+01	4.928916e+02
6.540000e-06	9.778627e-09	4.276305e-09	5.233665e+01	4.923081e+02
6.550000e-06	9.768815e-09	4.260319e-09	5.228413e+01	4.917119e+02
6.560000e-06	9.758736e-09	4.243544e-09	5.223019e+01	4.911029e+02
6.570000e-06	9.748364e-09	4.245050e-09	5.217467e+01	4.904811e+02
6.580000e-06	9.737702e-09	4.265344e-09	5.211761e+01	4.898466e+02
6.590000e-06	9.726777e-09	4.283006e-09	5.205914e+01	4.891993e+02
6.600000e-06	9.715596e-09	4.278610e-09	5.199929e+01	4.885393e+02
6.610000e-06	9.704199e-09	4.254433e-09	5.193830e+01	4.878665e+02
6.620000e-06	9.692579e-09	4.215520e-09	5.187610e+01	4.871811e+02
6.630000e-06	9.680697e-09	4.191670e-09	5.181251e+01	4.864830e+02
6.640000e-06	9.668518e-09	4.207999e-09	5.174733e+01	4.857722e+02
6.650000e-06	9.655996e-09	4.233474e-09	5.168031e+01	4.850488e+02
6.660000e-06	9.643093e-09	4.231192e-09	5.161125e+01	4.843128e+02
6.670000e-06	9.629739e-09	4.206272e-09	5.153977e+01	4.835642e+02
6.680000e-06	9.615918e-09	4.183247e-09	5.146581e+01	4.828030e+02
6.690000e-06	9.601687e-09	4.174560e-09	5.138964e+01	4.820292e+02
6.700000e-06	9.587095e-09	4.183665e-09	5.131154e+01	4.812429e+02
6.710000e-06	9.572202e-09	4.189090e-09	5.123183e+01	4.804441e+02
6.720000e-06	9.557082e-09	4.176584e-09	5.115090e+01	4.796328e+02
6.730000e-06	9.541784e-09	4.165917e-09	5.106903e+01	4.788090e+02
6.740000e-06	9.526328e-09	4.166919e-09	5.098631e+01	4.779727e+02
6.750000e-06	9.510731e-09	4.162306e-09	5.090283e+01	4.771240e+02
6.760000e-06	9.494943e-09	4.145670e-09	5.081833e+01	4.762629e+02
6.770000e-06	9.478939e-09	4.129098e-09	5.073267e+01	4.753894e+02
6.780000e-06	9.462698e-09	4.122016e-09	5.064575e+01	4.745035e+02
6.790000e-06	9.446187e-09	4.132626e-09	5.055738e+01	4.736053e+02
6.800000e-06	9.429413e-09	4.144416e-09	5.046760e+01	4.726948e+02
6.810000e-06	9.412387e-09	4.133057e-09	5.037647e+01	4.717719e+02
6.820000e-06	9.395137e-09	4.107133e-09	5.028415e+01	4.708368e+02
6.830000e-06	9.377696e-09	4.088805e-09	5.019080e+01	4.698895e+02
6.840000e-06	9.360049e-09	4.084836e-09	5.009636e+01	4.689299e+02
6.850000e-06	9.342171e-09	4.087065e-09	5.000067e+01	4.679581e+02
6.860000e-06	9.324070e-09	4.084062e-09	4.990379e+01	4.669742e+02
6.870000e-06	9.305714e-09	4.071208e-09	4.980555e+01	4.659780e+02
6.880000e-06	9.287076e-09	4.061042e-09	4.970579e+01	4.649698e+02
6.890000e-06	9.268215e-09	4.058586e-09	4.960484e+01	4.639495e+02
6.900000e-06	9.249178e-09	4.053480e-09	4.950296e+01	4.629171e+02
6.910000e-06	9.229986e-09	4.041820e-09	4.940024e+01	4.618726e+02
6.920000e-06	9.210658e-09	4.025615e-09	4.929679e+01	4.608162e+02
6.930000e-06	9.191201e-09	4.016229e-09	4.919265e+01	4.597477e+02
6.940000e-06	9.171596e-09	4.015887e-09	4.908772e+01	4.586673e+02
6.950000e-06	9.151825e-09	4.011357e-09	4.898191e+01	4.575750e+02
6.960000e-06	9.131852e-09	3.997173e-09	4.887501e+01	4.564707e+02
6.970000e-06	9.111593e-09	3.980351e-09	4.876658e+01	4.553546e+02
6.980000e-06	9.090957e-09	3.970484e-09	4.865613e+01	4.542266e+02
6.990000e-06	9.069913e-09	3.967706e-09	4.854350e+01	4.530868e+02
7.000000e-06	9.048491e-09	3.964141e-09	4.842885e+01	4.519353e+02
7.010000e-06	9.026681e-09	3.952958e-09	4.831212e+01	4.507719e+02
7.020000e-06	9.004480e-09	3.939147e-09	4.819330e+01	4.495969e+02
7.030000e-06	8.981972e-09	3.928540e-09	4.807283e+01	4.484101e+02
7.040000e-06	8.959194e-09	3.921421e-09	4.795092e+01	4.472117e+02
7.050000e-06	8.936170e-09	3.913690e-09	4.782769e+01	4.460016e+02
7.060000e-06	8.912983e-09	3.899987e-09	4.770359e+01	4.447799e+02
7.070000e-06	8.889639e-09	3.886092e-09	4.757865e+01	4.435467e+02
7.080000e-06	8.866121e-09	3.877015e-09	4.745278e+01	4.423019e+02
7.090000e-06	8.842446e-09	3.870706e-09	4.732607e+01	4.410456e+02
7.100000e-06	8.818625e-09	3.862207e-09	4.719857e+01	4.397779e+02
7.110000e-06	8.794600e-09	3.846991e-09	4.706999e+01	4.384987e+02
7.120000e-06	8.770325e-09	3.829223e-09	4.694007e+01	4.372081e+02
7.130000e-06	8.745814e-09	3.817808e-09	4.680888e+01	4.359061e+02
7.140000e-06	8.721090e-09	3.810529e-09	4.667655e+01	4.345928e+02
7.150000e-06	8.696144e-09	3.799093e-09	4.654304e+01	4.332681e+02
7.160000e-06	8.670989e-09	3.782102e-09	4.640840e+01	4.319322e+02
7.170000e-06	8.645646e-09	3.765577e-09	4.627277e+01	4.305851e+02
7.180000e-06	8.620091e-09	3.755638e-09	4.613599e+01	4.292267e+02
7.190000e-06	8.594310e-09	3.747382e-09	4.599800e+01	4.278572e+02
7.200000e-06	8.568295e-09	3.734768e-09	4.585877e+01	4.264766e+02
7.210000e-06	8.542041e-09	3.718597e-09	4.571825e+01	4.250849e+02
7.220000e-06	8.515555e-09	3.703274e-09	4.557650e+01	4.236821e+02
7.230000e-06	8.488832e-09	3.692595e-09	4.543347e+01	4.222682e+02
7.240000e-06	8.461894e-09	3.682233e-09	4.528929e+01	4.208434e+02
7.250000e-06	8.434785e-09	3.666194e-09	4.514421e+01	4.194077e+02
7.260000e-06	8.407531e-09	3.645185e-09	4.499834e+01	4.179610e+02
7.270000e-06	8.380153e-09	3.627068e-09	4.485180e+01	4.165035e+02
7.280000e-06	8.352641e-09	3.615443e-09	4.470456e+01	4.150351e+02
7.290000e-06	8.324989e-09	3.606756e-09	4.455656e+01	4.135559e+02
7.300000e-06	8.297174e-09	3.596645e-09	4.440769e+01	4.120660e+02
7.310000e-06	8.269161e-09	3.581652e-09	4.425776e+01	4.105653e+02
7.320000e-06	8.240907e-09	3.566720e-09	4.410654e+01	4.090540e+02
7.330000e-06	8.212360e-09	3.553448e-09	4.395375e+01	4.075320e+02
7.340000e-06	8.183464e-09	3.538266e-09	4.379910e+01	4.059995e+02
7.350000e-06	8.154206e-09	3.520207e-09	4.364251e+01	4.044563e+02
7.360000e-06	8.124579e-09	3.500957e-09	4.348394e+01	4.029027e+02
7.370000e-06	8.094583e-09	3.485881e-09	4.332339e+01	4.013385e+02
7.380000e-06	8.064301e-09	3.475355e-09	4.316132e+01	3.997639e+02
7.390000e-06	8.033760e-09	3.465747e-09	4.299786e+01	3.981789e+02
7.400000e-06	8.002948e-09	3.451607e-09	4.283295e+01	3.965836e+02
7.410000e-06	7.971930e-09	3.434840e-09	4.266693e+01	3.949779e+02
7.420000e-06	7.940758e-09	3.419493e-09	4.250010e+01	3.933620e+02
7.430000e-06	7.909431e-09	3.404826e-09	4.233243e+01	3.917358e+02
7.440000e-06	7.877936e-09	3.390362e-09	4.216386e+01	3.900995e+02
7.450000e-06	7.846286e-09	3.375617e-09	4.199447e+01	3.884529e+02
7.460000e-06	7.814490e-09	3.363004e-09	4.182429e+01	3.867963e+02
7.470000e-06	7.782520e-09	3.352144e-09	4.165318e+01	3.851296e+02
7.480000e-06	7.750375e-09	3.339290e-09	4.148114e+01	3.834529e+02
7.490000e-06	7.718045e-09	3.322378e-09	4.130810e+01	3.817663e+02
7.500000e-06	7.685498e-09	3.303887e-09	4.113391e+01	3.800697e+02
7.510000e-06	7.652752e-09	3.286803e-09	4.095865e+01	3.783632e+02
7.520000e-06	7.619829e-09	3.272075e-09	4.078244e+01	3.766468e+02
7.530000e-06	7.586725e-09	3.256777e-09	4.060526e+01	3.749207e+02
7.540000e-06	7.553438e-09	3.239519e-09	4.042710e+01	3.731848e+02
7.550000e-06	7.519951e-09	3.223697e-09	4.024788e+01	3.714392e+02
7.560000e-06	7.486271e-09	3.209219e-09	4.006762e+01	3.696839e+02
7.570000e-06	7.452400e-09	3.193991e-09	3.988633e+01	3.679191e+02
7.580000e-06	7.418324e-09	3.175533e-09	3.970395e+01	3.661446e+02
7.590000e-06	7.384033e-09	3.153608e-09	3.952043e+01	3.643606e+02
7.600000e-06	7.349550e-09	3.133413e-09	3.933586e+01	3.625672e+02
7.610000e-06	7.314903e-09	3.116285e-09	3.915043e+01	3.607643e+02
7.620000e-06	7.280074e-09	3.098420e-09	3.896402e+01	3.589520e+02
7.630000e-06	7.245081e-09	3.079019e-09	3.877673e+01	3.571304e+02
7.640000e-06	7.209969e-09	3.060422e-09	3.858880e+01	3.552995e+02
7.650000e-06	7.174735e-09	3.045889e-09	3.840023e+01	3.534594e+02
7.660000e-06	7.139377e-09	3.034714e-09	3.821098e+01	3.516100e+02
7.670000e-06	7.103917e-09	3.021618e-09	3.802120e+01	3.497515e+02
7.680000e-06	7.068347e-09	3.003270e-09	3.783082e+01	3.478839e+02
7.690000e-06	7.032629e-09	2.980791e-09	3.763965e+01	3.460073e+02
7.700000e-06	6.996764e-09	2.958042e-09	3.744770e+01	3.441217e+02
7.710000e-06	6.960738e-09	2.939093e-09	3.725488e+01	3.422271e+02
7.720000e-06	6.924511e-09	2.923901e-09	3.706099e+01	3.403236e+02
7.730000e-06	6.888056e-09	2.908886e-09	3.686588e+01	3.384112e+02
7.740000e-06	6.851341e-09	2.892111e-09	3.666938e+01	3.364901e+02
7.750000e-06	6.814364e-09	2.874705e-09	3.647147e+01	3.345602e+02
7.760000e-06	6.777089e-09	2.857059e-09	3.627197e+01	3.326216e+02
7.770000e-06	6.739519e-09	2.837409e-09	3.607089e+01	3.306743e+02
7.780000e-06	6.701675e-09	2.815830e-09	3.586834e+01	3.287185e+02
7.790000e-06	6.663527e-09	2.793618e-09	3.566417e+01	3.267541e+02
7.800000e-06	6.625130e-09	2.773620e-09	3.545866e+01	3.247812e+02
7.810000e-06	6.586526e-09	2.755829e-09	3.525205e+01	3.227998e+02
7.820000e-06	6.547736e-09	2.738777e-09	3.504444e+01	3.208100e+02
7.830000e-06	6.508775e-09	2.720789e-09	3.483591e+01	3.188119e+02
7.840000e-06	6.469675e-09	2.700273e-09	3.462664e+01	3.168055e+02
7.850000e-06	6.430455e-09	2.679357e-09	3.441673e+01	3.147909e+02
7.860000e-06	6.391111e-09	2.659869e-09	3.420616e+01	3.127681e+02
7.870000e-06	6.351622e-09	2.640908e-09	3.399481e+01	3.107371e+02
7.880000e-06	6.312011e-09	2.619969e-09	3.378280e+01	3.086981e+02
7.890000e-06	6.272317e-09	2.596862e-09	3.357035e+01	3.066510e+02
7.900000e-06	6.232511e-09	2.572975e-09	3.335731e+01	3.045959e+02
7.910000e-06	6.192569e-09	2.551112e-09	3.314353e+01	3.025330e+02
7.920000e-06	6.152486e-09	2.529783e-09	3.292900e+01	3.004621e+02
7.930000e-06	6.112237e-09	2.507591e-09	3.271358e+01	2.983835e+02
7.940000e-06	6.071834e-09	2.485280e-09	3.249734e+01	2.962970e+02
7.950000e-06	6.031280e-09	2.462489e-09	3.228029e+01	2.942029e+02
7.960000e-06	5.990568e-09	2.441455e-09	3.206239e+01	2.921011e+02
7.970000e-06	5.949718e-09	2.421923e-09	3.184375e+01	2.899917e+02
7.980000e-06	5.908722e-09	2.402645e-09	3.162434e+01	2.878748e+02
7.990000e-06	5.867578e-09	2.382652e-09	3.140413e+01	2.857504e+02
8.000000e-06	5.826272e-09	2.364588e-09	3.118305e+01	2.836185e+02
8.010000e-06	5.784820e-09	2.348035e-09	3.096120e+01	2.814793e+02
8.020000e-06	5.743240e-09	2.328501e-09	3.073866e+01	2.793328e+02
8.030000e-06	5.701516e-09	2.306090e-09	3.051534e+01	2.771790e+02
8.040000e-06	5.659629e-09	2.280215e-09	3.029116e+01	2.750179e+02
8.050000e-06	5.617580e-09	2.254760e-09	3.006610e+01	2.728498e+02
8.060000e-06	5.575395e-09	2.234469e-09	2.984032e+01	2.706745e+02
8.070000e-06	5.533049e-09	2.216637e-09	2.961368e+01	2.684922e+02
8.080000e-06	5.490540e-09	2.197362e-09	2.938617e+01	2.663029e+02
8.090000e-06	5.447913e-09	2.174844e-09	2.915802e+01	2.641067e+02
8.100000e-06	5.405177e-09	2.152812e-09	2.892929e+01	2.619036e+02
8.110000e-06	5.362314e-09	2.132602e-09	2.869988e+01	2.596937e+02
8.120000e-06	5.319335e-09	2.112374e-09	2.846985e+01	2.574770e+02
8.130000e-06	5.276265e-09	2.090068e-09	2.823934e+01	2.552536e+02
8.140000e-06	5.233100e-09	2.063908e-09	2.800831e+01	2.530236e+02
8.150000e-06	5.189837e-09	2.039952e-09	2.777676e+01	2.507871e+02
8.160000e-06	5.146484e-09	2.021844e-09	2.754473e+01	2.485440e+02
8.170000e-06	5.103029e-09	2.007197e-09	2.731215e+01	2.462944e+02
8.180000e-06	5.059487e-09	1.992014e-09	2.707910e+01	2.440384e+02
8.190000e-06	5.015861e-09	1.969746e-09	2.684561e+01	2.417761e+02
8.200000e-06	4.972139e-09	1.944298e-09	2.661161e+01	2.395075e+02
8.210000e-06	4.928324e-09	1.919597e-09	2.637710e+01	2.372327e+02
8.220000e-06	4.884430e-09	1.896567e-09	2.614217e+01	2.349516e+02
8.230000e-06	4.840426e-09	1.877020e-09	2.590666e+01	2.326645e+02
8.240000e-06	4.796304e-09	1.854325e-09	2.567051e+01	2.303714e+02
8.250000e-06	4.752076e-09	1.832511e-09	2.543379e+01	2.280722e+02
8.260000e-06	4.707735e-09	1.814744e-09	2.519647e+01	2.257671e+02
8.270000e-06	4.663283e-09	1.799458e-09	2.495856e+01	2.234561e+02
8.280000e-06	4.618697e-09	1.781091e-09	2.471993e+01	2.211394e+02
8.290000e-06	4.573966e-09	1.753952e-09	2.448053e+01	2.188168e+02
8.300000e-06	4.529101e-09	1.723736e-09	2.424040e+01	2.164886e+02
8.310000e-06	4.484129e-09	1.695299e-09	2.399971e+01	2.141548e+02
8.320000e-06	4.439059e-09	1.674953e-09	2.375849e+01	2.118153e+02
8.330000e-06	4.393883e-09	1.659663e-09	2.351669e+01	2.094704e+02
8.340000e-06	4.348603e-09	1.643199e-09	2.327435e+01	2.071200e+02
8.350000e-06	4.303215e-09	1.623420e-09	2.303142e+01	2.047643e+02
8.360000e-06	4.257728e-09	1.599572e-09	2.278797e+01	2.024032e+02
8.370000e-06	4.212161e-09	1.577101e-09	2.254409e+01	2.000368e+02
8.380000e-06	4.166505e-09	1.552972e-09	2.229973e+01	1.976653e+02
8.390000e-06	4.120765e-09	1.524248e-09	2.205493e+01	1.952886e+02
8.400000e-06	4.074965e-09	1.495601e-09	2.180980e+01	1.929068e+02
8.410000e-06	4.029101e-09	1.472062e-09	2.156433e+01	1.905200e+02
8.420000e-06	3.983147e-09	1.455533e-09	2.131837e+01	1.881283e+02
8.430000e-06	3.937130e-09	1.439402e-09	2.107208e+01	1.857316e+02
8.440000e-06	3.891047e-09	1.418333e-09	2.082544e+01	1.833302e+02
8.450000e-06	3.844896e-09	1.391707e-09	2.057843e+01	1.809239e+02
8.460000e-06	3.798665e-09	1.362470e-09	2.033100e+01	1.785130e+02
8.470000e-06	3.752354e-09	1.337610e-09	2.008313e+01	1.760974e+02
8.480000e-06	3.705973e-09	1.317134e-09	1.983490e+01	1.736772e+02
8.490000e-06	3.659501e-09	1.297375e-09	1.958617e+01	1.712526e+02
8.500000e-06	3.612952e-09	1.275485e-09	1.933703e+01	1.688234e+02
8.510000e-06	3.566314e-09	1.251613e-09	1.908742e+01	1.663899e+02
8.520000e-06	3.519574e-09	1.228333e-09	1.883726e+01	1.639521e+02
8.530000e-06	3.472757e-09	1.204536e-09	1.858669e+01	1.615100e+02
8.540000e-06	3.425854e-09	1.180196e-09	1.833566e+01	1.590637e+02
8.550000e-06	3.378791e-09	1.153762e-09	1.808377e+01	1.566132e+02
8.560000e-06	3.331594e-09	1.127239e-09	1.783116e+01	1.541587e+02
8.570000e-06	3.284298e-09	1.105701e-09	1.757803e+01	1.517002e+02
8.580000e-06	3.236888e-09	1.086350e-09	1.732428e+01	1.492377e+02
8.590000e-06	3.189378e-09	1.066246e-09	1.707000e+01	1.467714e+02
8.600000e-06	3.141778e-09	1.043557e-09	1.681524e+01	1.443012e+02
8.610000e-06	3.094075e-09	1.016751e-09	1.655993e+01	1.418273e+02
8.620000e-06	3.046239e-09	9.916983e-10	1.630391e+01	1.393497e+02
8.630000e-06	2.998278e-09	9.690681e-10	1.604721e+01	1.368684e+02
8.640000e-06	2.950197e-09	9.473308e-10	1.578987e+01	1.343836e+02
8.650000e-06	2.901991e-09	9.244043e-10	1.553187e+01	1.318954e+02
8.660000e-06	2.853709e-09	8.973869e-10	1.527346e+01	1.294037e+02
8.670000e-06	2.805343e-09	8.733974e-10	1.501459e+01	1.269086e+02
8.680000e-06	2.756876e-09	8.542999e-10	1.475519e+01	1.244102e+02
8.690000e-06	2.708331e-09	8.399732e-10	1.449537e+01	1.219086e+02
8.700000e-06	2.659684e-09	8.234945e-10	1.423500e+01	1.194038e+02
8.710000e-06	2.610916e-09	8.005010e-10	1.397399e+01	1.168960e+02
8.720000e-06	2.562041e-09	7.750752e-10	1.371241e+01	1.143850e+02
8.730000e-06	2.513094e-09	7.484390e-10	1.345044e+01	1.118712e+02
8.740000e-06	2.464078e-09	7.241376e-10	1.318809e+01	1.093544e+02
8.750000e-06	2.414993e-09	7.006428e-10	1.292539e+01	1.068347e+02
8.760000e-06	2.365842e-09	6.795751e-10	1.266232e+01	1.043123e+02
8.770000e-06	2.316610e-09	6.614722e-10	1.239883e+01	1.017872e+02
8.780000e-06	2.267308e-09	6.452309e-10	1.213496e+01	9.925941e+01
8.790000e-06	2.217941e-09	6.314220e-10	1.187074e+01	9.672906e+01
8.800000e-06	2.168497e-09	6.143344e-10	1.160610e+01	9.419619e+01
8.810000e-06	2.118999e-09	5.909268e-10	1.134118e+01	9.166088e+01
8.820000e-06	2.069441e-09	5.629014e-10	1.107594e+01	8.912318e+01
8.830000e-06	2.019784e-09	5.358168e-10	1.081017e+01	8.658317e+01
8.840000e-06	1.970060e-09	5.145939e-10	1.054404e+01	8.404092e+01
8.850000e-06	1.920286e-09	4.976391e-10	1.027764e+01	8.149647e+01
8.860000e-06	1.870456e-09	4.807475e-10	1.001094e+01	7.894991e+01
8.870000e-06	1.820552e-09	4.617427e-10	9.743853e+00	7.640130e+01
8.880000e-06	1.770594e-09	4.436330e-10	9.476471e+00	7.385071e+01
8.890000e-06	1.720634e-09	4.233739e-10	9.209078e+00	7.129819e+01
8.900000e-06	1.670653e-09	3.984114e-10	8.941567e+00	6.874383e+01
8.910000e-06	1.620599e-09	3.726018e-10	8.673674e+00	6.618768e+01
8.920000e-06	1.570477e-09	3.494386e-10	8.405416e+00	6.362981e+01
8.930000e-06	1.520318e-09	3.289018e-10	8.136955e+00	6.107029e+01
8.940000e-06	1.470123e-09	3.085587e-10	7.868306e+00	5.850918e+01
8.950000e-06	1.419904e-09	2.872136e-10	7.599525e+00	5.594655e+01
8.960000e-06	1.369632e-09	2.634196e-10	7.330463e+00	5.338248e+01
8.970000e-06	1.319294e-09	2.407988e-10	7.061045e+00	5.081701e+01
8.980000e-06	1.268910e-09	2.212798e-10	6.791386e+00	4.825023e+01
8.990000e-06	1.218503e-09	2.031359e-10	6.521599e+00	4.568220e+01
9.000000e-06	1.168065e-09	1.833790e-10	6.251649e+00	4.311298e+01
9.010000e-06	1.117594e-09	1.589699e-10	5.981520e+00	4.054264e+01
9.020000e-06	1.067096e-09	1.330016e-10	5.711245e+00	3.797125e+01
9.030000e-06	1.016570e-09	1.077894e-10	5.440826e+00	3.539888e+01
9.040000e-06	9.660543e-10	8.367643e-11	5.170457e+00	3.282559e+01
9.050000e-06	9.155205e-10	6.253282e-11	4.899992e+00	3.025145e+01
9.060000e-06	8.649427e-10	4.539726e-11	4.629292e+00	2.767652e+01
9.070000e-06	8.143516e-10	2.960892e-11	4.358522e+00	2.510088e+01
9.080000e-06	7.637049e-10	1.121389e-11	4.087453e+00	2.252459e+01
9.090000e-06	7.130277e-10	-1.197312e-11	3.816222e+00	1.994772e+01
9.100000e-06	6.623555e-10	-3.937952e-11	3.545017e+00	1.737033e+01
9.110000e-06	6.116831e-10	-6.499069e-11	3.273811e+00	1.479249e+01
9.120000e-06	5.609875e-10	-8.639262e-11	3.002481e+00	1.221428e+01
9.130000e-06	5.102570e-10	-1.055211e-10	2.730964e+00	9.635746e+00
9.140000e-06	4.595075e-10	-1.259860e-10	2.459345e+00	7.056968e+00
9.150000e-06	4.087424e-10	-1.498713e-10	2.187642e+00	4.478010e+00
9.160000e-06	3.579821e-10	-1.724356e-10	1.915966e+00	1.898939e+00
9.170000e-06	3.072308e-10	-1.921641e-10	1.644337e+00	-6.801771e-01
9.180000e-06	2.564961e-10	-2.110341e-10	1.372797e+00	-3.259272e+00
9.190000e-06	2.057575e-10	-2.311634e-10	1.101237e+00	-5.838278e+00
9.200000e-06	1.549901e-10	-2.537396e-10	8.295226e-01	-8.417128e+00
9.210000e-06	1.042235e-10	-2.763015e-10	5.578125e-01	-1.099576e+01
9.220000e-06	5.348731e-11	-2.962424e-10	2.862647e-01	-1.357409e+01
9.230000e-06	2.764539e-12	-3.142791e-10	1.478891e-02	-1.615207e+01
9.240000e-06	-4.799548e-11	-3.346131e-10	-2.568863e-01	-1.872963e+01
9.250000e-06	-9.877598e-11	-3.582334e-10	-5.286710e-01	-2.130669e+01
9.260000e-06	-1.495564e-10	-3.817487e-10	-8.004551e-01	-2.388320e+01
9.270000e-06	-2.003321e-10	-4.017412e-10	-1.072214e+00	-2.645908e+01
9.280000e-06	-2.510856e-10	-4.180411e-10	-1.343854e+00	-2.903427e+01
9.290000e-06	-3.018336e-10	-4.368432e-10	-1.615465e+00	-3.160870e+01
9.300000e-06	-3.525695e-10	-4.600155e-10	-1.887011e+00	-3.418230e+01
9.310000e-06	-4.033017e-10	-4.835106e-10	-2.158537e+00	-3.675501e+01
9.320000e-06	-4.540291e-10	-5.059194e-10	-2.430037e+00	-3.932676e+01
9.330000e-06	-5.047390e-10	-5.273059e-10	-2.701444e+00	-4.189748e+01
9.340000e-06	-5.554103e-10	-5.503456e-10	-2.972644e+00	-4.446711e+01
9.350000e-06	-6.060424e-10	-5.736019e-10	-3.243634e+00	-4.703557e+01
9.360000e-06	-6.566650e-10	-5.930096e-10	-3.514574e+00	-4.960281e+01
9.370000e-06	-7.072761e-10	-6.068552e-10	-3.785452e+00	-5.216876e+01
9.380000e-06	-7.578584e-10	-6.180508e-10	-4.056175e+00	-5.473334e+01
9.390000e-06	-8.084246e-10	-6.350540e-10	-4.326813e+00	-5.729649e+01
9.400000e-06	-8.589714e-10	-6.595112e-10	-4.597346e+00	-5.985815e+01
9.410000e-06	-9.095008e-10	-6.854955e-10	-4.867787e+00	-6.241825e+01
9.420000e-06	-9.600273e-10	-7.069087e-10	-5.138212e+00	-6.497671e+01
9.430000e-06	-1.010518e-09	-7.250038e-10	-5.408448e+00	-6.753349e+01
9.440000e-06	-1.060980e-09	-7.421119e-10	-5.678527e+00	-7.008850e+01
9.450000e-06	-1.111395e-09	-7.581346e-10	-5.948355e+00	-7.264168e+01
9.460000e-06	-1.161749e-09	-7.729671e-10	-6.217855e+00	-7.519297e+01
9.470000e-06	-1.212092e-09	-7.876383e-10	-6.487297e+00	-7.774230e+01
9.480000e-06	-1.262413e-09	-8.064556e-10	-6.756626e+00	-8.028960e+01
9.490000e-06	-1.312680e-09	-8.307988e-10	-7.025660e+00	-8.283481e+01
9.500000e-06	-1.362914e-09	-8.575643e-10	-7.294523e+00	-8.537786e+01
9.510000e-06	-1.413099e-09	-8.790950e-10	-7.563117e+00	-8.791868e+01
9.520000e-06	-1.463229e-09	-8.930740e-10	-7.831421e+00	-9.045722e+01
9.530000e-06	-1.513340e-09	-9.054328e-10	-8.099624e+00	-9.299339e+01
9.540000e-06	-1.563400e-09	-9.216632e-10	-8.367552e+00	-9.552714e+01
9.550000e-06	-1.613407e-09	-9.422004e-10	-8.635196e+00	-9.805840e+01
9.560000e-06	-1.663348e-09	-9.631997e-10	-8.902488e+00	-1.005871e+02
9.570000e-06	-1.713246e-09	-9.835271e-10	-9.169549e+00	-1.031132e+02
9.580000e-06	-1.763116e-09	-1.004062e-09	-9.436461e+00	-1.056366e+02
9.590000e-06	-1.812917e-09	-1.025509e-09	-9.702998e+00	-1.081572e+02
9.600000e-06	-1.862642e-09	-1.047442e-09	-9.969137e+00	-1.106750e+02
9.610000e-06	-1.912292e-09	-1.065977e-09	-1.023487e+01	-1.131900e+02
9.620000e-06	-1.961887e-09	-1.080106e-09	-1.050031e+01	-1.157020e+02
9.630000e-06	-2.011426e-09	-1.092755e-09	-1.076545e+01	-1.182109e+02
9.640000e-06	-2.060898e-09	-1.107730e-09	-1.103023e+01	-1.207168e+02
9.650000e-06	-2.110289e-09	-1.125369e-09	-1.129458e+01	-1.232196e+02
9.660000e-06	-2.159577e-09	-1.145192e-09	-1.155838e+01	-1.257191e+02
9.670000e-06	-2.208827e-09	-1.167512e-09	-1.182197e+01	-1.282154e+02
9.680000e-06	-2.257998e-09	-1.191796e-09	-1.208514e+01	-1.307083e+02
9.690000e-06	-2.307067e-09	-1.216438e-09	-1.234776e+01	-1.331978e+02
9.700000e-06	-2.356087e-09	-1.236075e-09	-1.261013e+01	-1.356838e+02
9.710000e-06	-2.405025e-09	-1.248404e-09	-1.287205e+01	-1.381664e+02
9.720000e-06	-2.453875e-09	-1.257412e-09	-1.313350e+01	-1.406453e+02
9.730000e-06	-2.502647e-09	-1.270823e-09	-1.339454e+01	-1.431205e+02
9.740000e-06	-2.551316e-09	-1.291355e-09	-1.365502e+01	-1.455920e+02
9.750000e-06	-2.599896e-09	-1.315487e-09	-1.391502e+01	-1.480598e+02
9.760000e-06	-2.648382e-09	-1.340861e-09	-1.417453e+01	-1.505236e+02
9.770000e-06	-2.696728e-09	-1.365096e-09	-1.443329e+01	-1.529836e+02
9.780000e-06	-2.744970e-09	-1.386869e-09	-1.469148e+01	-1.554395e+02
9.790000e-06	-2.793129e-09	-1.406276e-09	-1.494923e+01	-1.578914e+02
9.800000e-06	-2.841195e-09	-1.421376e-09	-1.520649e+01	-1.603392e+02
9.810000e-06	-2.889156e-09	-1.433658e-09	-1.546319e+01	-1.627828e+02
9.820000e-06	-2.936995e-09	-1.449050e-09	-1.571923e+01	-1.652222e+02
9.830000e-06	-2.984706e-09	-1.470813e-09	-1.597458e+01	-1.676573e+02
9.840000e-06	-3.032309e-09	-1.496296e-09	-1.622936e+01	-1.700880e+02
9.850000e-06	-3.079819e-09	-1.519946e-09	-1.648364e+01	-1.725143e+02
9.860000e-06	-3.127213e-09	-1.540458e-09	-1.673730e+01	-1.749361e+02
9.870000e-06	-3.174482e-09	-1.560198e-09	-1.699029e+01	-1.773533e+02
9.880000e-06	-3.221627e-09	-1.580289e-09	-1.724262e+01	-1.797659e+02
9.890000e-06	-3.268662e-09	-1.599637e-09	-1.749436e+01	-1.821738e+02
9.900000e-06	-3.315614e-09	-1.616264e-09	-1.774565e+01	-1.845770e+02
9.910000e-06	-3.362441e-09	-1.631377e-09	-1.799627e+01	-1.869754e+02
9.920000e-06	-3.409133e-09	-1.649484e-09	-1.824617e+01	-1.893689e+02
9.930000e-06	-3.455727e-09	-1.671924e-09	-1.849556e+01	-1.917575e+02
9.940000e-06	-3.502236e-09	-1.695575e-09	-1.874448e+01	-1.941410e+02
9.950000e-06	-3.548642e-09	-1.717555e-09	-1.899285e+01	-1.965196e+02
9.960000e-06	-3.594957e-09	-1.736800e-09	-1.924073e+01	-1.988930e+02
9.970000e-06	-3.641198e-09	-1.755092e-09	-1.948822e+01	-2.012612e+02
9.980000e-06	-3.687358e-09	-1.773328e-09	-1.973528e+01	-2.036242e+02
9.990000e-06	-3.733444e-09	-1.788185e-09	-1.998194e+01	-2.059818e+02
1.000000e-05	-3.779442e-09	-1.800730e-09	-2.022812e+01	-2.083342e+02
1.001000e-05	-3.825359e-09	-1.815034e-09	-2.047388e+01	-2.106810e+02
1.002000e-05	-3.871183e-09	-1.833464e-09	-2.071914e+01	-2.130224e+02
1.003000e-05	-3.916948e-09	-1.858357e-09	-2.096408e+01	-2.153583e+02
1.004000e-05	-3.962687e-09	-1.881750e-09	-2.120888e+01	-2.176885e+02
1.005000e-05	-4.008359e-09	-1.899922e-09	-2.145332e+01	-2.200131e+02
1.006000e-05	-4.053971e-09	-1.914746e-09	-2.169744e+01	-2.223320e+02
1.007000e-05	-4.099522e-09	-1.926599e-09	-2.194124e+01	-2.246450e+02
1.008000e-05	-4.144994e-09	-1.941596e-09	-2.218461e+01	-2.269522e+02
1.009000e-05	-4.190404e-09	-1.955828e-09	-2.242766e+01	-2.292535e+02
1.010000e-05	-4.235751e-09	-1.971067e-09	-2.267036e+01	-2.315488e+02
1.011000e-05	-4.281015e-09	-1.987797e-09	-2.291262e+01	-2.338381e+02
1.012000e-05	-4.326193e-09	-2.006880e-09	-2.315442e+01	-2.361213e+02
1.013000e-05	-4.371280e-09	-2.028503e-09	-2.339573e+01	-2.383984e+02
1.014000e-05	-4.416244e-09	-2.045772e-09	-2.363639e+01	-2.406692e+02
1.015000e-05	-4.461084e-09	-2.062177e-09	-2.387638e+01	-2.429338e+02
1.016000e-05	-4.505834e-09	-2.076517e-09	-2.411588e+01	-2.451921e+02
1.017000e-05	-4.550482e-09	-2.093439e-09	-2.435485e+01	-2.474439e+02
1.018000e-05	-4.594999e-09	-2.108795e-09	-2.459311e+01	-2.496893e+02
1.019000e-05	-4.639401e-09	-2.119148e-09	-2.483076e+01	-2.519283e+02
1.020000e-05	-4.683678e-09	-2.131930e-09	-2.506773e+01	-2.541606e+02
1.021000e-05	-4.727822e-09	-2.145785e-09	-2.530400e+01	-2.563864e+02
1.022000e-05	-4.771870e-09	-2.168360e-09	-2.553975e+01	-2.586054e+02
1.023000e-05	-4.815822e-09	-2.192908e-09	-2.577498e+01	-2.608178e+02
1.024000e-05	-4.859665e-09	-2.215648e-09	-2.600964e+01	-2.630233e+02
1.025000e-05	-4.903413e-09	-2.235743e-09	-2.624379e+01	-2.652220e+02
1.026000e-05	-4.947090e-09	-2.246978e-09	-2.647755e+01	-2.674138e+02
1.027000e-05	-4.990688e-09	-2.256333e-09	-2.671090e+01	-2.695986e+02
1.028000e-05	-5.034199e-09	-2.262589e-09	-2.694377e+01	-2.717764e+02
1.029000e-05	-5.077636e-09	-2.274493e-09	-2.717626e+01	-2.739471e+02
1.030000e-05	-5.121002e-09	-2.293649e-09	-2.740835e+01	-2.761107e+02
1.031000e-05	-5.164284e-09	-2.319272e-09	-2.764001e+01	-2.782671e+02
1.032000e-05	-5.207479e-09	-2.349508e-09	-2.787119e+01	-2.804163e+02
1.033000e-05	-5.250582e-09	-2.372460e-09	-2.810189e+01	-2.825581e+02
1.034000e-05	-5.293574e-09	-2.389001e-09	-2.833199e+01	-2.846926e+02
1.035000e-05	-5.336447e-09	-2.398737e-09	-2.856145e+01	-2.868197e+02
1.036000e-05	-5.379199e-09	-2.408674e-09	-2.879026e+01	-2.889393e+02
1.037000e-05	-5.421810e-09	-2.422906e-09	-2.901832e+01	-2.910514e+02
1.038000e-05	-5.464274e-09	-2.440095e-09	-2.924560e+01	-2.931559e+02
1.039000e-05	-5.506596e-09	-2.460949e-09	-2.947211e+01	-2.952528e+02
1.040000e-05	-5.548776e-09	-2.481838e-09	-2.969786e+01	-2.973420e+02
1.041000e-05	-5.590819e-09	-2.504857e-09	-2.992289e+01	-2.994234e+02
1.042000e-05	-5.632724e-09	-2.526654e-09	-3.014717e+01	-3.014971e+02
1.043000e-05	-5.674485e-09	-2.543058e-09	-3.037068e+01	-3.035629e+02
1.044000e-05	-5.716109e-09	-2.555565e-09	-3.059346e+01	-3.056208e+02
1.045000e-05	-5.757604e-09	-2.566814e-09	-3.081554e+01	-3.076707e+02
1.046000e-05	-5.798943e-09	-2.581393e-09	-3.103680e+01	-3.097126e+02
1.047000e-05	-5.840137e-09	-2.599917e-09	-3.125727e+01	-3.117465e+02
1.048000e-05	-5.881193e-09	-2.621969e-09	-3.147701e+01	-3.137722e+02
1.049000e-05	-5.922079e-09	-2.644378e-09	-3.169584e+01	-3.157898e+02
1.050000e-05	-5.962808e-09	-2.662510e-09	-3.191383e+01	-3.177992e+02
1.051000e-05	-6.003396e-09	-2.677857e-09	-3.213106e+01	-3.198002e+02
1.052000e-05	-6.043836e-09	-2.691974e-09	-3.234750e+01	-3.217930e+02
1.053000e-05	-6.084096e-09	-2.706894e-09	-3.256298e+01	-3.237774e+02
1.054000e-05	-6.124190e-09	-2.723378e-09	-3.277757e+01	-3.257533e+02
1.055000e-05	-6.164150e-09	-2.739576e-09	-3.299144e+01	-3.277208e+02
1.056000e-05	-6.203985e-09	-2.756787e-09	-3.320464e+01	-3.296797e+02
1.057000e-05	-6.243705e-09	-2.775447e-09	-3.341723e+01	-3.316300e+02
1.058000e-05	-6.283306e-09	-2.793921e-09	-3.362918e+01	-3.335718e+02
1.059000e-05	-6.322797e-09	-2.810587e-09	-3.384054e+01	-3.355048e+02
1.060000e-05	-6.362190e-09	-2.824658e-09	-3.405138e+01	-3.374291e+02
1.061000e-05	-6.401478e-09	-2.836866e-09	-3.426165e+01	-3.393446e+02
1.062000e-05	-6.440657e-09	-2.850192e-09	-3.447135e+01	-3.412512e+02
1.063000e-05	-6.479719e-09	-2.866005e-09	-3.468041e+01	-3.431490e+02
1.064000e-05	-6.518632e-09	-2.882064e-09	-3.488868e+01	-3.450379e+02
1.065000e-05	-6.557376e-09	-2.896021e-09	-3.509604e+01	-3.469177e+02
1.066000e-05	-6.595938e-09	-2.907982e-09	-3.530243e+01	-3.487886e+02
1.067000e-05	-6.634278e-09	-2.921478e-09	-3.550763e+01	-3.506503e+02
1.068000e-05	-6.672357e-09	-2.936852e-09	-3.571143e+01	-3.525029e+02
1.069000e-05	-6.710164e-09	-2.952580e-09	-3.591378e+01	-3.543464e+02
1.070000e-05	-6.747682e-09	-2.965974e-09	-3.611459e+01	-3.561806e+02
1.071000e-05	-6.784919e-09	-2.976183e-09	-3.631388e+01	-3.580055e+02
1.072000e-05	-6.821861e-09	-2.988739e-09	-3.651160e+01	-3.598212e+02
1.073000e-05	-6.858522e-09	-3.003803e-09	-3.670782e+01	-3.616274e+02
1.074000e-05	-6.894935e-09	-3.018665e-09	-3.690271e+01	-3.634242e+02
1.075000e-05	-6.931124e-09	-3.031781e-09	-3.709639e+01	-3.652116e+02
1.076000e-05	-6.967108e-09	-3.043165e-09	-3.728898e+01	-3.669895e+02
1.077000e-05	-7.002916e-09	-3.055221e-09	-3.748063e+01	-3.687578e+02
1.078000e-05	-7.038581e-09	-3.068435e-09	-3.767152e+01	-3.705165e+02
1.079000e-05	-7.074116e-09	-3.082279e-09	-3.786171e+01	-3.722656e+02
1.080000e-05	-7.109550e-09	-3.094014e-09	-3.805136e+01	-3.740050e+02
1.081000e-05	-7.144900e-09	-3.104485e-09	-3.824056e+01	-3.757346e+02
1.082000e-05	-7.180134e-09	-3.116333e-09	-3.842914e+01	-3.774544e+02
1.083000e-05	-7.215225e-09	-3.128999e-09	-3.861694e+01	-3.791645e+02
1.084000e-05	-7.250174e-09	-3.141299e-09	-3.880400e+01	-3.808646e+02
1.085000e-05	-7.284942e-09	-3.152205e-09	-3.899008e+01	-3.825549e+02
1.086000e-05	-7.319522e-09	-3.162308e-09	-3.917516e+01	-3.842351e+02
1.087000e-05	-7.353916e-09	-3.174239e-09	-3.935924e+01	-3.859054e+02
1.088000e-05	-7.388090e-09	-3.189021e-09	-3.954214e+01	-3.875656e+02
1.089000e-05	-7.422058e-09	-3.204434e-09	-3.972395e+01	-3.892158e+02
1.090000e-05	-7.455845e-09	-3.217614e-09	-3.990478e+01	-3.908558e+02
1.091000e-05	-7.489438e-09	-3.228262e-09	-4.008457e+01	-3.924856e+02
1.092000e-05	-7.522838e-09	-3.237891e-09	-4.026334e+01	-3.941052e+02
1.093000e-05	-7.556067e-09	-3.248786e-09	-4.044119e+01	-3.957145e+02
1.094000e-05	-7.589116e-09	-3.263604e-09	-4.061807e+01	-3.973136e+02
1.095000e-05	-7.621956e-09	-3.280437e-09	-4.079383e+01	-3.989023e+02
1.096000e-05	-7.654584e-09	-3.295973e-09	-4.096846e+01	-4.004806e+02
1.097000e-05	-7.686992e-09	-3.309805e-09	-4.114191e+01	-4.020485e+02
1.098000e-05	-7.719171e-09	-3.323006e-09	-4.131414e+01	-4.036059e+02
1.099000e-05	-7.751169e-09	-3.335935e-09	-4.148540e+01	-4.051528e+02
1.100000e-05	-7.783006e-09	-3.347776e-09	-4.165580e+01	-4.066892e+02
1.101000e-05	-7.814674e-09	-3.359173e-09	-4.182529e+01	-4.082150e+02
1.102000e-05	-7.846198e-09	-3.371751e-09	-4.199401e+01	-4.097301e+02
1.103000e-05	-7.877594e-09	-3.385925e-09	-4.216204e+01	-4.112346e+02
1.104000e-05	-7.908846e-09	-3.399590e-09	-4.232931e+01	-4.127284e+02
1.105000e-05	-7.939938e-09	-3.411322e-09	-4.249572e+01	-4.142114e+02
1.106000e-05	-7.970854e-09	-3.422239e-09	-4.266118e+01	-4.156836e+02
1.107000e-05	-8.001547e-09	-3.434278e-09	-4.282546e+01	-4.171451e+02
1.108000e-05	-8.031972e-09	-3.448291e-09	-4.298830e+01	-4.185956e+02
1.109000e-05	-8.062122e-09	-3.461532e-09	-4.314967e+01	-4.200353e+02
1.110000e-05	-8.091969e-09	-3.471826e-09	-4.330941e+01	-4.214640e+02
1.111000e-05	-8.121463e-09	-3.481482e-09	-4.346727e+01	-4.228818e+02
1.112000e-05	-8.150595e-09	-3.492996e-09	-4.362319e+01	-4.242885e+02
1.113000e-05	-8.179382e-09	-3.507049e-09	-4.377726e+01	-4.256842e+02
1.114000e-05	-8.207855e-09	-3.522290e-09	-4.392965e+01	-4.270689e+02
1.115000e-05	-8.236072e-09	-3.535956e-09	-4.408067e+01	-4.284424e+02
1.116000e-05	-8.264057e-09	-3.548070e-09	-4.423045e+01	-4.298047e+02
1.117000e-05	-8.291849e-09	-3.559836e-09	-4.437920e+01	-4.311559e+02
1.118000e-05	-8.319488e-09	-3.572394e-09	-4.452713e+01	-4.324958e+02
1.119000e-05	-8.346978e-09	-3.584586e-09	-4.467426e+01	-4.338245e+02
1.120000e-05	-8.374354e-09	-3.594710e-09	-4.482078e+01	-4.351418e+02
1.121000e-05	-8.401622e-09	-3.603095e-09	-4.496672e+01	-4.364479e+02
1.122000e-05	-8.428744e-09	-3.612368e-09	-4.511188e+01	-4.377426e+02
1.123000e-05	-8.455675e-09	-3.625072e-09	-4.525602e+01	-4.390259e+02
1.124000e-05	-8.482374e-09	-3.639120e-09	-4.539892e+01	-4.402977e+02
1.125000e-05	-8.508837e-09	-3.650659e-09	-4.554055e+01	-4.415581e+02
1.126000e-05	-8.535082e-09	-3.659440e-09	-4.568102e+01	-4.428070e+02
1.127000e-05	-8.561078e-09	-3.667832e-09	-4.582015e+01	-4.440444e+02
1.128000e-05	-8.586851e-09	-3.677375e-09	-4.595809e+01	-4.452702e+02
1.129000e-05	-8.612438e-09	-3.687530e-09	-4.609504e+01	-4.464844e+02
1.130000e-05	-8.637813e-09	-3.698324e-09	-4.623085e+01	-4.476870e+02
1.131000e-05	-8.662973e-09	-3.708843e-09	-4.636551e+01	-4.488780e+02
1.132000e-05	-8.687915e-09	-3.718421e-09	-4.649900e+01	-4.500572e+02
1.133000e-05	-8.712632e-09	-3.726966e-09	-4.663129e+01	-4.512248e+02
1.134000e-05	-8.737097e-09	-3.734569e-09	-4.676223e+01	-4.523805e+02
1.135000e-05	-8.761305e-09	-3.743024e-09	-4.689180e+01	-4.535246e+02
1.136000e-05	-8.785292e-09	-3.750376e-09	-4.702018e+01	-4.546568e+02
1.137000e-05	-8.809091e-09	-3.758289e-09	-4.714755e+01	-4.557771e+02
1.138000e-05	-8.832729e-09	-3.766985e-09	-4.727407e+01	-4.568856e+02
1.139000e-05	-8.856240e-09	-3.775477e-09	-4.739990e+01	-4.579823e+02
1.140000e-05	-8.879634e-09	-3.783675e-09	-4.752511e+01	-4.590669e+02
1.141000e-05	-8.902884e-09	-3.788702e-09	-4.764955e+01	-4.601397e+02
1.142000e-05	-8.925954e-09	-3.792852e-09	-4.777302e+01	-4.612004e+02
1.143000e-05	-8.948800e-09	-3.799208e-09	-4.789530e+01	-4.622492e+02
1.144000e-05	-8.971382e-09	-3.808924e-09	-4.801616e+01	-4.632859e+02
1.145000e-05	-8.993667e-09	-3.820009e-09	-4.813543e+01	-4.643106e+02
1.146000e-05	-9.015617e-09	-3.830215e-09	-4.825291e+01	-4.653231e+02
1.147000e-05	-9.037171e-09	-3.836694e-09	-4.836827e+01	-4.663236e+02
1.148000e-05	-9.058345e-09	-3.840555e-09	-4.848160e+01	-4.673119e+02
1.149000e-05	-9.079149e-09	-3.847005e-09	-4.859294e+01	-4.682880e+02
1.150000e-05	-9.099588e-09	-3.854491e-09	-4.870233e+01	-4.692520e+02
1.151000e-05	-9.119734e-09	-3.862617e-09	-4.881016e+01	-4.702037e+02
1.152000e-05	-9.139640e-09	-3.871002e-09	-4.891670e+01	-4.711432e+02
1.153000e-05	-9.159351e-09	-3.878615e-09	-4.902219e+01	-4.720705e+02
1.154000e-05	-9.178899e-09	-3.887463e-09	-4.912682e+01	-4.729854e+02
1.155000e-05	-9.198316e-09	-3.896935e-09	-4.923074e+01	-4.738880e+02
1.156000e-05	-9.217608e-09	-3.905102e-09	-4.933399e+01	-4.747783e+02
1.157000e-05	-9.236773e-09	-3.909705e-09	-4.943657e+01	-4.756563e+02
1.158000e-05	-9.255759e-09	-3.913023e-09	-4.953819e+01	-4.765218e+02
1.159000e-05	-9.274510e-09	-3.918111e-09	-4.963854e+01	-4.773750e+02
1.160000e-05	-9.293011e-09	-3.925947e-09	-4.973756e+01	-4.782157e+02
1.161000e-05	-9.311224e-09	-3.936115e-09	-4.983504e+01	-4.790439e+02
1.162000e-05	-9.329167e-09	-3.945137e-09	-4.993108e+01	-4.798597e+02
1.163000e-05	-9.346906e-09	-3.952631e-09	-5.002602e+01	-4.806630e+02
1.164000e-05	-9.364451e-09	-3.959603e-09	-5.011992e+01	-4.814538e+02
1.165000e-05	-9.381814e-09	-3.967592e-09	-5.021285e+01	-4.822321e+02
1.166000e-05	-9.399001e-09	-3.975587e-09	-5.030484e+01	-4.829978e+02
1.167000e-05	-9.415946e-09	-3.983823e-09	-5.039553e+01	-4.837509e+02
1.168000e-05	-9.432626e-09	-3.992224e-09	-5.048480e+01	-4.844914e+02
1.169000e-05	-9.449059e-09	-4.001318e-09	-5.057276e+01	-4.852194e+02
1.170000e-05	-9.465232e-09	-4.012416e-09	-5.065931e+01	-4.859347e+02
1.171000e-05	-9.481165e-09	-4.021980e-09	-5.074459e+01	-4.866373e+02
1.172000e-05	-9.496905e-09	-4.029185e-09	-5.082884e+01	-4.873273e+02
1.173000e-05	-9.512490e-09	-4.032367e-09	-5.091225e+01	-4.880045e+02
1.174000e-05	-9.527923e-09	-4.035099e-09	-5.099485e+01	-4.886691e+02
1.175000e-05	-9.543185e-09	-4.040112e-09	-5.107653e+01	-4.893210e+02
1.176000e-05	-9.558251e-09	-4.047798e-09	-5.115717e+01	-4.899601e+02
1.177000e-05	-9.573066e-09	-4.058600e-09	-5.123646e+01	-4.905865e+02
1.178000e-05	-9.587539e-09	-4.069066e-09	-5.131392e+01	-4.912000e+02
1.179000e-05	-9.601605e-09	-4.077461e-09	-5.138920e+01	-4.918009e+02
1.180000e-05	-9.615222e-09	-4.081884e-09	-5.146208e+01	-4.923889e+02
1.181000e-05	-9.628396e-09	-4.085578e-09	-5.153259e+01	-4.929640e+02
1.182000e-05	-9.641149e-09	-4.090791e-09	-5.160085e+01	-4.935264e+02
1.183000e-05	-9.653556e-09	-4.097670e-09	-5.166725e+01	-4.940759e+02
1.184000e-05	-9.665676e-09	-4.104345e-09	-5.173212e+01	-4.946125e+02
1.185000e-05	-9.677520e-09	-4.109694e-09	-5.179551e+01	-4.951363e+02
1.186000e-05	-9.689145e-09	-4.117213e-09	-5.185773e+01	-4.956472e+02
1.187000e-05	-9.700584e-09	-4.126178e-09	-5.191895e+01	-4.961451e+02
1.188000e-05	-9.711817e-09	-4.133907e-09	-5.197907e+01	-4.966302e+02
1.189000e-05	-9.722808e-09	-4.137268e-09	-5.203790e+01	-4.971023e+02
1.190000e-05	-9.733505e-09	-4.138919e-09	-5.209515e+01	-4.975615e+02
1.191000e-05	-9.743910e-09	-4.142647e-09	-5.215084e+01	-4.980077e+02
1.192000e-05	-9.754059e-09	-4.147174e-09	-5.220516e+01	-4.984410e+02
1.193000e-05	-9.763988e-09	-4.152258e-09	-5.225830e+01	-4.988613e+02
1.194000e-05	-9.773690e-09	-4.156795e-09	-5.231022e+01	-4.992686e+02
1.195000e-05	-9.783158e-09	-4.161446e-09	-5.236090e+01	-4.996629e+02
1.196000e-05	-9.792428e-09	-4.168296e-09	-5.241052e+01	-5.000442e+02
1.197000e-05	-9.801468e-09	-4.176785e-09	-5.245890e+01	-5.004124e+02
1.198000e-05	-9.810244e-09	-4.182677e-09	-5.250587e+01	-5.007677e+02
1.199000e-05	-9.818746e-09	-4.183476e-09	-5.255137e+01	-5.011099e+02
1.200000e-05	-9.826985e-09	-4.181514e-09	-5.259547e+01	-5.014391e+02
1.201000e-05	-9.834972e-09	-4.181043e-09	-5.263821e+01	-5.017552e+02
1.202000e-05	-9.842737e-09	-4.185517e-09	-5.267978e+01	-5.020582e+02
1.203000e-05	-9.850342e-09	-4.193135e-09	-5.272048e+01	-5.023482e+02
1.204000e-05	-9.857813e-09	-4.198306e-09	-5.276047e+01	-5.026251e+02
1.205000e-05	-9.865141e-09	-4.199882e-09	-5.279969e+01	-5.028889e+02
1.206000e-05	-9.872300e-09	-4.201370e-09	-5.283800e+01	-5.031397e+02
1.207000e-05	-9.879237e-09	-4.204740e-09	-5.287513e+01	-5.033773e+02
1.208000e-05	-9.885923e-09	-4.208958e-09	-5.291091e+01	-5.036018e+02
1.209000e-05	-9.892280e-09	-4.210927e-09	-5.294494e+01	-5.038132e+02
1.210000e-05	-9.898256e-09	-4.211198e-09	-5.297692e+01	-5.040115e+02
1.211000e-05	-9.903834e-09	-4.212043e-09	-5.300677e+01	-5.041967e+02
1.212000e-05	-9.908971e-09	-4.214486e-09	-5.303427e+01	-5.043688e+02
1.213000e-05	-9.913722e-09	-4.217347e-09	-5.305970e+01	-5.045277e+02
1.214000e-05	-9.918103e-09	-4.218615e-09	-5.308315e+01	-5.046735e+02
1.215000e-05	-9.922151e-09	-4.218775e-09	-5.310481e+01	-5.048061e+02
1.216000e-05	-9.925976e-09	-4.219543e-09	-5.312528e+01	-5.049256e+02
1.217000e-05	-9.929619e-09	-4.224432e-09	-5.314478e+01	-5.050320e+02
1.218000e-05	-9.933114e-09	-4.230445e-09	-5.316349e+01	-5.051252e+02
1.219000e-05	-9.936481e-09	-4.231774e-09	-5.318151e+01	-5.052053e+02
1.220000e-05	-9.939689e-09	-4.230344e-09	-5.319868e+01	-5.052722e+02
1.221000e-05	-9.942704e-09	-4.229232e-09	-5.321481e+01	-5.053259e+02
1.222000e-05	-9.945492e-09	-4.232001e-09	-5.322974e+01	-5.053666e+02
1.223000e-05	-9.948017e-09	-4.237641e-09	-5.324325e+01	-5.053940e+02
1.224000e-05	-9.950255e-09	-4.242691e-09	-5.325523e+01	-5.054083e+02
1.225000e-05	-9.952223e-09	-4.246158e-09	-5.326576e+01	-5.054094e+02
1.226000e-05	-9.953962e-09	-4.247013e-09	-5.327507e+01	-5.053974e+02
1.227000e-05	-9.955513e-09	-4.247001e-09	-5.328337e+01	-5.053722e+02
1.228000e-05	-9.956891e-09	-4.246117e-09	-5.329074e+01	-5.053339e+02
1.229000e-05	-9.958066e-09	-4.244136e-09	-5.329704e+01	-5.052824e+02
1.230000e-05	-9.958890e-09	-4.242665e-09	-5.330144e+01	-5.052178e+02
1.231000e-05	-9.959363e-09	-4.245099e-09	-5.330398e+01	-5.051400e+02
