# Temperatura_=_20.0
# Concentracion g/m^3_=_10000.0
# C_Vs_to_Am_M_A/Vsm_=_116720831517.84952
# pendiente_HvsI_1/m_=_3716.3
# ordenada_HvsI_A/m_=_1297.0
# frecuencia_Hz_=_239450.29467159408
# Promedio de 22 ciclos

Tiempo_(s)	Campo_(V.s)	Magnetizacion_(V.s)	Campo_(kA/m)	Magnetizacion_(A/m)
0.000000e+00	-5.396899e-09	-2.330043e-09	-2.726384e+01	-2.749284e+02
1.000000e-08	-5.396620e-09	-2.328589e-09	-2.726243e+01	-2.747901e+02
2.000000e-08	-5.395198e-09	-2.324096e-09	-2.725524e+01	-2.745895e+02
3.000000e-08	-5.392339e-09	-2.319573e-09	-2.724080e+01	-2.743266e+02
4.000000e-08	-5.388288e-09	-2.313581e-09	-2.722033e+01	-2.740017e+02
5.000000e-08	-5.383283e-09	-2.307492e-09	-2.719505e+01	-2.736146e+02
6.000000e-08	-5.377174e-09	-2.309916e-09	-2.716419e+01	-2.731656e+02
7.000000e-08	-5.369890e-09	-2.322736e-09	-2.712739e+01	-2.726547e+02
8.000000e-08	-5.361383e-09	-2.304989e-09	-2.708442e+01	-2.720820e+02
9.000000e-08	-5.351192e-09	-2.229499e-09	-2.703294e+01	-2.714476e+02
1.000000e-07	-5.339112e-09	-2.214216e-09	-2.697191e+01	-2.707518e+02
1.100000e-07	-5.325782e-09	-2.333782e-09	-2.690457e+01	-2.699947e+02
1.200000e-07	-5.311693e-09	-2.327954e-09	-2.683340e+01	-2.691763e+02
1.300000e-07	-5.296297e-09	-2.199173e-09	-2.675562e+01	-2.682970e+02
1.400000e-07	-5.279197e-09	-2.228487e-09	-2.666924e+01	-2.673569e+02
1.500000e-07	-5.261095e-09	-2.365324e-09	-2.657779e+01	-2.663562e+02
1.600000e-07	-5.242267e-09	-2.242816e-09	-2.648267e+01	-2.652952e+02
1.700000e-07	-5.222211e-09	-2.106776e-09	-2.638135e+01	-2.641741e+02
1.800000e-07	-5.200993e-09	-2.322410e-09	-2.627417e+01	-2.629932e+02
1.900000e-07	-5.179022e-09	-2.352802e-09	-2.616317e+01	-2.617526e+02
2.000000e-07	-5.155999e-09	-2.152910e-09	-2.604687e+01	-2.604528e+02
2.100000e-07	-5.131675e-09	-2.237676e-09	-2.592399e+01	-2.590939e+02
2.200000e-07	-5.106331e-09	-2.339082e-09	-2.579596e+01	-2.576764e+02
2.300000e-07	-5.079743e-09	-2.154472e-09	-2.566164e+01	-2.562004e+02
2.400000e-07	-5.051686e-09	-2.138419e-09	-2.551991e+01	-2.546664e+02
2.500000e-07	-5.022619e-09	-2.250835e-09	-2.537307e+01	-2.530748e+02
2.600000e-07	-4.992616e-09	-2.139241e-09	-2.522149e+01	-2.514258e+02
2.700000e-07	-4.961390e-09	-2.110443e-09	-2.506375e+01	-2.497198e+02
2.800000e-07	-4.929231e-09	-2.238588e-09	-2.490129e+01	-2.479572e+02
2.900000e-07	-4.896223e-09	-2.147024e-09	-2.473454e+01	-2.461385e+02
3.000000e-07	-4.861781e-09	-2.038843e-09	-2.456055e+01	-2.442640e+02
3.100000e-07	-4.825945e-09	-2.099902e-09	-2.437952e+01	-2.423341e+02
3.200000e-07	-4.789182e-09	-2.081565e-09	-2.419380e+01	-2.403494e+02
3.300000e-07	-4.751380e-09	-2.057081e-09	-2.400283e+01	-2.383102e+02
3.400000e-07	-4.712399e-09	-2.077078e-09	-2.380591e+01	-2.362170e+02
3.500000e-07	-4.672496e-09	-2.023210e-09	-2.360433e+01	-2.340702e+02
3.600000e-07	-4.631748e-09	-1.993776e-09	-2.339848e+01	-2.318705e+02
3.700000e-07	-4.589793e-09	-2.013968e-09	-2.318653e+01	-2.296182e+02
3.800000e-07	-4.546496e-09	-1.957815e-09	-2.296781e+01	-2.273139e+02
3.900000e-07	-4.502137e-09	-1.930895e-09	-2.274371e+01	-2.249580e+02
4.000000e-07	-4.456868e-09	-1.944451e-09	-2.251502e+01	-2.225512e+02
4.100000e-07	-4.410639e-09	-1.904312e-09	-2.228149e+01	-2.200940e+02
4.200000e-07	-4.363414e-09	-1.901876e-09	-2.204292e+01	-2.175869e+02
4.300000e-07	-4.315262e-09	-1.889301e-09	-2.179967e+01	-2.150304e+02
4.400000e-07	-4.266016e-09	-1.819521e-09	-2.155088e+01	-2.124253e+02
4.500000e-07	-4.215391e-09	-1.792227e-09	-2.129514e+01	-2.097720e+02
4.600000e-07	-4.163568e-09	-1.798044e-09	-2.103334e+01	-2.070712e+02
4.700000e-07	-4.110763e-09	-1.768857e-09	-2.076659e+01	-2.043235e+02
4.800000e-07	-4.057011e-09	-1.753553e-09	-2.049504e+01	-2.015294e+02
4.900000e-07	-4.002417e-09	-1.739022e-09	-2.021925e+01	-1.986897e+02
5.000000e-07	-3.947018e-09	-1.693399e-09	-1.993938e+01	-1.958050e+02
5.100000e-07	-3.890866e-09	-1.666182e-09	-1.965572e+01	-1.928759e+02
5.200000e-07	-3.833876e-09	-1.647590e-09	-1.936782e+01	-1.899030e+02
5.300000e-07	-3.775742e-09	-1.619556e-09	-1.907414e+01	-1.868872e+02
5.400000e-07	-3.716481e-09	-1.591739e-09	-1.877477e+01	-1.838290e+02
5.500000e-07	-3.656426e-09	-1.572405e-09	-1.847139e+01	-1.807291e+02
5.600000e-07	-3.595677e-09	-1.547063e-09	-1.816450e+01	-1.775882e+02
5.700000e-07	-3.534142e-09	-1.523418e-09	-1.785364e+01	-1.744071e+02
5.800000e-07	-3.471849e-09	-1.493648e-09	-1.753895e+01	-1.711865e+02
5.900000e-07	-3.408824e-09	-1.452994e-09	-1.722056e+01	-1.679271e+02
6.000000e-07	-3.345112e-09	-1.423323e-09	-1.689870e+01	-1.646296e+02
6.100000e-07	-3.280776e-09	-1.406002e-09	-1.657369e+01	-1.612947e+02
6.200000e-07	-3.215641e-09	-1.388719e-09	-1.624465e+01	-1.579234e+02
6.300000e-07	-3.149511e-09	-1.357971e-09	-1.591057e+01	-1.545162e+02
6.400000e-07	-3.082471e-09	-1.318312e-09	-1.557190e+01	-1.510740e+02
6.500000e-07	-3.014767e-09	-1.278392e-09	-1.522988e+01	-1.475975e+02
6.600000e-07	-2.946575e-09	-1.253166e-09	-1.488539e+01	-1.440876e+02
6.700000e-07	-2.877879e-09	-1.231058e-09	-1.453835e+01	-1.405450e+02
6.800000e-07	-2.808596e-09	-1.200375e-09	-1.418835e+01	-1.369705e+02
6.900000e-07	-2.738692e-09	-1.165464e-09	-1.383521e+01	-1.333650e+02
7.000000e-07	-2.668167e-09	-1.132996e-09	-1.347894e+01	-1.297293e+02
7.100000e-07	-2.597022e-09	-1.106157e-09	-1.311953e+01	-1.260641e+02
7.200000e-07	-2.525329e-09	-1.075890e-09	-1.275736e+01	-1.223703e+02
7.300000e-07	-2.453215e-09	-1.040238e-09	-1.239305e+01	-1.186488e+02
7.400000e-07	-2.380660e-09	-1.002196e-09	-1.202652e+01	-1.149004e+02
7.500000e-07	-2.307474e-09	-9.718857e-10	-1.165680e+01	-1.111259e+02
7.600000e-07	-2.233535e-09	-9.464544e-10	-1.128328e+01	-1.073262e+02
7.700000e-07	-2.158845e-09	-9.200937e-10	-1.090597e+01	-1.035021e+02
7.800000e-07	-2.083516e-09	-8.884838e-10	-1.052542e+01	-9.965457e+01
7.900000e-07	-2.007680e-09	-8.519978e-10	-1.014232e+01	-9.578443e+01
8.000000e-07	-1.931391e-09	-8.176786e-10	-9.756926e+00	-9.189254e+01
8.100000e-07	-1.854695e-09	-7.881016e-10	-9.369475e+00	-8.797980e+01
8.200000e-07	-1.777605e-09	-7.592014e-10	-8.980036e+00	-8.404710e+01
8.300000e-07	-1.700123e-09	-7.235243e-10	-8.588612e+00	-8.009531e+01
8.400000e-07	-1.622242e-09	-6.861765e-10	-8.195176e+00	-7.612534e+01
8.500000e-07	-1.543966e-09	-6.509397e-10	-7.799748e+00	-7.213808e+01
8.600000e-07	-1.465272e-09	-6.196567e-10	-7.402203e+00	-6.813444e+01
8.700000e-07	-1.386135e-09	-5.888746e-10	-7.002420e+00	-6.411532e+01
8.800000e-07	-1.306542e-09	-5.542904e-10	-6.600339e+00	-6.008163e+01
8.900000e-07	-1.226494e-09	-5.176930e-10	-6.195956e+00	-5.603429e+01
9.000000e-07	-1.146053e-09	-4.834771e-10	-5.789586e+00	-5.197421e+01
9.100000e-07	-1.065302e-09	-4.520484e-10	-5.381653e+00	-4.790231e+01
9.200000e-07	-9.843156e-10	-4.183524e-10	-4.972528e+00	-4.381951e+01
9.300000e-07	-9.031424e-10	-3.800143e-10	-4.562460e+00	-3.972674e+01
9.400000e-07	-8.218297e-10	-3.383035e-10	-4.151688e+00	-3.562491e+01
9.500000e-07	-7.404010e-10	-3.001108e-10	-3.740329e+00	-3.151497e+01
9.600000e-07	-6.588696e-10	-2.669327e-10	-3.328452e+00	-2.739784e+01
9.700000e-07	-5.772584e-10	-2.358171e-10	-2.916172e+00	-2.327446e+01
9.800000e-07	-4.955877e-10	-2.015750e-10	-2.503591e+00	-1.914575e+01
9.900000e-07	-4.138518e-10	-1.620953e-10	-2.090681e+00	-1.501265e+01
1.000000e-06	-3.320410e-10	-1.215445e-10	-1.677392e+00	-1.087609e+01
1.010000e-06	-2.501661e-10	-8.291633e-11	-1.263780e+00	-6.737018e+00
1.020000e-06	-1.682448e-10	-4.550209e-11	-8.499328e-01	-2.596365e+00
1.030000e-06	-8.630670e-11	-5.247722e-12	-4.360012e-01	1.544931e+00
1.040000e-06	-4.394603e-12	3.789335e-11	-2.220090e-02	5.685935e+00
1.050000e-06	7.748280e-11	7.877488e-11	3.914241e-01	9.825707e+00
1.060000e-06	1.593494e-10	1.129520e-10	8.049946e-01	1.396331e+01
1.070000e-06	2.411959e-10	1.451161e-10	1.218464e+00	1.809781e+01
1.080000e-06	3.229705e-10	1.818837e-10	1.631569e+00	2.222827e+01
1.090000e-06	4.046538e-10	2.227805e-10	2.044214e+00	2.635375e+01
1.100000e-06	4.862684e-10	2.629322e-10	2.456511e+00	3.047333e+01
1.110000e-06	5.678227e-10	2.988336e-10	2.868504e+00	3.458606e+01
1.120000e-06	6.492916e-10	3.348208e-10	3.280065e+00	3.869103e+01
1.130000e-06	7.306274e-10	3.763333e-10	3.690954e+00	4.278729e+01
1.140000e-06	8.118035e-10	4.200576e-10	4.101037e+00	4.687392e+01
1.150000e-06	8.928334e-10	4.574328e-10	4.510380e+00	5.095000e+01
1.160000e-06	9.737222e-10	4.886491e-10	4.919011e+00	5.501460e+01
1.170000e-06	1.054397e-09	5.198958e-10	5.326561e+00	5.906681e+01
1.180000e-06	1.134744e-09	5.561807e-10	5.732457e+00	6.310570e+01
1.190000e-06	1.214716e-09	5.967189e-10	6.136456e+00	6.713036e+01
1.200000e-06	1.294331e-09	6.352925e-10	6.538652e+00	7.113989e+01
1.210000e-06	1.373575e-09	6.699719e-10	6.938971e+00	7.513337e+01
1.220000e-06	1.452419e-09	7.048242e-10	7.337273e+00	7.910991e+01
1.230000e-06	1.530878e-09	7.423638e-10	7.733628e+00	8.306859e+01
1.240000e-06	1.608982e-09	7.791481e-10	8.128189e+00	8.700852e+01
1.250000e-06	1.686730e-09	8.122476e-10	8.520953e+00	9.092882e+01
1.260000e-06	1.764075e-09	8.424595e-10	8.911681e+00	9.482860e+01
1.270000e-06	1.840983e-09	8.753853e-10	9.300202e+00	9.870696e+01
1.280000e-06	1.917476e-09	9.136000e-10	9.686629e+00	1.025630e+02
1.290000e-06	1.993598e-09	9.524708e-10	1.007118e+01	1.063960e+02
1.300000e-06	2.069329e-09	9.874910e-10	1.045375e+01	1.102049e+02
1.310000e-06	2.144539e-09	1.016878e-09	1.083370e+01	1.139889e+02
1.320000e-06	2.219018e-09	1.045655e-09	1.120994e+01	1.177471e+02
1.330000e-06	2.292657e-09	1.079120e-09	1.158195e+01	1.214788e+02
1.340000e-06	2.365551e-09	1.115747e-09	1.195019e+01	1.251830e+02
1.350000e-06	2.437915e-09	1.151056e-09	1.231576e+01	1.288590e+02
1.360000e-06	2.509905e-09	1.183202e-09	1.267944e+01	1.325058e+02
1.370000e-06	2.581456e-09	1.214426e-09	1.304089e+01	1.361227e+02
1.380000e-06	2.652431e-09	1.247015e-09	1.339945e+01	1.397089e+02
1.390000e-06	2.722794e-09	1.280520e-09	1.375490e+01	1.432635e+02
1.400000e-06	2.792544e-09	1.312283e-09	1.410726e+01	1.467857e+02
1.410000e-06	2.861672e-09	1.342085e-09	1.445648e+01	1.502747e+02
1.420000e-06	2.930223e-09	1.371657e-09	1.480278e+01	1.537298e+02
1.430000e-06	2.998285e-09	1.401872e-09	1.514662e+01	1.571502e+02
1.440000e-06	3.065777e-09	1.432172e-09	1.548757e+01	1.605350e+02
1.450000e-06	3.132435e-09	1.460981e-09	1.582431e+01	1.638836e+02
1.460000e-06	3.198084e-09	1.488486e-09	1.615595e+01	1.671951e+02
1.470000e-06	3.262843e-09	1.517007e-09	1.648310e+01	1.704688e+02
1.480000e-06	3.326988e-09	1.546497e-09	1.680714e+01	1.737040e+02
1.490000e-06	3.390557e-09	1.575259e-09	1.712828e+01	1.769000e+02
1.500000e-06	3.453422e-09	1.602602e-09	1.744586e+01	1.800559e+02
1.510000e-06	3.515559e-09	1.627748e-09	1.775976e+01	1.831712e+02
1.520000e-06	3.576980e-09	1.652075e-09	1.807004e+01	1.862451e+02
1.530000e-06	3.637708e-09	1.676786e-09	1.837682e+01	1.892768e+02
1.540000e-06	3.697823e-09	1.702645e-09	1.868051e+01	1.922658e+02
1.550000e-06	3.757206e-09	1.729826e-09	1.898050e+01	1.952113e+02
1.560000e-06	3.815482e-09	1.756879e-09	1.927490e+01	1.981127e+02
1.570000e-06	3.872562e-09	1.782926e-09	1.956325e+01	2.009693e+02
1.580000e-06	3.928771e-09	1.806988e-09	1.984721e+01	2.037805e+02
1.590000e-06	3.984248e-09	1.828834e-09	2.012746e+01	2.065456e+02
1.600000e-06	4.038902e-09	1.849045e-09	2.040356e+01	2.092640e+02
1.610000e-06	4.092676e-09	1.869547e-09	2.067521e+01	2.119351e+02
1.620000e-06	4.145525e-09	1.891572e-09	2.094220e+01	2.145583e+02
1.630000e-06	4.197336e-09	1.914221e-09	2.120393e+01	2.171330e+02
1.640000e-06	4.247871e-09	1.935539e-09	2.145922e+01	2.196585e+02
1.650000e-06	4.297077e-09	1.954822e-09	2.170780e+01	2.221345e+02
1.660000e-06	4.345230e-09	1.973995e-09	2.195106e+01	2.245602e+02
1.670000e-06	4.392495e-09	1.993637e-09	2.218983e+01	2.269351e+02
1.680000e-06	4.438842e-09	2.012679e-09	2.242396e+01	2.292587e+02
1.690000e-06	4.484244e-09	2.030940e-09	2.265333e+01	2.315305e+02
1.700000e-06	4.528782e-09	2.049611e-09	2.287832e+01	2.337500e+02
1.710000e-06	4.572520e-09	2.068759e-09	2.309927e+01	2.359165e+02
1.720000e-06	4.615160e-09	2.086626e-09	2.331468e+01	2.380298e+02
1.730000e-06	4.656465e-09	2.101863e-09	2.352334e+01	2.400892e+02
1.740000e-06	4.696657e-09	2.115070e-09	2.372638e+01	2.420944e+02
1.750000e-06	4.735899e-09	2.128385e-09	2.392462e+01	2.440448e+02
1.760000e-06	4.774157e-09	2.143867e-09	2.411789e+01	2.459400e+02
1.770000e-06	4.811429e-09	2.161511e-09	2.430618e+01	2.477796e+02
1.780000e-06	4.847799e-09	2.178251e-09	2.448991e+01	2.495632e+02
1.790000e-06	4.883207e-09	2.192171e-09	2.466879e+01	2.512903e+02
1.800000e-06	4.917330e-09	2.203854e-09	2.484117e+01	2.529606e+02
1.810000e-06	4.950143e-09	2.214300e-09	2.500693e+01	2.545738e+02
1.820000e-06	4.981902e-09	2.224632e-09	2.516737e+01	2.561293e+02
1.830000e-06	5.012664e-09	2.234753e-09	2.532277e+01	2.576270e+02
1.840000e-06	5.042389e-09	2.244511e-09	2.547294e+01	2.590664e+02
1.850000e-06	5.071131e-09	2.254735e-09	2.561813e+01	2.604472e+02
1.860000e-06	5.098893e-09	2.265538e-09	2.575838e+01	2.617691e+02
1.870000e-06	5.125408e-09	2.276660e-09	2.589233e+01	2.630318e+02
1.880000e-06	5.150502e-09	2.286895e-09	2.601910e+01	2.642351e+02
1.890000e-06	5.174368e-09	2.295427e-09	2.613966e+01	2.653786e+02
1.900000e-06	5.197134e-09	2.302556e-09	2.625467e+01	2.664620e+02
1.910000e-06	5.218801e-09	2.308933e-09	2.636413e+01	2.674853e+02
1.920000e-06	5.239466e-09	2.315289e-09	2.646852e+01	2.684480e+02
1.930000e-06	5.259186e-09	2.321905e-09	2.656814e+01	2.693500e+02
1.940000e-06	5.277818e-09	2.328816e-09	2.666227e+01	2.701912e+02
1.950000e-06	5.295259e-09	2.334864e-09	2.675038e+01	2.709712e+02
1.960000e-06	5.311448e-09	2.339555e-09	2.683216e+01	2.716899e+02
1.970000e-06	5.326298e-09	2.342860e-09	2.690718e+01	2.723473e+02
1.980000e-06	5.339857e-09	2.344824e-09	2.697567e+01	2.729430e+02
1.990000e-06	5.352208e-09	2.346126e-09	2.703807e+01	2.734770e+02
2.000000e-06	5.363194e-09	2.347284e-09	2.709357e+01	2.739491e+02
2.010000e-06	5.372660e-09	2.349598e-09	2.714139e+01	2.743593e+02
2.020000e-06	5.380852e-09	2.353946e-09	2.718277e+01	2.747075e+02
2.030000e-06	5.387945e-09	2.358732e-09	2.721860e+01	2.749935e+02
2.040000e-06	5.393889e-09	2.361097e-09	2.724863e+01	2.752174e+02
2.050000e-06	5.398757e-09	2.359483e-09	2.727322e+01	2.753790e+02
2.060000e-06	5.402598e-09	2.354713e-09	2.729263e+01	2.754784e+02
2.070000e-06	5.405131e-09	2.351579e-09	2.730542e+01	2.755154e+02
2.080000e-06	5.406236e-09	2.351314e-09	2.731101e+01	2.754901e+02
2.090000e-06	5.406177e-09	2.351842e-09	2.731070e+01	2.754026e+02
2.100000e-06	5.405056e-09	2.353657e-09	2.730504e+01	2.752527e+02
2.110000e-06	5.402840e-09	2.355400e-09	2.729385e+01	2.750407e+02
2.120000e-06	5.399626e-09	2.353236e-09	2.727761e+01	2.747664e+02
2.130000e-06	5.395452e-09	2.349401e-09	2.725653e+01	2.744300e+02
2.140000e-06	5.390004e-09	2.343372e-09	2.722901e+01	2.740315e+02
2.150000e-06	5.383180e-09	2.322634e-09	2.719453e+01	2.735710e+02
2.160000e-06	5.375300e-09	2.310982e-09	2.715473e+01	2.730487e+02
2.170000e-06	5.366331e-09	2.378517e-09	2.710941e+01	2.724647e+02
2.180000e-06	5.355705e-09	2.414346e-09	2.705573e+01	2.718190e+02
2.190000e-06	5.342910e-09	2.278639e-09	2.699110e+01	2.711118e+02
2.200000e-06	5.328584e-09	2.249840e-09	2.691873e+01	2.703434e+02
2.210000e-06	5.313875e-09	2.348809e-09	2.684442e+01	2.695138e+02
2.220000e-06	5.298446e-09	2.341452e-09	2.676648e+01	2.686233e+02
2.230000e-06	5.281408e-09	2.188620e-09	2.668040e+01	2.676720e+02
2.240000e-06	5.263201e-09	2.256119e-09	2.658843e+01	2.666602e+02
2.250000e-06	5.244444e-09	2.422307e-09	2.649367e+01	2.655881e+02
2.260000e-06	5.224363e-09	2.212625e-09	2.639223e+01	2.644559e+02
2.270000e-06	5.202406e-09	2.085504e-09	2.628130e+01	2.632640e+02
2.280000e-06	5.179375e-09	2.299310e-09	2.616496e+01	2.620124e+02
2.290000e-06	5.155497e-09	2.269037e-09	2.604433e+01	2.607017e+02
2.300000e-06	5.130317e-09	2.055736e-09	2.591713e+01	2.593320e+02
2.310000e-06	5.104190e-09	2.205867e-09	2.578514e+01	2.579037e+02
2.320000e-06	5.077265e-09	2.294561e-09	2.564912e+01	2.564170e+02
2.330000e-06	5.048837e-09	2.095550e-09	2.550551e+01	2.548723e+02
2.340000e-06	5.018922e-09	2.140511e-09	2.535439e+01	2.532701e+02
2.350000e-06	4.988062e-09	2.227099e-09	2.519849e+01	2.516105e+02
2.360000e-06	4.956095e-09	2.031852e-09	2.503700e+01	2.498941e+02
2.370000e-06	4.922968e-09	2.049387e-09	2.486965e+01	2.481211e+02
2.380000e-06	4.888954e-09	2.164177e-09	2.469782e+01	2.462920e+02
2.390000e-06	4.854001e-09	2.073483e-09	2.452125e+01	2.444073e+02
2.400000e-06	4.818090e-09	2.071486e-09	2.433983e+01	2.424673e+02
2.410000e-06	4.781042e-09	2.076981e-09	2.415267e+01	2.404724e+02
2.420000e-06	4.742555e-09	1.955028e-09	2.395825e+01	2.384232e+02
2.430000e-06	4.702924e-09	1.990307e-09	2.375804e+01	2.363201e+02
2.440000e-06	4.662376e-09	2.026779e-09	2.355320e+01	2.341636e+02
2.450000e-06	4.620741e-09	1.928678e-09	2.334287e+01	2.319540e+02
2.460000e-06	4.578130e-09	1.975729e-09	2.312761e+01	2.296921e+02
2.470000e-06	4.534718e-09	1.962673e-09	2.290831e+01	2.273782e+02
2.480000e-06	4.490393e-09	1.860646e-09	2.268438e+01	2.250129e+02
2.490000e-06	4.445096e-09	1.914899e-09	2.245555e+01	2.225967e+02
2.500000e-06	4.398802e-09	1.883400e-09	2.222169e+01	2.201302e+02
2.510000e-06	4.351449e-09	1.789101e-09	2.198247e+01	2.176140e+02
2.520000e-06	4.303107e-09	1.838782e-09	2.173827e+01	2.150485e+02
2.530000e-06	4.253761e-09	1.822096e-09	2.148898e+01	2.124344e+02
2.540000e-06	4.203360e-09	1.770145e-09	2.123437e+01	2.097723e+02
2.550000e-06	4.152007e-09	1.784590e-09	2.097494e+01	2.070628e+02
2.560000e-06	4.099588e-09	1.715607e-09	2.071013e+01	2.043064e+02
2.570000e-06	4.045839e-09	1.668870e-09	2.043860e+01	2.015039e+02
2.580000e-06	3.990916e-09	1.682358e-09	2.016115e+01	1.986558e+02
2.590000e-06	3.935172e-09	1.659622e-09	1.987954e+01	1.957628e+02
2.600000e-06	3.878667e-09	1.645166e-09	1.959409e+01	1.928255e+02
2.610000e-06	3.821303e-09	1.610701e-09	1.930431e+01	1.898446e+02
2.620000e-06	3.763085e-09	1.562645e-09	1.901020e+01	1.868209e+02
2.630000e-06	3.704110e-09	1.545291e-09	1.871227e+01	1.837549e+02
2.640000e-06	3.644489e-09	1.523375e-09	1.841108e+01	1.806473e+02
2.650000e-06	3.584136e-09	1.495909e-09	1.810619e+01	1.774990e+02
2.660000e-06	3.522765e-09	1.466092e-09	1.779616e+01	1.743105e+02
2.670000e-06	3.460290e-09	1.434958e-09	1.748056e+01	1.710826e+02
2.680000e-06	3.396979e-09	1.419154e-09	1.716072e+01	1.678160e+02
2.690000e-06	3.333021e-09	1.389759e-09	1.683762e+01	1.645115e+02
2.700000e-06	3.268363e-09	1.354006e-09	1.651098e+01	1.611698e+02
2.710000e-06	3.202987e-09	1.315437e-09	1.618072e+01	1.577917e+02
2.720000e-06	3.136928e-09	1.276345e-09	1.584701e+01	1.543780e+02
2.730000e-06	3.070231e-09	1.263782e-09	1.551007e+01	1.509293e+02
2.740000e-06	3.002964e-09	1.240958e-09	1.517025e+01	1.474466e+02
2.750000e-06	2.935185e-09	1.204582e-09	1.482785e+01	1.439305e+02
2.760000e-06	2.866780e-09	1.168937e-09	1.448228e+01	1.403819e+02
2.770000e-06	2.797461e-09	1.127104e-09	1.413210e+01	1.368016e+02
2.780000e-06	2.727207e-09	1.099406e-09	1.377720e+01	1.331904e+02
2.790000e-06	2.656219e-09	1.077433e-09	1.341858e+01	1.295490e+02
2.800000e-06	2.584716e-09	1.046590e-09	1.305737e+01	1.258784e+02
2.810000e-06	2.512818e-09	1.013829e-09	1.269415e+01	1.221794e+02
2.820000e-06	2.440395e-09	9.761828e-10	1.232829e+01	1.184528e+02
2.830000e-06	2.367410e-09	9.418312e-10	1.195959e+01	1.146994e+02
2.840000e-06	2.293949e-09	9.100393e-10	1.158848e+01	1.109201e+02
2.850000e-06	2.220002e-09	8.731018e-10	1.121491e+01	1.071158e+02
2.860000e-06	2.145569e-09	8.389578e-10	1.083890e+01	1.032872e+02
2.870000e-06	2.070652e-09	8.064960e-10	1.046043e+01	9.943536e+01
2.880000e-06	1.995308e-09	7.806243e-10	1.007981e+01	9.556104e+01
2.890000e-06	1.919600e-09	7.526822e-10	9.697357e+00	9.166515e+01
2.900000e-06	1.843427e-09	7.137909e-10	9.312552e+00	8.774856e+01
2.910000e-06	1.766625e-09	6.737002e-10	8.924567e+00	8.381216e+01
2.920000e-06	1.689095e-09	6.340687e-10	8.532902e+00	7.985685e+01
2.930000e-06	1.611003e-09	6.018987e-10	8.138401e+00	7.588352e+01
2.940000e-06	1.532503e-09	5.732670e-10	7.741837e+00	7.189306e+01
2.950000e-06	1.453564e-09	5.394235e-10	7.343060e+00	6.788639e+01
2.960000e-06	1.374254e-09	5.020659e-10	6.942404e+00	6.386440e+01
2.970000e-06	1.294690e-09	4.643790e-10	6.540464e+00	5.982801e+01
2.980000e-06	1.214978e-09	4.316254e-10	6.137778e+00	5.577813e+01
2.990000e-06	1.135172e-09	4.009061e-10	5.734616e+00	5.171568e+01
3.000000e-06	1.055205e-09	3.674616e-10	5.330642e+00	4.764158e+01
3.010000e-06	9.749990e-10	3.323516e-10	4.925461e+00	4.355674e+01
3.020000e-06	8.945366e-10	2.954698e-10	4.518985e+00	3.946210e+01
3.030000e-06	8.138593e-10	2.573651e-10	4.111422e+00	3.535858e+01
3.040000e-06	7.330082e-10	2.189064e-10	3.702982e+00	3.124711e+01
3.050000e-06	6.519838e-10	1.795866e-10	3.293666e+00	2.712863e+01
3.060000e-06	5.707916e-10	1.439344e-10	2.883503e+00	2.300405e+01
3.070000e-06	4.894795e-10	1.128885e-10	2.472734e+00	1.887432e+01
3.080000e-06	4.080899e-10	8.319188e-11	2.061573e+00	1.474037e+01
3.090000e-06	3.266473e-10	5.001263e-11	1.650144e+00	1.060313e+01
3.100000e-06	2.451738e-10	9.956999e-12	1.238559e+00	6.463552e+00
3.110000e-06	1.636602e-10	-3.244307e-11	8.267722e-01	2.322560e+00
3.120000e-06	8.211050e-11	-7.243467e-11	4.148028e-01	-1.818906e+00
3.130000e-06	5.576492e-13	-1.090804e-10	2.817238e-03	-5.959907e+00
3.140000e-06	-8.096853e-11	-1.439024e-10	-4.090336e-01	-1.009951e+01
3.150000e-06	-1.624585e-10	-1.761411e-10	-8.207014e-01	-1.423677e+01
3.160000e-06	-2.439097e-10	-2.061069e-10	-1.232173e+00	-1.837076e+01
3.170000e-06	-3.253109e-10	-2.363016e-10	-1.643392e+00	-2.250053e+01
3.180000e-06	-4.066460e-10	-2.689067e-10	-2.054278e+00	-2.662516e+01
3.190000e-06	-4.878908e-10	-3.048497e-10	-2.464707e+00	-3.074372e+01
3.200000e-06	-5.690318e-10	-3.423106e-10	-2.874612e+00	-3.485526e+01
3.210000e-06	-6.500451e-10	-3.787600e-10	-3.283872e+00	-3.895886e+01
3.220000e-06	-7.309064e-10	-4.127226e-10	-3.692364e+00	-4.305359e+01
3.230000e-06	-8.115903e-10	-4.448624e-10	-4.099959e+00	-4.713853e+01
3.240000e-06	-8.920722e-10	-4.755919e-10	-4.506535e+00	-5.121274e+01
3.250000e-06	-9.723582e-10	-5.070766e-10	-4.912121e+00	-5.527531e+01
3.260000e-06	-1.052451e-09	-5.409029e-10	-5.316728e+00	-5.932531e+01
3.270000e-06	-1.132354e-09	-5.755362e-10	-5.720383e+00	-6.336184e+01
3.280000e-06	-1.212081e-09	-6.102535e-10	-6.123142e+00	-6.738397e+01
3.290000e-06	-1.291631e-09	-6.449534e-10	-6.525011e+00	-7.139080e+01
3.300000e-06	-1.370972e-09	-6.781333e-10	-6.925824e+00	-7.538142e+01
3.310000e-06	-1.449997e-09	-7.101183e-10	-7.325035e+00	-7.935493e+01
3.320000e-06	-1.528566e-09	-7.431508e-10	-7.721949e+00	-8.331042e+01
3.330000e-06	-1.606570e-09	-7.757302e-10	-8.116005e+00	-8.724700e+01
3.340000e-06	-1.683954e-09	-8.069440e-10	-8.506933e+00	-9.116379e+01
3.350000e-06	-1.760755e-09	-8.383296e-10	-8.894912e+00	-9.505989e+01
3.360000e-06	-1.837043e-09	-8.699777e-10	-9.280300e+00	-9.893442e+01
3.370000e-06	-1.912902e-09	-9.006969e-10	-9.663523e+00	-1.027865e+02
3.380000e-06	-1.988376e-09	-9.298361e-10	-1.004480e+01	-1.066153e+02
3.390000e-06	-2.063392e-09	-9.581158e-10	-1.042376e+01	-1.104199e+02
3.400000e-06	-2.137896e-09	-9.875807e-10	-1.080014e+01	-1.141994e+02
3.410000e-06	-2.211916e-09	-1.019418e-09	-1.117407e+01	-1.179531e+02
3.420000e-06	-2.285475e-09	-1.051766e-09	-1.154567e+01	-1.216800e+02
3.430000e-06	-2.358546e-09	-1.083381e-09	-1.191481e+01	-1.253793e+02
3.440000e-06	-2.431075e-09	-1.114150e-09	-1.228121e+01	-1.290501e+02
3.450000e-06	-2.503103e-09	-1.144858e-09	-1.264507e+01	-1.326917e+02
3.460000e-06	-2.574744e-09	-1.174803e-09	-1.300699e+01	-1.363033e+02
3.470000e-06	-2.645985e-09	-1.202843e-09	-1.336688e+01	-1.398839e+02
3.480000e-06	-2.716621e-09	-1.227909e-09	-1.372371e+01	-1.434328e+02
3.490000e-06	-2.786418e-09	-1.253481e-09	-1.407632e+01	-1.469492e+02
3.500000e-06	-2.855301e-09	-1.283124e-09	-1.442430e+01	-1.504323e+02
3.510000e-06	-2.923423e-09	-1.314958e-09	-1.476843e+01	-1.538813e+02
3.520000e-06	-2.991017e-09	-1.346238e-09	-1.510990e+01	-1.572954e+02
3.530000e-06	-3.058088e-09	-1.373585e-09	-1.544872e+01	-1.606738e+02
3.540000e-06	-3.124514e-09	-1.398660e-09	-1.578429e+01	-1.640159e+02
3.550000e-06	-3.190284e-09	-1.424676e-09	-1.611655e+01	-1.673207e+02
3.560000e-06	-3.255393e-09	-1.451842e-09	-1.644546e+01	-1.705877e+02
3.570000e-06	-3.319809e-09	-1.477415e-09	-1.677088e+01	-1.738159e+02
3.580000e-06	-3.383601e-09	-1.500658e-09	-1.709314e+01	-1.770048e+02
3.590000e-06	-3.446738e-09	-1.524767e-09	-1.741209e+01	-1.801536e+02
3.600000e-06	-3.508969e-09	-1.550947e-09	-1.772647e+01	-1.832615e+02
3.610000e-06	-3.570149e-09	-1.578645e-09	-1.803554e+01	-1.863279e+02
3.620000e-06	-3.630412e-09	-1.604869e-09	-1.833997e+01	-1.893521e+02
3.630000e-06	-3.689986e-09	-1.628378e-09	-1.864092e+01	-1.923334e+02
3.640000e-06	-3.748862e-09	-1.651821e-09	-1.893835e+01	-1.952711e+02
3.650000e-06	-3.806911e-09	-1.677412e-09	-1.923160e+01	-1.981645e+02
3.660000e-06	-3.864116e-09	-1.703391e-09	-1.952058e+01	-2.010131e+02
3.670000e-06	-3.920492e-09	-1.725548e-09	-1.980538e+01	-2.038161e+02
3.680000e-06	-3.976131e-09	-1.743949e-09	-2.008646e+01	-2.065729e+02
3.690000e-06	-4.030886e-09	-1.762587e-09	-2.036307e+01	-2.092829e+02
3.700000e-06	-4.084365e-09	-1.784229e-09	-2.063323e+01	-2.119455e+02
3.710000e-06	-4.136618e-09	-1.807271e-09	-2.089720e+01	-2.145600e+02
3.720000e-06	-4.187921e-09	-1.828565e-09	-2.115637e+01	-2.171260e+02
3.730000e-06	-4.238252e-09	-1.847726e-09	-2.141063e+01	-2.196427e+02
3.740000e-06	-4.287444e-09	-1.867054e-09	-2.165914e+01	-2.221097e+02
3.750000e-06	-4.335301e-09	-1.887762e-09	-2.190090e+01	-2.245264e+02
3.760000e-06	-4.381925e-09	-1.907945e-09	-2.213643e+01	-2.268922e+02
3.770000e-06	-4.427700e-09	-1.925045e-09	-2.236767e+01	-2.292066e+02
3.780000e-06	-4.472677e-09	-1.940477e-09	-2.259489e+01	-2.314690e+02
3.790000e-06	-4.516818e-09	-1.957573e-09	-2.281788e+01	-2.336790e+02
3.800000e-06	-4.560231e-09	-1.977109e-09	-2.303719e+01	-2.358361e+02
3.810000e-06	-4.602811e-09	-1.996773e-09	-2.325229e+01	-2.379398e+02
3.820000e-06	-4.644422e-09	-2.014164e-09	-2.346250e+01	-2.399895e+02
3.830000e-06	-4.685072e-09	-2.030034e-09	-2.366786e+01	-2.419849e+02
3.840000e-06	-4.724833e-09	-2.047041e-09	-2.386872e+01	-2.439254e+02
3.850000e-06	-4.763599e-09	-2.065211e-09	-2.406456e+01	-2.458107e+02
3.860000e-06	-4.801007e-09	-2.081349e-09	-2.425353e+01	-2.476403e+02
3.870000e-06	-4.837152e-09	-2.093693e-09	-2.443613e+01	-2.494138e+02
3.880000e-06	-4.872372e-09	-2.104761e-09	-2.461405e+01	-2.511308e+02
3.890000e-06	-4.906608e-09	-2.118543e-09	-2.478700e+01	-2.527909e+02
3.900000e-06	-4.939758e-09	-2.135896e-09	-2.495447e+01	-2.543938e+02
3.910000e-06	-4.971893e-09	-2.152868e-09	-2.511681e+01	-2.559390e+02
3.920000e-06	-5.003002e-09	-2.165636e-09	-2.527396e+01	-2.574262e+02
3.930000e-06	-5.032800e-09	-2.175999e-09	-2.542450e+01	-2.588551e+02
3.940000e-06	-5.061242e-09	-2.187669e-09	-2.556818e+01	-2.602254e+02
3.950000e-06	-5.088608e-09	-2.200331e-09	-2.570643e+01	-2.615368e+02
3.960000e-06	-5.114927e-09	-2.211397e-09	-2.583938e+01	-2.627888e+02
3.970000e-06	-5.140102e-09	-2.219893e-09	-2.596656e+01	-2.639814e+02
3.980000e-06	-5.164240e-09	-2.228356e-09	-2.608850e+01	-2.651141e+02
3.990000e-06	-5.187387e-09	-2.239515e-09	-2.620543e+01	-2.661868e+02
4.000000e-06	-5.209234e-09	-2.252044e-09	-2.631580e+01	-2.671992e+02
4.010000e-06	-5.229683e-09	-2.261756e-09	-2.641910e+01	-2.681511e+02
4.020000e-06	-5.249034e-09	-2.266784e-09	-2.651686e+01	-2.690422e+02
4.030000e-06	-5.267358e-09	-2.270850e-09	-2.660943e+01	-2.698724e+02
4.040000e-06	-5.284573e-09	-2.277981e-09	-2.669639e+01	-2.706415e+02
4.050000e-06	-5.300732e-09	-2.287397e-09	-2.677802e+01	-2.713492e+02
4.060000e-06	-5.315746e-09	-2.294647e-09	-2.685387e+01	-2.719955e+02
4.070000e-06	-5.329287e-09	-2.298658e-09	-2.692227e+01	-2.725801e+02
4.080000e-06	-5.341341e-09	-2.302825e-09	-2.698317e+01	-2.731031e+02
4.090000e-06	-5.352144e-09	-2.309429e-09	-2.703775e+01	-2.735641e+02
4.100000e-06	-5.361776e-09	-2.316737e-09	-2.708640e+01	-2.739632e+02
4.110000e-06	-5.370285e-09	-2.320854e-09	-2.712939e+01	-2.743002e+02
4.120000e-06	-5.377755e-09	-2.321169e-09	-2.716712e+01	-2.745751e+02
4.130000e-06	-5.383979e-09	-2.320084e-09	-2.719857e+01	-2.747878e+02
4.140000e-06	-5.388763e-09	-2.321838e-09	-2.722274e+01	-2.749382e+02
4.150000e-06	-5.392364e-09	-2.326287e-09	-2.724092e+01	-2.750264e+02
4.160000e-06	-5.394929e-09	-2.329251e-09	-2.725389e+01	-2.750523e+02
4.170000e-06	-5.396378e-09	-2.330112e-09	-2.726120e+01	-2.750158e+02
