# Temperatura_=_20.0
# Concentracion g/m^3_=_10000.0
# C_Vs_to_Am_M_A/Vsm_=_116720831517.84952
# pendiente_HvsI_1/m_=_3716.3
# ordenada_HvsI_A/m_=_1297.0
# frecuencia_Hz_=_81158.4875577005
# Promedio de 20 ciclos

Tiempo_(s)	Campo_(V.s)	Magnetizacion_(V.s)	Campo_(kA/m)	Magnetizacion_(A/m)
0.000000e+00	-6.510035e-09	-2.477570e-09	-3.471035e+01	-3.236234e+02
1.000000e-08	-6.510130e-09	-2.486492e-09	-3.471083e+01	-3.235310e+02
2.000000e-08	-6.510023e-09	-2.481603e-09	-3.471021e+01	-3.234302e+02
3.000000e-08	-6.509787e-09	-2.424430e-09	-3.470887e+01	-3.233209e+02
4.000000e-08	-6.509386e-09	-2.421437e-09	-3.470671e+01	-3.232032e+02
5.000000e-08	-6.508823e-09	-2.472988e-09	-3.470372e+01	-3.230771e+02
6.000000e-08	-6.508164e-09	-2.497261e-09	-3.470024e+01	-3.229426e+02
7.000000e-08	-6.507427e-09	-2.508868e-09	-3.469632e+01	-3.227997e+02
8.000000e-08	-6.506630e-09	-2.548068e-09	-3.469203e+01	-3.226484e+02
9.000000e-08	-6.505766e-09	-2.527978e-09	-3.468739e+01	-3.224887e+02
1.000000e-07	-6.504808e-09	-2.425540e-09	-3.468224e+01	-3.223206e+02
1.100000e-07	-6.503704e-09	-2.356908e-09	-3.467634e+01	-3.221441e+02
1.200000e-07	-6.502436e-09	-2.299206e-09	-3.466953e+01	-3.219593e+02
1.300000e-07	-6.500964e-09	-2.316221e-09	-3.466165e+01	-3.217660e+02
1.400000e-07	-6.499256e-09	-2.401694e-09	-3.465260e+01	-3.215644e+02
1.500000e-07	-6.497290e-09	-2.460464e-09	-3.464211e+01	-3.213545e+02
1.600000e-07	-6.495045e-09	-2.498036e-09	-3.463013e+01	-3.211361e+02
1.700000e-07	-6.492563e-09	-2.452451e-09	-3.461684e+01	-3.209094e+02
1.800000e-07	-6.489827e-09	-2.402686e-09	-3.460220e+01	-3.206744e+02
1.900000e-07	-6.486838e-09	-2.393043e-09	-3.458625e+01	-3.204310e+02
2.000000e-07	-6.483565e-09	-2.379186e-09	-3.456875e+01	-3.201792e+02
2.100000e-07	-6.480028e-09	-2.392811e-09	-3.454984e+01	-3.199192e+02
2.200000e-07	-6.476284e-09	-2.422962e-09	-3.452980e+01	-3.196508e+02
2.300000e-07	-6.472330e-09	-2.489440e-09	-3.450872e+01	-3.193741e+02
2.400000e-07	-6.468196e-09	-2.481463e-09	-3.448669e+01	-3.190890e+02
2.500000e-07	-6.463894e-09	-2.411000e-09	-3.446369e+01	-3.187957e+02
2.600000e-07	-6.459446e-09	-2.359404e-09	-3.443992e+01	-3.184941e+02
2.700000e-07	-6.454864e-09	-2.360467e-09	-3.441546e+01	-3.181842e+02
2.800000e-07	-6.450192e-09	-2.408812e-09	-3.439055e+01	-3.178660e+02
2.900000e-07	-6.445430e-09	-2.428266e-09	-3.436517e+01	-3.175395e+02
3.000000e-07	-6.440561e-09	-2.439976e-09	-3.433926e+01	-3.172048e+02
3.100000e-07	-6.435610e-09	-2.427007e-09	-3.431287e+01	-3.168618e+02
3.200000e-07	-6.430542e-09	-2.399056e-09	-3.428585e+01	-3.165106e+02
3.300000e-07	-6.425336e-09	-2.376786e-09	-3.425810e+01	-3.161512e+02
3.400000e-07	-6.419980e-09	-2.367115e-09	-3.422959e+01	-3.157835e+02
3.500000e-07	-6.414453e-09	-2.375254e-09	-3.420023e+01	-3.154076e+02
3.600000e-07	-6.408734e-09	-2.382095e-09	-3.416980e+01	-3.150235e+02
3.700000e-07	-6.402833e-09	-2.409329e-09	-3.413832e+01	-3.146311e+02
3.800000e-07	-6.396786e-09	-2.415703e-09	-3.410597e+01	-3.142306e+02
3.900000e-07	-6.390566e-09	-2.389656e-09	-3.407270e+01	-3.138220e+02
4.000000e-07	-6.384157e-09	-2.355916e-09	-3.403845e+01	-3.134051e+02
4.100000e-07	-6.377594e-09	-2.344834e-09	-3.400339e+01	-3.129801e+02
4.200000e-07	-6.370892e-09	-2.354155e-09	-3.396761e+01	-3.125470e+02
4.300000e-07	-6.364045e-09	-2.363174e-09	-3.393104e+01	-3.121057e+02
4.400000e-07	-6.357063e-09	-2.380402e-09	-3.389375e+01	-3.116563e+02
4.500000e-07	-6.349931e-09	-2.378059e-09	-3.385564e+01	-3.111988e+02
4.600000e-07	-6.342603e-09	-2.356640e-09	-3.381648e+01	-3.107332e+02
4.700000e-07	-6.335070e-09	-2.336208e-09	-3.377619e+01	-3.102595e+02
4.800000e-07	-6.327334e-09	-2.338249e-09	-3.373486e+01	-3.097777e+02
4.900000e-07	-6.319412e-09	-2.343941e-09	-3.369261e+01	-3.092879e+02
5.000000e-07	-6.311321e-09	-2.344015e-09	-3.364945e+01	-3.087900e+02
5.100000e-07	-6.303070e-09	-2.348760e-09	-3.360548e+01	-3.082841e+02
5.200000e-07	-6.294671e-09	-2.347494e-09	-3.356076e+01	-3.077702e+02
5.300000e-07	-6.286165e-09	-2.338814e-09	-3.351544e+01	-3.072482e+02
5.400000e-07	-6.277562e-09	-2.330714e-09	-3.346955e+01	-3.067183e+02
5.500000e-07	-6.268856e-09	-2.326245e-09	-3.342313e+01	-3.061804e+02
5.600000e-07	-6.260063e-09	-2.315139e-09	-3.337627e+01	-3.056345e+02
5.700000e-07	-6.251186e-09	-2.314096e-09	-3.332896e+01	-3.050806e+02
5.800000e-07	-6.242220e-09	-2.324428e-09	-3.328117e+01	-3.045188e+02
5.900000e-07	-6.233127e-09	-2.324817e-09	-3.323276e+01	-3.039491e+02
6.000000e-07	-6.223867e-09	-2.311734e-09	-3.318347e+01	-3.033715e+02
6.100000e-07	-6.214395e-09	-2.300447e-09	-3.313300e+01	-3.027860e+02
6.200000e-07	-6.204715e-09	-2.295735e-09	-3.308143e+01	-3.021926e+02
6.300000e-07	-6.194813e-09	-2.291075e-09	-3.302867e+01	-3.015913e+02
6.400000e-07	-6.184673e-09	-2.293123e-09	-3.297460e+01	-3.009822e+02
6.500000e-07	-6.174279e-09	-2.293799e-09	-3.291920e+01	-3.003653e+02
6.600000e-07	-6.163587e-09	-2.287201e-09	-3.286216e+01	-2.997405e+02
6.700000e-07	-6.152596e-09	-2.277966e-09	-3.280350e+01	-2.991080e+02
6.800000e-07	-6.141359e-09	-2.270009e-09	-3.274348e+01	-2.984676e+02
6.900000e-07	-6.129853e-09	-2.260629e-09	-3.268200e+01	-2.978195e+02
7.000000e-07	-6.118096e-09	-2.253395e-09	-3.261923e+01	-2.971637e+02
7.100000e-07	-6.106140e-09	-2.256891e-09	-3.255550e+01	-2.965001e+02
7.200000e-07	-6.093967e-09	-2.260820e-09	-3.249063e+01	-2.958288e+02
7.300000e-07	-6.081609e-09	-2.261318e-09	-3.242470e+01	-2.951498e+02
7.400000e-07	-6.069092e-09	-2.256753e-09	-3.235794e+01	-2.944631e+02
7.500000e-07	-6.056449e-09	-2.248064e-09	-3.229053e+01	-2.937687e+02
7.600000e-07	-6.043698e-09	-2.238870e-09	-3.222249e+01	-2.930667e+02
7.700000e-07	-6.030817e-09	-2.233170e-09	-3.215371e+01	-2.923571e+02
7.800000e-07	-6.017802e-09	-2.231971e-09	-3.208425e+01	-2.916399e+02
7.900000e-07	-6.004649e-09	-2.229753e-09	-3.201409e+01	-2.909151e+02
8.000000e-07	-5.991338e-09	-2.227864e-09	-3.194312e+01	-2.901827e+02
8.100000e-07	-5.977855e-09	-2.222558e-09	-3.187122e+01	-2.894427e+02
8.200000e-07	-5.964202e-09	-2.215304e-09	-3.179837e+01	-2.886952e+02
8.300000e-07	-5.950376e-09	-2.210319e-09	-3.172459e+01	-2.879403e+02
8.400000e-07	-5.936344e-09	-2.207452e-09	-3.164976e+01	-2.871778e+02
8.500000e-07	-5.922118e-09	-2.205166e-09	-3.157397e+01	-2.864078e+02
8.600000e-07	-5.907711e-09	-2.200999e-09	-3.149723e+01	-2.856304e+02
8.700000e-07	-5.893134e-09	-2.194266e-09	-3.141956e+01	-2.848456e+02
8.800000e-07	-5.878392e-09	-2.184193e-09	-3.134094e+01	-2.840533e+02
8.900000e-07	-5.863520e-09	-2.175563e-09	-3.126154e+01	-2.832536e+02
9.000000e-07	-5.848527e-09	-2.169790e-09	-3.118153e+01	-2.824466e+02
9.100000e-07	-5.833347e-09	-2.167453e-09	-3.110057e+01	-2.816323e+02
9.200000e-07	-5.817990e-09	-2.166723e-09	-3.101861e+01	-2.808105e+02
9.300000e-07	-5.802435e-09	-2.162656e-09	-3.093563e+01	-2.799815e+02
9.400000e-07	-5.786668e-09	-2.154738e-09	-3.085151e+01	-2.791452e+02
9.500000e-07	-5.770660e-09	-2.144348e-09	-3.076607e+01	-2.783017e+02
9.600000e-07	-5.754382e-09	-2.133808e-09	-3.067929e+01	-2.774509e+02
9.700000e-07	-5.737893e-09	-2.123821e-09	-3.059145e+01	-2.765928e+02
9.800000e-07	-5.721196e-09	-2.116635e-09	-3.050241e+01	-2.757276e+02
9.900000e-07	-5.704265e-09	-2.110732e-09	-3.041203e+01	-2.748552e+02
1.000000e-06	-5.687134e-09	-2.105308e-09	-3.032064e+01	-2.739757e+02
1.010000e-06	-5.669841e-09	-2.098783e-09	-3.022844e+01	-2.730890e+02
1.020000e-06	-5.652342e-09	-2.090059e-09	-3.013515e+01	-2.721952e+02
1.030000e-06	-5.634652e-09	-2.081625e-09	-3.004083e+01	-2.712943e+02
1.040000e-06	-5.616834e-09	-2.073269e-09	-2.994577e+01	-2.703864e+02
1.050000e-06	-5.598908e-09	-2.065625e-09	-2.985019e+01	-2.694714e+02
1.060000e-06	-5.580861e-09	-2.059335e-09	-2.975397e+01	-2.685494e+02
1.070000e-06	-5.562685e-09	-2.054384e-09	-2.965710e+01	-2.676204e+02
1.080000e-06	-5.544439e-09	-2.046947e-09	-2.955988e+01	-2.666845e+02
1.090000e-06	-5.526114e-09	-2.036959e-09	-2.946218e+01	-2.657416e+02
1.100000e-06	-5.507666e-09	-2.028291e-09	-2.936386e+01	-2.647918e+02
1.110000e-06	-5.489140e-09	-2.021977e-09	-2.926511e+01	-2.638351e+02
1.120000e-06	-5.470528e-09	-2.017914e-09	-2.916589e+01	-2.628716e+02
1.130000e-06	-5.451800e-09	-2.014871e-09	-2.906605e+01	-2.619012e+02
1.140000e-06	-5.432955e-09	-2.011150e-09	-2.896556e+01	-2.609240e+02
1.150000e-06	-5.413987e-09	-2.004742e-09	-2.886443e+01	-2.599400e+02
1.160000e-06	-5.394904e-09	-1.996032e-09	-2.876271e+01	-2.589492e+02
1.170000e-06	-5.375676e-09	-1.985485e-09	-2.866022e+01	-2.579517e+02
1.180000e-06	-5.356283e-09	-1.974874e-09	-2.855685e+01	-2.569474e+02
1.190000e-06	-5.336726e-09	-1.966676e-09	-2.845260e+01	-2.559365e+02
1.200000e-06	-5.316991e-09	-1.960539e-09	-2.834738e+01	-2.549190e+02
1.210000e-06	-5.297091e-09	-1.956519e-09	-2.824125e+01	-2.538947e+02
1.220000e-06	-5.277040e-09	-1.951684e-09	-2.813432e+01	-2.528639e+02
1.230000e-06	-5.256845e-09	-1.945520e-09	-2.802661e+01	-2.518265e+02
1.240000e-06	-5.236511e-09	-1.938525e-09	-2.791820e+01	-2.507826e+02
1.250000e-06	-5.216061e-09	-1.930422e-09	-2.780917e+01	-2.497321e+02
1.260000e-06	-5.195517e-09	-1.922676e-09	-2.769960e+01	-2.486751e+02
1.270000e-06	-5.174899e-09	-1.916033e-09	-2.758965e+01	-2.476117e+02
1.280000e-06	-5.154216e-09	-1.910109e-09	-2.747933e+01	-2.465418e+02
1.290000e-06	-5.133469e-09	-1.902908e-09	-2.736867e+01	-2.454654e+02
1.300000e-06	-5.112670e-09	-1.895392e-09	-2.725775e+01	-2.443827e+02
1.310000e-06	-5.091835e-09	-1.886949e-09	-2.714667e+01	-2.432937e+02
1.320000e-06	-5.070954e-09	-1.878599e-09	-2.703536e+01	-2.421983e+02
1.330000e-06	-5.049998e-09	-1.873234e-09	-2.692362e+01	-2.410966e+02
1.340000e-06	-5.028942e-09	-1.870045e-09	-2.681133e+01	-2.399886e+02
1.350000e-06	-5.007783e-09	-1.865818e-09	-2.669848e+01	-2.388744e+02
1.360000e-06	-4.986525e-09	-1.858310e-09	-2.658509e+01	-2.377539e+02
1.370000e-06	-4.965117e-09	-1.849857e-09	-2.647096e+01	-2.366273e+02
1.380000e-06	-4.943555e-09	-1.843102e-09	-2.635597e+01	-2.354945e+02
1.390000e-06	-4.921868e-09	-1.838878e-09	-2.624030e+01	-2.343556e+02
1.400000e-06	-4.900027e-09	-1.835171e-09	-2.612383e+01	-2.332106e+02
1.410000e-06	-4.878033e-09	-1.829403e-09	-2.600656e+01	-2.320595e+02
1.420000e-06	-4.855908e-09	-1.821402e-09	-2.588856e+01	-2.309024e+02
1.430000e-06	-4.833623e-09	-1.812670e-09	-2.576972e+01	-2.297392e+02
1.440000e-06	-4.811209e-09	-1.805800e-09	-2.565023e+01	-2.285701e+02
1.450000e-06	-4.788688e-09	-1.801579e-09	-2.553016e+01	-2.273950e+02
1.460000e-06	-4.766064e-09	-1.796549e-09	-2.540955e+01	-2.262140e+02
1.470000e-06	-4.743348e-09	-1.788679e-09	-2.528843e+01	-2.250272e+02
1.480000e-06	-4.720529e-09	-1.781120e-09	-2.516678e+01	-2.238344e+02
1.490000e-06	-4.697616e-09	-1.773414e-09	-2.504458e+01	-2.226359e+02
1.500000e-06	-4.674589e-09	-1.763960e-09	-2.492176e+01	-2.214315e+02
1.510000e-06	-4.651459e-09	-1.754141e-09	-2.479841e+01	-2.202214e+02
1.520000e-06	-4.628225e-09	-1.745635e-09	-2.467447e+01	-2.190055e+02
1.530000e-06	-4.604857e-09	-1.739231e-09	-2.454986e+01	-2.177840e+02
1.540000e-06	-4.581340e-09	-1.732301e-09	-2.442453e+01	-2.165567e+02
1.550000e-06	-4.557685e-09	-1.723818e-09	-2.429841e+01	-2.153239e+02
1.560000e-06	-4.533901e-09	-1.714094e-09	-2.417154e+01	-2.140854e+02
1.570000e-06	-4.509988e-09	-1.703756e-09	-2.404404e+01	-2.128414e+02
1.580000e-06	-4.485936e-09	-1.691983e-09	-2.391579e+01	-2.115918e+02
1.590000e-06	-4.461755e-09	-1.679621e-09	-2.378681e+01	-2.103367e+02
1.600000e-06	-4.437474e-09	-1.667718e-09	-2.365733e+01	-2.090761e+02
1.610000e-06	-4.413078e-09	-1.655996e-09	-2.352724e+01	-2.078101e+02
1.620000e-06	-4.388579e-09	-1.646240e-09	-2.339661e+01	-2.065387e+02
1.630000e-06	-4.364015e-09	-1.637313e-09	-2.326564e+01	-2.052619e+02
1.640000e-06	-4.339382e-09	-1.628086e-09	-2.313432e+01	-2.039798e+02
1.650000e-06	-4.314674e-09	-1.617890e-09	-2.300264e+01	-2.026923e+02
1.660000e-06	-4.289897e-09	-1.606234e-09	-2.287057e+01	-2.013996e+02
1.670000e-06	-4.265077e-09	-1.593968e-09	-2.273827e+01	-2.001016e+02
1.680000e-06	-4.240202e-09	-1.582042e-09	-2.260570e+01	-1.987985e+02
1.690000e-06	-4.215239e-09	-1.572346e-09	-2.247263e+01	-1.974901e+02
1.700000e-06	-4.190206e-09	-1.563594e-09	-2.233917e+01	-1.961766e+02
1.710000e-06	-4.165094e-09	-1.554022e-09	-2.220524e+01	-1.948580e+02
1.720000e-06	-4.139887e-09	-1.542304e-09	-2.207083e+01	-1.935343e+02
1.730000e-06	-4.114587e-09	-1.529325e-09	-2.193601e+01	-1.922056e+02
1.740000e-06	-4.089161e-09	-1.518458e-09	-2.180052e+01	-1.908719e+02
1.750000e-06	-4.063609e-09	-1.509750e-09	-2.166433e+01	-1.895332e+02
1.760000e-06	-4.037930e-09	-1.501746e-09	-2.152742e+01	-1.881896e+02
1.770000e-06	-4.012119e-09	-1.492426e-09	-2.138965e+01	-1.868411e+02
1.780000e-06	-3.986125e-09	-1.480355e-09	-2.125099e+01	-1.854877e+02
1.790000e-06	-3.959936e-09	-1.465799e-09	-2.111145e+01	-1.841295e+02
1.800000e-06	-3.933597e-09	-1.450375e-09	-2.097104e+01	-1.827664e+02
1.810000e-06	-3.907089e-09	-1.436982e-09	-2.082966e+01	-1.813987e+02
1.820000e-06	-3.880425e-09	-1.426939e-09	-2.068745e+01	-1.800262e+02
1.830000e-06	-3.853602e-09	-1.420294e-09	-2.054454e+01	-1.786490e+02
1.840000e-06	-3.826580e-09	-1.414910e-09	-2.040057e+01	-1.772672e+02
1.850000e-06	-3.799354e-09	-1.406693e-09	-2.025540e+01	-1.758807e+02
1.860000e-06	-3.771950e-09	-1.394793e-09	-2.010926e+01	-1.744897e+02
1.870000e-06	-3.744370e-09	-1.378666e-09	-1.996228e+01	-1.730941e+02
1.880000e-06	-3.716656e-09	-1.360212e-09	-1.981463e+01	-1.716940e+02
1.890000e-06	-3.688826e-09	-1.343200e-09	-1.966625e+01	-1.702895e+02
1.900000e-06	-3.660851e-09	-1.330193e-09	-1.951701e+01	-1.688805e+02
1.910000e-06	-3.632731e-09	-1.322123e-09	-1.936694e+01	-1.674671e+02
1.920000e-06	-3.604489e-09	-1.316138e-09	-1.921621e+01	-1.660494e+02
1.930000e-06	-3.576175e-09	-1.309825e-09	-1.906513e+01	-1.646273e+02
1.940000e-06	-3.547783e-09	-1.301862e-09	-1.891373e+01	-1.632010e+02
1.950000e-06	-3.519293e-09	-1.290201e-09	-1.876186e+01	-1.617704e+02
1.960000e-06	-3.490731e-09	-1.278198e-09	-1.860961e+01	-1.603356e+02
1.970000e-06	-3.462125e-09	-1.268096e-09	-1.845712e+01	-1.588966e+02
1.980000e-06	-3.433466e-09	-1.257144e-09	-1.830434e+01	-1.574534e+02
1.990000e-06	-3.404762e-09	-1.244291e-09	-1.815131e+01	-1.560062e+02
2.000000e-06	-3.376036e-09	-1.230733e-09	-1.799815e+01	-1.545549e+02
2.010000e-06	-3.347275e-09	-1.220165e-09	-1.784481e+01	-1.530996e+02
2.020000e-06	-3.318475e-09	-1.210496e-09	-1.769128e+01	-1.516403e+02
2.030000e-06	-3.289637e-09	-1.201011e-09	-1.753753e+01	-1.501771e+02
2.040000e-06	-3.260766e-09	-1.190734e-09	-1.738362e+01	-1.487099e+02
2.050000e-06	-3.231863e-09	-1.178447e-09	-1.722955e+01	-1.472389e+02
2.060000e-06	-3.202907e-09	-1.167347e-09	-1.707524e+01	-1.457640e+02
2.070000e-06	-3.173878e-09	-1.156434e-09	-1.692053e+01	-1.442853e+02
2.080000e-06	-3.144777e-09	-1.146041e-09	-1.676537e+01	-1.428029e+02
2.090000e-06	-3.115612e-09	-1.135488e-09	-1.660985e+01	-1.413167e+02
2.100000e-06	-3.086408e-09	-1.123744e-09	-1.645415e+01	-1.398269e+02
2.110000e-06	-3.057130e-09	-1.110749e-09	-1.629807e+01	-1.383334e+02
2.120000e-06	-3.027749e-09	-1.097426e-09	-1.614146e+01	-1.368364e+02
2.130000e-06	-2.998293e-09	-1.087110e-09	-1.598444e+01	-1.353357e+02
2.140000e-06	-2.968777e-09	-1.078159e-09	-1.582702e+01	-1.338316e+02
2.150000e-06	-2.939177e-09	-1.068381e-09	-1.566920e+01	-1.323239e+02
2.160000e-06	-2.909492e-09	-1.057534e-09	-1.551094e+01	-1.308128e+02
2.170000e-06	-2.879757e-09	-1.044878e-09	-1.535235e+01	-1.292983e+02
2.180000e-06	-2.849939e-09	-1.030613e-09	-1.519327e+01	-1.277805e+02
2.190000e-06	-2.820013e-09	-1.015725e-09	-1.503371e+01	-1.262593e+02
2.200000e-06	-2.789983e-09	-1.002096e-09	-1.487362e+01	-1.247348e+02
2.210000e-06	-2.759850e-09	-9.883500e-10	-1.471298e+01	-1.232070e+02
2.220000e-06	-2.729631e-09	-9.752468e-10	-1.455190e+01	-1.216761e+02
2.230000e-06	-2.699354e-09	-9.633528e-10	-1.439045e+01	-1.201420e+02
2.240000e-06	-2.669018e-09	-9.521474e-10	-1.422861e+01	-1.186047e+02
2.250000e-06	-2.638587e-09	-9.408039e-10	-1.406638e+01	-1.170644e+02
2.260000e-06	-2.608096e-09	-9.281817e-10	-1.390388e+01	-1.155210e+02
2.270000e-06	-2.577564e-09	-9.150046e-10	-1.374114e+01	-1.139746e+02
2.280000e-06	-2.546971e-09	-9.007388e-10	-1.357805e+01	-1.124252e+02
2.290000e-06	-2.516332e-09	-8.849999e-10	-1.341467e+01	-1.108729e+02
2.300000e-06	-2.485651e-09	-8.665969e-10	-1.325108e+01	-1.093177e+02
2.310000e-06	-2.454925e-09	-8.477537e-10	-1.308726e+01	-1.077597e+02
2.320000e-06	-2.424152e-09	-8.307616e-10	-1.292323e+01	-1.061989e+02
2.330000e-06	-2.393353e-09	-8.193274e-10	-1.275908e+01	-1.046352e+02
2.340000e-06	-2.362503e-09	-8.133911e-10	-1.259461e+01	-1.030689e+02
2.350000e-06	-2.331586e-09	-8.085295e-10	-1.242979e+01	-1.014999e+02
2.360000e-06	-2.300637e-09	-8.019900e-10	-1.226479e+01	-9.992821e+01
2.370000e-06	-2.269650e-09	-7.875687e-10	-1.209958e+01	-9.835393e+01
2.380000e-06	-2.238621e-09	-7.668275e-10	-1.193415e+01	-9.677709e+01
2.390000e-06	-2.207536e-09	-7.430470e-10	-1.176845e+01	-9.519773e+01
2.400000e-06	-2.176407e-09	-7.215348e-10	-1.160249e+01	-9.361589e+01
2.410000e-06	-2.145236e-09	-7.060343e-10	-1.143624e+01	-9.203160e+01
2.420000e-06	-2.114016e-09	-6.953753e-10	-1.126972e+01	-9.044492e+01
2.430000e-06	-2.082758e-09	-6.902305e-10	-1.110308e+01	-8.885588e+01
2.440000e-06	-2.051460e-09	-6.857476e-10	-1.093633e+01	-8.726452e+01
2.450000e-06	-2.020130e-09	-6.781446e-10	-1.076936e+01	-8.567089e+01
2.460000e-06	-1.988729e-09	-6.642269e-10	-1.060196e+01	-8.407502e+01
2.470000e-06	-1.957241e-09	-6.453534e-10	-1.043411e+01	-8.247696e+01
2.480000e-06	-1.925711e-09	-6.255212e-10	-1.026600e+01	-8.087675e+01
2.490000e-06	-1.894154e-09	-6.075581e-10	-1.009776e+01	-7.927443e+01
2.500000e-06	-1.862550e-09	-5.937736e-10	-9.929273e+00	-7.767005e+01
2.510000e-06	-1.830904e-09	-5.828735e-10	-9.760519e+00	-7.606363e+01
2.520000e-06	-1.799208e-09	-5.728884e-10	-9.591481e+00	-7.445524e+01
2.530000e-06	-1.767448e-09	-5.615648e-10	-9.422134e+00	-7.284490e+01
2.540000e-06	-1.735625e-09	-5.491195e-10	-9.252480e+00	-7.123266e+01
2.550000e-06	-1.703762e-09	-5.363162e-10	-9.082597e+00	-6.961856e+01
2.560000e-06	-1.671873e-09	-5.239182e-10	-8.912559e+00	-6.800265e+01
2.570000e-06	-1.639933e-09	-5.112671e-10	-8.742213e+00	-6.638496e+01
2.580000e-06	-1.607940e-09	-4.973492e-10	-8.571598e+00	-6.476554e+01
2.590000e-06	-1.575897e-09	-4.829373e-10	-8.400749e+00	-6.314443e+01
2.600000e-06	-1.543809e-09	-4.683153e-10	-8.229670e+00	-6.152167e+01
2.610000e-06	-1.511674e-09	-4.539773e-10	-8.058359e+00	-5.989730e+01
2.620000e-06	-1.479518e-09	-4.415672e-10	-7.886896e+00	-5.827137e+01
2.630000e-06	-1.447301e-09	-4.321192e-10	-7.715115e+00	-5.664392e+01
2.640000e-06	-1.415016e-09	-4.240311e-10	-7.542948e+00	-5.501499e+01
2.650000e-06	-1.382700e-09	-4.156636e-10	-7.370568e+00	-5.338463e+01
2.660000e-06	-1.350354e-09	-4.039551e-10	-7.198047e+00	-5.175287e+01
2.670000e-06	-1.317989e-09	-3.880437e-10	-7.025507e+00	-5.011975e+01
2.680000e-06	-1.285585e-09	-3.701213e-10	-6.852727e+00	-4.848533e+01
2.690000e-06	-1.253130e-09	-3.545033e-10	-6.679646e+00	-4.684964e+01
2.700000e-06	-1.220653e-09	-3.443375e-10	-6.506506e+00	-4.521273e+01
2.710000e-06	-1.188167e-09	-3.379165e-10	-6.333293e+00	-4.357464e+01
2.720000e-06	-1.155641e-09	-3.317863e-10	-6.159833e+00	-4.193540e+01
2.730000e-06	-1.123099e-09	-3.225653e-10	-5.986303e+00	-4.029507e+01
2.740000e-06	-1.090548e-09	-3.109048e-10	-5.812758e+00	-3.865369e+01
2.750000e-06	-1.057969e-09	-2.981669e-10	-5.639072e+00	-3.701129e+01
2.760000e-06	-1.025358e-09	-2.849960e-10	-5.465233e+00	-3.536793e+01
2.770000e-06	-9.927334e-10	-2.706645e-10	-5.291322e+00	-3.372364e+01
2.780000e-06	-9.601038e-10	-2.563168e-10	-5.117379e+00	-3.207847e+01
2.790000e-06	-9.274540e-10	-2.434516e-10	-4.943328e+00	-3.043245e+01
2.800000e-06	-8.947855e-10	-2.316821e-10	-4.769198e+00	-2.878564e+01
2.810000e-06	-8.621079e-10	-2.220117e-10	-4.595014e+00	-2.713808e+01
2.820000e-06	-8.294266e-10	-2.129199e-10	-4.420800e+00	-2.548980e+01
2.830000e-06	-7.967279e-10	-2.009834e-10	-4.246495e+00	-2.384085e+01
2.840000e-06	-7.640066e-10	-1.849432e-10	-4.072073e+00	-2.219128e+01
2.850000e-06	-7.312615e-10	-1.688544e-10	-3.897508e+00	-2.054113e+01
2.860000e-06	-6.985168e-10	-1.537500e-10	-3.722944e+00	-1.889043e+01
2.870000e-06	-6.657726e-10	-1.377946e-10	-3.548384e+00	-1.723924e+01
2.880000e-06	-6.330097e-10	-1.231367e-10	-3.373729e+00	-1.558759e+01
2.890000e-06	-6.002431e-10	-1.094903e-10	-3.199072e+00	-1.393553e+01
2.900000e-06	-5.674607e-10	-9.737706e-11	-3.024292e+00	-1.228311e+01
2.910000e-06	-5.346636e-10	-8.739215e-11	-2.849422e+00	-1.063035e+01
2.920000e-06	-5.018826e-10	-7.743264e-11	-2.674639e+00	-8.977317e+00
2.930000e-06	-4.691203e-10	-6.481361e-11	-2.499939e+00	-7.324043e+00
2.940000e-06	-4.363414e-10	-4.900131e-11	-2.325181e+00	-5.670571e+00
2.950000e-06	-4.035518e-10	-3.388491e-11	-2.150359e+00	-4.016946e+00
2.960000e-06	-3.707725e-10	-2.135076e-11	-1.975567e+00	-2.363211e+00
2.970000e-06	-3.379837e-10	-8.108845e-12	-1.800746e+00	-7.094077e-01
2.980000e-06	-3.051894e-10	6.361968e-12	-1.625917e+00	9.444200e-01
2.990000e-06	-2.723940e-10	2.089845e-11	-1.451073e+00	2.598229e+00
3.000000e-06	-2.395995e-10	3.555182e-11	-1.276178e+00	4.251977e+00
3.010000e-06	-2.068117e-10	5.057149e-11	-1.101334e+00	5.905620e+00
3.020000e-06	-1.740112e-10	6.629971e-11	-9.264580e-01	7.559116e+00
3.030000e-06	-1.411986e-10	7.964828e-11	-7.515072e-01	9.212422e+00
3.040000e-06	-1.083829e-10	9.167455e-11	-5.765437e-01	1.086549e+01
3.050000e-06	-7.556406e-11	1.022131e-10	-4.015641e-01	1.251829e+01
3.060000e-06	-4.274819e-11	1.138598e-10	-2.265886e-01	1.417077e+01
3.070000e-06	-9.932410e-12	1.310907e-10	-5.162687e-02	1.582288e+01
3.080000e-06	2.287662e-11	1.518808e-10	1.232782e-01	1.747459e+01
3.090000e-06	5.568455e-11	1.735781e-10	2.981761e-01	1.912585e+01
3.100000e-06	8.849849e-11	1.893560e-10	4.731144e-01	2.077662e+01
3.110000e-06	1.213146e-10	1.991371e-10	6.480473e-01	2.242685e+01
3.120000e-06	1.541258e-10	2.081353e-10	8.229716e-01	2.407651e+01
3.130000e-06	1.869323e-10	2.183745e-10	9.978903e-01	2.572555e+01
3.140000e-06	2.197288e-10	2.309586e-10	1.172736e+00	2.737392e+01
3.150000e-06	2.525193e-10	2.457941e-10	1.347531e+00	2.902159e+01
3.160000e-06	2.853170e-10	2.628204e-10	1.522348e+00	3.066851e+01
3.170000e-06	3.181189e-10	2.795647e-10	1.697214e+00	3.231464e+01
3.180000e-06	3.509240e-10	2.945770e-10	1.872089e+00	3.395994e+01
3.190000e-06	3.837257e-10	3.079265e-10	2.046895e+00	3.560436e+01
3.200000e-06	4.165150e-10	3.205677e-10	2.221646e+00	3.724785e+01
3.210000e-06	4.493001e-10	3.326443e-10	2.396403e+00	3.889039e+01
3.220000e-06	4.820811e-10	3.444585e-10	2.571126e+00	4.053192e+01
3.230000e-06	5.148460e-10	3.565770e-10	2.745737e+00	4.217240e+01
3.240000e-06	5.476010e-10	3.686916e-10	2.920325e+00	4.381180e+01
3.250000e-06	5.803534e-10	3.804221e-10	3.094956e+00	4.545006e+01
3.260000e-06	6.131017e-10	3.896374e-10	3.269571e+00	4.708714e+01
3.270000e-06	6.458350e-10	3.986220e-10	3.444119e+00	4.872301e+01
3.280000e-06	6.785509e-10	4.094117e-10	3.618566e+00	5.035761e+01
3.290000e-06	7.112498e-10	4.232300e-10	3.792903e+00	5.199091e+01
3.300000e-06	7.439355e-10	4.394644e-10	3.967168e+00	5.362287e+01
3.310000e-06	7.766217e-10	4.544457e-10	4.141399e+00	5.525343e+01
3.320000e-06	8.093082e-10	4.668148e-10	4.315626e+00	5.688257e+01
3.330000e-06	8.419840e-10	4.743169e-10	4.489820e+00	5.851023e+01
3.340000e-06	8.746449e-10	4.805788e-10	4.663952e+00	6.013638e+01
3.350000e-06	9.072964e-10	4.897017e-10	4.838033e+00	6.176097e+01
3.360000e-06	9.399433e-10	5.012899e-10	5.012066e+00	6.338396e+01
3.370000e-06	9.725740e-10	5.145717e-10	5.186024e+00	6.500531e+01
3.380000e-06	1.005187e-09	5.289254e-10	5.359895e+00	6.662498e+01
3.390000e-06	1.037772e-09	5.437905e-10	5.533653e+00	6.824291e+01
3.400000e-06	1.070344e-09	5.562825e-10	5.707358e+00	6.985908e+01
3.410000e-06	1.102909e-09	5.674167e-10	5.881032e+00	7.147344e+01
3.420000e-06	1.135460e-09	5.789215e-10	6.054599e+00	7.308595e+01
3.430000e-06	1.167980e-09	5.909753e-10	6.227963e+00	7.469656e+01
3.440000e-06	1.200463e-09	6.022322e-10	6.401190e+00	7.630524e+01
3.450000e-06	1.232919e-09	6.119700e-10	6.574287e+00	7.791194e+01
3.460000e-06	1.265358e-09	6.235892e-10	6.747197e+00	7.951661e+01
3.470000e-06	1.297771e-09	6.359400e-10	6.919971e+00	8.111923e+01
3.480000e-06	1.330140e-09	6.476911e-10	7.092535e+00	8.271974e+01
3.490000e-06	1.362451e-09	6.590524e-10	7.264762e+00	8.431811e+01
3.500000e-06	1.394716e-09	6.695645e-10	7.436742e+00	8.591429e+01
3.510000e-06	1.426972e-09	6.805630e-10	7.608689e+00	8.750825e+01
3.520000e-06	1.459187e-09	6.911909e-10	7.780442e+00	8.909993e+01
3.530000e-06	1.491350e-09	7.020120e-10	7.951866e+00	9.068931e+01
3.540000e-06	1.523483e-09	7.144021e-10	8.123181e+00	9.227633e+01
3.550000e-06	1.555574e-09	7.296299e-10	8.294340e+00	9.386096e+01
3.560000e-06	1.587606e-09	7.464797e-10	8.465144e+00	9.544315e+01
3.570000e-06	1.619593e-09	7.601909e-10	8.635738e+00	9.702287e+01
3.580000e-06	1.651540e-09	7.699920e-10	8.806134e+00	9.860007e+01
3.590000e-06	1.683431e-09	7.777370e-10	8.976182e+00	1.001747e+02
3.600000e-06	1.715269e-09	7.870374e-10	9.145825e+00	1.017468e+02
3.610000e-06	1.747021e-09	8.010839e-10	9.315018e+00	1.033162e+02
3.620000e-06	1.778707e-09	8.194641e-10	9.483937e+00	1.048829e+02
3.630000e-06	1.810386e-09	8.391343e-10	9.652799e+00	1.064469e+02
3.640000e-06	1.841994e-09	8.566032e-10	9.821281e+00	1.080081e+02
3.650000e-06	1.873526e-09	8.696405e-10	9.989447e+00	1.095666e+02
3.660000e-06	1.905031e-09	8.790446e-10	1.015743e+01	1.111222e+02
3.670000e-06	1.936477e-09	8.862351e-10	1.032500e+01	1.126749e+02
3.680000e-06	1.967856e-09	8.951176e-10	1.049225e+01	1.142247e+02
3.690000e-06	1.999200e-09	9.086026e-10	1.065930e+01	1.157715e+02
3.700000e-06	2.030504e-09	9.252536e-10	1.082612e+01	1.173153e+02
3.710000e-06	2.061752e-09	9.438849e-10	1.099271e+01	1.188561e+02
3.720000e-06	2.092924e-09	9.583089e-10	1.115896e+01	1.203938e+02
3.730000e-06	2.124036e-09	9.670272e-10	1.132488e+01	1.219283e+02
3.740000e-06	2.155123e-09	9.737621e-10	1.149061e+01	1.234598e+02
3.750000e-06	2.186163e-09	9.819564e-10	1.165610e+01	1.249880e+02
3.760000e-06	2.217162e-09	9.943983e-10	1.182134e+01	1.265129e+02
3.770000e-06	2.248120e-09	1.008813e-09	1.198641e+01	1.280346e+02
3.780000e-06	2.279030e-09	1.024728e-09	1.215125e+01	1.295529e+02
3.790000e-06	2.309874e-09	1.039780e-09	1.231574e+01	1.310679e+02
3.800000e-06	2.340676e-09	1.053432e-09	1.248002e+01	1.325795e+02
3.810000e-06	2.371469e-09	1.064200e-09	1.264418e+01	1.340876e+02
3.820000e-06	2.402215e-09	1.071961e-09	1.280806e+01	1.355923e+02
3.830000e-06	2.432915e-09	1.081776e-09	1.297172e+01	1.370934e+02
3.840000e-06	2.463575e-09	1.094669e-09	1.313519e+01	1.385910e+02
3.850000e-06	2.494183e-09	1.109126e-09	1.329839e+01	1.400850e+02
3.860000e-06	2.524741e-09	1.120216e-09	1.346131e+01	1.415753e+02
3.870000e-06	2.555256e-09	1.128192e-09	1.362397e+01	1.430620e+02
3.880000e-06	2.585710e-09	1.135249e-09	1.378637e+01	1.445450e+02
3.890000e-06	2.616118e-09	1.145928e-09	1.394857e+01	1.460242e+02
3.900000e-06	2.646490e-09	1.160685e-09	1.411047e+01	1.474996e+02
3.910000e-06	2.676787e-09	1.172840e-09	1.427195e+01	1.489712e+02
3.920000e-06	2.707007e-09	1.182104e-09	1.443304e+01	1.504389e+02
3.930000e-06	2.737167e-09	1.191878e-09	1.459378e+01	1.519027e+02
3.940000e-06	2.767224e-09	1.203035e-09	1.475405e+01	1.533626e+02
3.950000e-06	2.797182e-09	1.213571e-09	1.491381e+01	1.548185e+02
3.960000e-06	2.827078e-09	1.222921e-09	1.507313e+01	1.562703e+02
3.970000e-06	2.856869e-09	1.231127e-09	1.523188e+01	1.577181e+02
3.980000e-06	2.886581e-09	1.240973e-09	1.539022e+01	1.591619e+02
3.990000e-06	2.916228e-09	1.253961e-09	1.554827e+01	1.606014e+02
4.000000e-06	2.945774e-09	1.266963e-09	1.570583e+01	1.620369e+02
4.010000e-06	2.975226e-09	1.277614e-09	1.586285e+01	1.634681e+02
4.020000e-06	3.004619e-09	1.285456e-09	1.601951e+01	1.648950e+02
4.030000e-06	3.033945e-09	1.294881e-09	1.617584e+01	1.663177e+02
4.040000e-06	3.063188e-09	1.307846e-09	1.633180e+01	1.677361e+02
4.050000e-06	3.092352e-09	1.319736e-09	1.648733e+01	1.691501e+02
4.060000e-06	3.121433e-09	1.326790e-09	1.664242e+01	1.705597e+02
4.070000e-06	3.150469e-09	1.329276e-09	1.679724e+01	1.719648e+02
4.080000e-06	3.179480e-09	1.333126e-09	1.695188e+01	1.733656e+02
4.090000e-06	3.208448e-09	1.343093e-09	1.710629e+01	1.747618e+02
4.100000e-06	3.237368e-09	1.359045e-09	1.726044e+01	1.761535e+02
4.110000e-06	3.266233e-09	1.375908e-09	1.741434e+01	1.775406e+02
4.120000e-06	3.295065e-09	1.387621e-09	1.756807e+01	1.789231e+02
4.130000e-06	3.323873e-09	1.394123e-09	1.772166e+01	1.803009e+02
4.140000e-06	3.352650e-09	1.401015e-09	1.787510e+01	1.816741e+02
4.150000e-06	3.381392e-09	1.412454e-09	1.802834e+01	1.830425e+02
4.160000e-06	3.410105e-09	1.425224e-09	1.818140e+01	1.844062e+02
4.170000e-06	3.438772e-09	1.436273e-09	1.833420e+01	1.857651e+02
4.180000e-06	3.467379e-09	1.447012e-09	1.848672e+01	1.871192e+02
4.190000e-06	3.495927e-09	1.458661e-09	1.863893e+01	1.884684e+02
4.200000e-06	3.524407e-09	1.469896e-09	1.879078e+01	1.898127e+02
4.210000e-06	3.552822e-09	1.480528e-09	1.894223e+01	1.911521e+02
4.220000e-06	3.581156e-09	1.490986e-09	1.909320e+01	1.924865e+02
4.230000e-06	3.609367e-09	1.503334e-09	1.924354e+01	1.938160e+02
4.240000e-06	3.637441e-09	1.519462e-09	1.939318e+01	1.951404e+02
4.250000e-06	3.665423e-09	1.535453e-09	1.954236e+01	1.964597e+02
4.260000e-06	3.693308e-09	1.547138e-09	1.969093e+01	1.977739e+02
4.270000e-06	3.721021e-09	1.552951e-09	1.983861e+01	1.990830e+02
4.280000e-06	3.748540e-09	1.556220e-09	1.998535e+01	2.003869e+02
4.290000e-06	3.775892e-09	1.564536e-09	2.013124e+01	2.016856e+02
4.300000e-06	3.803050e-09	1.580722e-09	2.027610e+01	2.029791e+02
4.310000e-06	3.830024e-09	1.598963e-09	2.042000e+01	2.042673e+02
4.320000e-06	3.856848e-09	1.612793e-09	2.056316e+01	2.055502e+02
4.330000e-06	3.883470e-09	1.622474e-09	2.070520e+01	2.068278e+02
4.340000e-06	3.909888e-09	1.631350e-09	2.084612e+01	2.081000e+02
4.350000e-06	3.936110e-09	1.641080e-09	2.098602e+01	2.093667e+02
4.360000e-06	3.962182e-09	1.650176e-09	2.112508e+01	2.106281e+02
4.370000e-06	3.988124e-09	1.658120e-09	2.126341e+01	2.118839e+02
4.380000e-06	4.013896e-09	1.666446e-09	2.140085e+01	2.131343e+02
4.390000e-06	4.039522e-09	1.677178e-09	2.153754e+01	2.143792e+02
4.400000e-06	4.065023e-09	1.690157e-09	2.167352e+01	2.156184e+02
4.410000e-06	4.090416e-09	1.701892e-09	2.180890e+01	2.168521e+02
4.420000e-06	4.115702e-09	1.710504e-09	2.194375e+01	2.180801e+02
4.430000e-06	4.140869e-09	1.718898e-09	2.207798e+01	2.193025e+02
4.440000e-06	4.165942e-09	1.730850e-09	2.221164e+01	2.205191e+02
4.450000e-06	4.190951e-09	1.745102e-09	2.234498e+01	2.217301e+02
4.460000e-06	4.215903e-09	1.757352e-09	2.247801e+01	2.229353e+02
4.470000e-06	4.240784e-09	1.764967e-09	2.261068e+01	2.241347e+02
4.480000e-06	4.265586e-09	1.769897e-09	2.274293e+01	2.253282e+02
4.490000e-06	4.290308e-09	1.776044e-09	2.287476e+01	2.265159e+02
4.500000e-06	4.314963e-09	1.785737e-09	2.300625e+01	2.276978e+02
4.510000e-06	4.339535e-09	1.797960e-09	2.313728e+01	2.288737e+02
4.520000e-06	4.364016e-09	1.809622e-09	2.326782e+01	2.300437e+02
4.530000e-06	4.388432e-09	1.818994e-09	2.339803e+01	2.312077e+02
4.540000e-06	4.412740e-09	1.827031e-09	2.352768e+01	2.323656e+02
4.550000e-06	4.436927e-09	1.834170e-09	2.365671e+01	2.335176e+02
4.560000e-06	4.461017e-09	1.840063e-09	2.378524e+01	2.346635e+02
4.570000e-06	4.484976e-09	1.844356e-09	2.391308e+01	2.358033e+02
4.580000e-06	4.508778e-09	1.849568e-09	2.404004e+01	2.369369e+02
4.590000e-06	4.532445e-09	1.858604e-09	2.416616e+01	2.380644e+02
4.600000e-06	4.555991e-09	1.869609e-09	2.429166e+01	2.391858e+02
4.610000e-06	4.579402e-09	1.878473e-09	2.441650e+01	2.403009e+02
4.620000e-06	4.602689e-09	1.883420e-09	2.454061e+01	2.414098e+02
4.630000e-06	4.625857e-09	1.888780e-09	2.466414e+01	2.425124e+02
4.640000e-06	4.648916e-09	1.897540e-09	2.478712e+01	2.436086e+02
4.650000e-06	4.671891e-09	1.908601e-09	2.490964e+01	2.446986e+02
4.660000e-06	4.694793e-09	1.917915e-09	2.503176e+01	2.457822e+02
4.670000e-06	4.717593e-09	1.923014e-09	2.515329e+01	2.468595e+02
4.680000e-06	4.740301e-09	1.927360e-09	2.527434e+01	2.479303e+02
4.690000e-06	4.762910e-09	1.933089e-09	2.539488e+01	2.489946e+02
4.700000e-06	4.785413e-09	1.938787e-09	2.551481e+01	2.500526e+02
4.710000e-06	4.807793e-09	1.944379e-09	2.563409e+01	2.511040e+02
4.720000e-06	4.830010e-09	1.951612e-09	2.575258e+01	2.521488e+02
4.730000e-06	4.852099e-09	1.961149e-09	2.587045e+01	2.531872e+02
4.740000e-06	4.874081e-09	1.971491e-09	2.598770e+01	2.542189e+02
4.750000e-06	4.895913e-09	1.979972e-09	2.610412e+01	2.552441e+02
4.760000e-06	4.917579e-09	1.986142e-09	2.621966e+01	2.562626e+02
4.770000e-06	4.939126e-09	1.991882e-09	2.633456e+01	2.572745e+02
4.780000e-06	4.960562e-09	1.998008e-09	2.644889e+01	2.582797e+02
4.790000e-06	4.981854e-09	2.004595e-09	2.656245e+01	2.592781e+02
4.800000e-06	5.003006e-09	2.010699e-09	2.667524e+01	2.602699e+02
4.810000e-06	5.024064e-09	2.017293e-09	2.678750e+01	2.612548e+02
4.820000e-06	5.045056e-09	2.026459e-09	2.689944e+01	2.622330e+02
4.830000e-06	5.065988e-09	2.038199e-09	2.701106e+01	2.632044e+02
4.840000e-06	5.086868e-09	2.051089e-09	2.712241e+01	2.641689e+02
4.850000e-06	5.107702e-09	2.061389e-09	2.723350e+01	2.651266e+02
4.860000e-06	5.128467e-09	2.066523e-09	2.734422e+01	2.660774e+02
4.870000e-06	5.149154e-09	2.068274e-09	2.745451e+01	2.670212e+02
4.880000e-06	5.169774e-09	2.070408e-09	2.756443e+01	2.679582e+02
4.890000e-06	5.190329e-09	2.075036e-09	2.767400e+01	2.688881e+02
4.900000e-06	5.210783e-09	2.082820e-09	2.778303e+01	2.698111e+02
4.910000e-06	5.231108e-09	2.092642e-09	2.789141e+01	2.707271e+02
4.920000e-06	5.251315e-09	2.104807e-09	2.799912e+01	2.716360e+02
4.930000e-06	5.271413e-09	2.118983e-09	2.810620e+01	2.725379e+02
4.940000e-06	5.291358e-09	2.131072e-09	2.821261e+01	2.734327e+02
4.950000e-06	5.311128e-09	2.136813e-09	2.831807e+01	2.743204e+02
4.960000e-06	5.330722e-09	2.138297e-09	2.842249e+01	2.752010e+02
4.970000e-06	5.350120e-09	2.140415e-09	2.852592e+01	2.760744e+02
4.980000e-06	5.369340e-09	2.146140e-09	2.862842e+01	2.769407e+02
4.990000e-06	5.388402e-09	2.154647e-09	2.873008e+01	2.777997e+02
5.000000e-06	5.407315e-09	2.161886e-09	2.883096e+01	2.786516e+02
5.010000e-06	5.426093e-09	2.168413e-09	2.893117e+01	2.794962e+02
5.020000e-06	5.444772e-09	2.175972e-09	2.903080e+01	2.803335e+02
5.030000e-06	5.463348e-09	2.184495e-09	2.912975e+01	2.811635e+02
5.040000e-06	5.481812e-09	2.193131e-09	2.922814e+01	2.819863e+02
5.050000e-06	5.500183e-09	2.200312e-09	2.932606e+01	2.828017e+02
5.060000e-06	5.518456e-09	2.205545e-09	2.942343e+01	2.836098e+02
5.070000e-06	5.536632e-09	2.210353e-09	2.952028e+01	2.844105e+02
5.080000e-06	5.554684e-09	2.215190e-09	2.961652e+01	2.852038e+02
5.090000e-06	5.572655e-09	2.217785e-09	2.971234e+01	2.859897e+02
5.100000e-06	5.590572e-09	2.217928e-09	2.980784e+01	2.867682e+02
5.110000e-06	5.608348e-09	2.219040e-09	2.990257e+01	2.875392e+02
5.120000e-06	5.626000e-09	2.225628e-09	2.999659e+01	2.883027e+02
5.130000e-06	5.643531e-09	2.236677e-09	3.008987e+01	2.890588e+02
5.140000e-06	5.660894e-09	2.246867e-09	3.018228e+01	2.898073e+02
5.150000e-06	5.678064e-09	2.253005e-09	3.027370e+01	2.905484e+02
5.160000e-06	5.695008e-09	2.254984e-09	3.036397e+01	2.912818e+02
5.170000e-06	5.711737e-09	2.255454e-09	3.045315e+01	2.920077e+02
5.180000e-06	5.728235e-09	2.256123e-09	3.054108e+01	2.927261e+02
5.190000e-06	5.744474e-09	2.258462e-09	3.062766e+01	2.934368e+02
5.200000e-06	5.760502e-09	2.263263e-09	3.071314e+01	2.941398e+02
5.210000e-06	5.776350e-09	2.270912e-09	3.079765e+01	2.948353e+02
5.220000e-06	5.791989e-09	2.280492e-09	3.088107e+01	2.955231e+02
5.230000e-06	5.807407e-09	2.289594e-09	3.096330e+01	2.962032e+02
5.240000e-06	5.822651e-09	2.295997e-09	3.104454e+01	2.968756e+02
5.250000e-06	5.837745e-09	2.297911e-09	3.112496e+01	2.975403e+02
5.260000e-06	5.852704e-09	2.297477e-09	3.120467e+01	2.981972e+02
5.270000e-06	5.867515e-09	2.297349e-09	3.128359e+01	2.988464e+02
5.280000e-06	5.882160e-09	2.299705e-09	3.136160e+01	2.994879e+02
5.290000e-06	5.896665e-09	2.304716e-09	3.143891e+01	3.001216e+02
5.300000e-06	5.911059e-09	2.310118e-09	3.151564e+01	3.007474e+02
5.310000e-06	5.925284e-09	2.314239e-09	3.159150e+01	3.013655e+02
5.320000e-06	5.939291e-09	2.316523e-09	3.166629e+01	3.019757e+02
5.330000e-06	5.953121e-09	2.320207e-09	3.174013e+01	3.025781e+02
5.340000e-06	5.966783e-09	2.322905e-09	3.181307e+01	3.031726e+02
5.350000e-06	5.980290e-09	2.324892e-09	3.188513e+01	3.037592e+02
5.360000e-06	5.993623e-09	2.329010e-09	3.195622e+01	3.043380e+02
5.370000e-06	6.006802e-09	2.334740e-09	3.202649e+01	3.049088e+02
5.380000e-06	6.019871e-09	2.340887e-09	3.209617e+01	3.054717e+02
5.390000e-06	6.032803e-09	2.343211e-09	3.216513e+01	3.060267e+02
5.400000e-06	6.045592e-09	2.343569e-09	3.223332e+01	3.065737e+02
5.410000e-06	6.058258e-09	2.343624e-09	3.230090e+01	3.071128e+02
5.420000e-06	6.070806e-09	2.347426e-09	3.236784e+01	3.076439e+02
5.430000e-06	6.083218e-09	2.356214e-09	3.243399e+01	3.081670e+02
5.440000e-06	6.095454e-09	2.365928e-09	3.249919e+01	3.086820e+02
5.450000e-06	6.107496e-09	2.373958e-09	3.256333e+01	3.091891e+02
5.460000e-06	6.119331e-09	2.377375e-09	3.262640e+01	3.096881e+02
5.470000e-06	6.130931e-09	2.378717e-09	3.268824e+01	3.101791e+02
5.480000e-06	6.142284e-09	2.379120e-09	3.274876e+01	3.106620e+02
5.490000e-06	6.153369e-09	2.380828e-09	3.280786e+01	3.111369e+02
5.500000e-06	6.164193e-09	2.383769e-09	3.286555e+01	3.116036e+02
5.510000e-06	6.174730e-09	2.387107e-09	3.292172e+01	3.120623e+02
5.520000e-06	6.184958e-09	2.393983e-09	3.297626e+01	3.125128e+02
5.530000e-06	6.194920e-09	2.402464e-09	3.302940e+01	3.129553e+02
5.540000e-06	6.204657e-09	2.410999e-09	3.308134e+01	3.133896e+02
5.550000e-06	6.214211e-09	2.416388e-09	3.313233e+01	3.138157e+02
5.560000e-06	6.223604e-09	2.418511e-09	3.318248e+01	3.142338e+02
5.570000e-06	6.232847e-09	2.420381e-09	3.323178e+01	3.146436e+02
5.580000e-06	6.241938e-09	2.422154e-09	3.328026e+01	3.150453e+02
5.590000e-06	6.250922e-09	2.425306e-09	3.332814e+01	3.154387e+02
5.600000e-06	6.259818e-09	2.429401e-09	3.337550e+01	3.158240e+02
5.610000e-06	6.268639e-09	2.433861e-09	3.342242e+01	3.162011e+02
5.620000e-06	6.277367e-09	2.439336e-09	3.346889e+01	3.165700e+02
5.630000e-06	6.285971e-09	2.445229e-09	3.351470e+01	3.169306e+02
5.640000e-06	6.294470e-09	2.450056e-09	3.355994e+01	3.172830e+02
5.650000e-06	6.302853e-09	2.452557e-09	3.360453e+01	3.176271e+02
5.660000e-06	6.311081e-09	2.453407e-09	3.364838e+01	3.179630e+02
5.670000e-06	6.319137e-09	2.453593e-09	3.369136e+01	3.182907e+02
5.680000e-06	6.327013e-09	2.454456e-09	3.373335e+01	3.186101e+02
5.690000e-06	6.334736e-09	2.456148e-09	3.377451e+01	3.189211e+02
5.700000e-06	6.342299e-09	2.457577e-09	3.381490e+01	3.192239e+02
5.710000e-06	6.349696e-09	2.459117e-09	3.385438e+01	3.195185e+02
5.720000e-06	6.356940e-09	2.461637e-09	3.389294e+01	3.198047e+02
5.730000e-06	6.364018e-09	2.466697e-09	3.393070e+01	3.200826e+02
5.740000e-06	6.370937e-09	2.473154e-09	3.396764e+01	3.203521e+02
5.750000e-06	6.377720e-09	2.477393e-09	3.400383e+01	3.206134e+02
5.760000e-06	6.384360e-09	2.477037e-09	3.403916e+01	3.208663e+02
5.770000e-06	6.390843e-09	2.473747e-09	3.407364e+01	3.211109e+02
5.780000e-06	6.397156e-09	2.470967e-09	3.410729e+01	3.213471e+02
5.790000e-06	6.403269e-09	2.472166e-09	3.413991e+01	3.215750e+02
5.800000e-06	6.409206e-09	2.476483e-09	3.417162e+01	3.217946e+02
5.810000e-06	6.414987e-09	2.480086e-09	3.420246e+01	3.220057e+02
5.820000e-06	6.420591e-09	2.481217e-09	3.423228e+01	3.222085e+02
5.830000e-06	6.426035e-09	2.481432e-09	3.426124e+01	3.224030e+02
5.840000e-06	6.431317e-09	2.483202e-09	3.428940e+01	3.225890e+02
5.850000e-06	6.436452e-09	2.485992e-09	3.431677e+01	3.227667e+02
5.860000e-06	6.441479e-09	2.489686e-09	3.434359e+01	3.229360e+02
5.870000e-06	6.446409e-09	2.491127e-09	3.436991e+01	3.230969e+02
5.880000e-06	6.451256e-09	2.489389e-09	3.439578e+01	3.232494e+02
5.890000e-06	6.456039e-09	2.487539e-09	3.442132e+01	3.233935e+02
5.900000e-06	6.460747e-09	2.487545e-09	3.444642e+01	3.235292e+02
5.910000e-06	6.465353e-09	2.488948e-09	3.447092e+01	3.236565e+02
5.920000e-06	6.469834e-09	2.490725e-09	3.449477e+01	3.237753e+02
5.930000e-06	6.474182e-09	2.492247e-09	3.451798e+01	3.238858e+02
5.940000e-06	6.478373e-09	2.492657e-09	3.454036e+01	3.239879e+02
5.950000e-06	6.482354e-09	2.493890e-09	3.456160e+01	3.240815e+02
5.960000e-06	6.486103e-09	2.494641e-09	3.458169e+01	3.241667e+02
5.970000e-06	6.489599e-09	2.493312e-09	3.460051e+01	3.242435e+02
5.980000e-06	6.492856e-09	2.490459e-09	3.461795e+01	3.243118e+02
5.990000e-06	6.495861e-09	2.488285e-09	3.463399e+01	3.243718e+02
6.000000e-06	6.498580e-09	2.489264e-09	3.464853e+01	3.244233e+02
6.010000e-06	6.501029e-09	2.491825e-09	3.466163e+01	3.244664e+02
6.020000e-06	6.503212e-09	2.492488e-09	3.467326e+01	3.245010e+02
6.030000e-06	6.505122e-09	2.489335e-09	3.468340e+01	3.245272e+02
6.040000e-06	6.506789e-09	2.487520e-09	3.469223e+01	3.245450e+02
6.050000e-06	6.508271e-09	2.489553e-09	3.470014e+01	3.245543e+02
6.060000e-06	6.509609e-09	2.491826e-09	3.470728e+01	3.245552e+02
6.070000e-06	6.510799e-09	2.490013e-09	3.471361e+01	3.245477e+02
6.080000e-06	6.511863e-09	2.483862e-09	3.471927e+01	3.245318e+02
6.090000e-06	6.512814e-09	2.477963e-09	3.472433e+01	3.245074e+02
6.100000e-06	6.513668e-09	2.477494e-09	3.472882e+01	3.244746e+02
6.110000e-06	6.514432e-09	2.483546e-09	3.473285e+01	3.244333e+02
6.120000e-06	6.515085e-09	2.487875e-09	3.473633e+01	3.243836e+02
6.130000e-06	6.515627e-09	2.487203e-09	3.473917e+01	3.243255e+02
6.140000e-06	6.516059e-09	2.486086e-09	3.474144e+01	3.242590e+02
6.150000e-06	6.516340e-09	2.488118e-09	3.474294e+01	3.241840e+02
6.160000e-06	6.516462e-09	2.490090e-09	3.474361e+01	3.241006e+02
6.170000e-06	6.516417e-09	2.491016e-09	3.474340e+01	3.240088e+02
6.180000e-06	6.516199e-09	2.518053e-09	3.474225e+01	3.239086e+02
6.190000e-06	6.515846e-09	2.569374e-09	3.474039e+01	3.237999e+02
6.200000e-06	6.515319e-09	2.534729e-09	3.473761e+01	3.236829e+02
6.210000e-06	6.514602e-09	2.473002e-09	3.473379e+01	3.235574e+02
6.220000e-06	6.513729e-09	2.435717e-09	3.472909e+01	3.234235e+02
6.230000e-06	6.512650e-09	2.406588e-09	3.472329e+01	3.232812e+02
6.240000e-06	6.511377e-09	2.398801e-09	3.471650e+01	3.231305e+02
6.250000e-06	6.509920e-09	2.463975e-09	3.470873e+01	3.229715e+02
6.260000e-06	6.508282e-09	2.582333e-09	3.470004e+01	3.228040e+02
6.270000e-06	6.506503e-09	2.624992e-09	3.469062e+01	3.226281e+02
6.280000e-06	6.504601e-09	2.659451e-09	3.468047e+01	3.224439e+02
6.290000e-06	6.502610e-09	2.569139e-09	3.466977e+01	3.222513e+02
6.300000e-06	6.500481e-09	2.451724e-09	3.465840e+01	3.220503e+02
6.310000e-06	6.498185e-09	2.419905e-09	3.464618e+01	3.218409e+02
6.320000e-06	6.495729e-09	2.427057e-09	3.463307e+01	3.216232e+02
6.330000e-06	6.493126e-09	2.487957e-09	3.461931e+01	3.213971e+02
6.340000e-06	6.490417e-09	2.520910e-09	3.460491e+01	3.211626e+02
6.350000e-06	6.487601e-09	2.570259e-09	3.458984e+01	3.209199e+02
6.360000e-06	6.484678e-09	2.571146e-09	3.457420e+01	3.206687e+02
6.370000e-06	6.481646e-09	2.517139e-09	3.455797e+01	3.204093e+02
6.380000e-06	6.478484e-09	2.436380e-09	3.454109e+01	3.201415e+02
6.390000e-06	6.475181e-09	2.414505e-09	3.452347e+01	3.198654e+02
6.400000e-06	6.471772e-09	2.481847e-09	3.450535e+01	3.195810e+02
6.410000e-06	6.468276e-09	2.523054e-09	3.448671e+01	3.192883e+02
6.420000e-06	6.464643e-09	2.539872e-09	3.446730e+01	3.189873e+02
6.430000e-06	6.460846e-09	2.512812e-09	3.444700e+01	3.186780e+02
6.440000e-06	6.456848e-09	2.481173e-09	3.442562e+01	3.183604e+02
6.450000e-06	6.452609e-09	2.445360e-09	3.440300e+01	3.180345e+02
6.460000e-06	6.448106e-09	2.429043e-09	3.437901e+01	3.177004e+02
6.470000e-06	6.443354e-09	2.455595e-09	3.435372e+01	3.173580e+02
6.480000e-06	6.438323e-09	2.485579e-09	3.432694e+01	3.170074e+02
6.490000e-06	6.433033e-09	2.503077e-09	3.429891e+01	3.166485e+02
6.500000e-06	6.427462e-09	2.484951e-09	3.426931e+01	3.162815e+02
6.510000e-06	6.421612e-09	2.459016e-09	3.423817e+01	3.159062e+02
6.520000e-06	6.415510e-09	2.414861e-09	3.420567e+01	3.155226e+02
6.530000e-06	6.409152e-09	2.390675e-09	3.417179e+01	3.151309e+02
6.540000e-06	6.402614e-09	2.411331e-09	3.413702e+01	3.147310e+02
6.550000e-06	6.395900e-09	2.447450e-09	3.410126e+01	3.143230e+02
6.560000e-06	6.389026e-09	2.462631e-09	3.406470e+01	3.139067e+02
6.570000e-06	6.382037e-09	2.444720e-09	3.402749e+01	3.134823e+02
6.580000e-06	6.374956e-09	2.422304e-09	3.398971e+01	3.130498e+02
6.590000e-06	6.367784e-09	2.392537e-09	3.395144e+01	3.126091e+02
6.600000e-06	6.360525e-09	2.377092e-09	3.391271e+01	3.121603e+02
6.610000e-06	6.353153e-09	2.381354e-09	3.387336e+01	3.117033e+02
6.620000e-06	6.345659e-09	2.394235e-09	3.383340e+01	3.112383e+02
6.630000e-06	6.338029e-09	2.398393e-09	3.379278e+01	3.107652e+02
6.640000e-06	6.330255e-09	2.396068e-09	3.375142e+01	3.102840e+02
6.650000e-06	6.322348e-09	2.395602e-09	3.370929e+01	3.097948e+02
6.660000e-06	6.314279e-09	2.376673e-09	3.366626e+01	3.092975e+02
6.670000e-06	6.306012e-09	2.357751e-09	3.362216e+01	3.087922e+02
6.680000e-06	6.297538e-09	2.351892e-09	3.357696e+01	3.082788e+02
6.690000e-06	6.288880e-09	2.358824e-09	3.353085e+01	3.077575e+02
6.700000e-06	6.280094e-09	2.362762e-09	3.348407e+01	3.072281e+02
6.710000e-06	6.271177e-09	2.360859e-09	3.343660e+01	3.066908e+02
6.720000e-06	6.262111e-09	2.347477e-09	3.338835e+01	3.061454e+02
6.730000e-06	6.252919e-09	2.322779e-09	3.333939e+01	3.055922e+02
6.740000e-06	6.243613e-09	2.316815e-09	3.328976e+01	3.050310e+02
6.750000e-06	6.234182e-09	2.327325e-09	3.323945e+01	3.044618e+02
6.760000e-06	6.224595e-09	2.336222e-09	3.318830e+01	3.038848e+02
6.770000e-06	6.214828e-09	2.332627e-09	3.313615e+01	3.032999e+02
6.780000e-06	6.204877e-09	2.326973e-09	3.308307e+01	3.027070e+02
6.790000e-06	6.194756e-09	2.316414e-09	3.302913e+01	3.021063e+02
6.800000e-06	6.184449e-09	2.303470e-09	3.297418e+01	3.014978e+02
6.810000e-06	6.173940e-09	2.298715e-09	3.291816e+01	3.008814e+02
6.820000e-06	6.163259e-09	2.294893e-09	3.286124e+01	3.002572e+02
6.830000e-06	6.152430e-09	2.295529e-09	3.280354e+01	2.996253e+02
6.840000e-06	6.141452e-09	2.303440e-09	3.274503e+01	2.989855e+02
6.850000e-06	6.130339e-09	2.311920e-09	3.268585e+01	2.983379e+02
6.860000e-06	6.119095e-09	2.303124e-09	3.262590e+01	2.976826e+02
6.870000e-06	6.107696e-09	2.282780e-09	3.256512e+01	2.970196e+02
6.880000e-06	6.096163e-09	2.265513e-09	3.250365e+01	2.963488e+02
6.890000e-06	6.084476e-09	2.255989e-09	3.244133e+01	2.956704e+02
6.900000e-06	6.072599e-09	2.259094e-09	3.237799e+01	2.949843e+02
6.910000e-06	6.060533e-09	2.264362e-09	3.231366e+01	2.942905e+02
6.920000e-06	6.048263e-09	2.263054e-09	3.224824e+01	2.935890e+02
6.930000e-06	6.035759e-09	2.257014e-09	3.218157e+01	2.928799e+02
6.940000e-06	6.022976e-09	2.254028e-09	3.211345e+01	2.921633e+02
6.950000e-06	6.009899e-09	2.249298e-09	3.204371e+01	2.914390e+02
6.960000e-06	5.996547e-09	2.241434e-09	3.197251e+01	2.907071e+02
6.970000e-06	5.982892e-09	2.233789e-09	3.189973e+01	2.899677e+02
6.980000e-06	5.968965e-09	2.225759e-09	3.182543e+01	2.892208e+02
6.990000e-06	5.954825e-09	2.221889e-09	3.174994e+01	2.884663e+02
7.000000e-06	5.940440e-09	2.220190e-09	3.167314e+01	2.877044e+02
7.010000e-06	5.925813e-09	2.217600e-09	3.159511e+01	2.869350e+02
7.020000e-06	5.911021e-09	2.212149e-09	3.151623e+01	2.861581e+02
7.030000e-06	5.896118e-09	2.207384e-09	3.143679e+01	2.853738e+02
7.040000e-06	5.881121e-09	2.201949e-09	3.135687e+01	2.845821e+02
7.050000e-06	5.866031e-09	2.195009e-09	3.127640e+01	2.837829e+02
7.060000e-06	5.850866e-09	2.188309e-09	3.119550e+01	2.829764e+02
7.070000e-06	5.835624e-09	2.181322e-09	3.111417e+01	2.821626e+02
7.080000e-06	5.820282e-09	2.178377e-09	3.103235e+01	2.813414e+02
7.090000e-06	5.804858e-09	2.176925e-09	3.095014e+01	2.805129e+02
7.100000e-06	5.789345e-09	2.173520e-09	3.086741e+01	2.796772e+02
7.110000e-06	5.773680e-09	2.165701e-09	3.078386e+01	2.788341e+02
7.120000e-06	5.757854e-09	2.154836e-09	3.069953e+01	2.779838e+02
7.130000e-06	5.741866e-09	2.144361e-09	3.061437e+01	2.771263e+02
7.140000e-06	5.725699e-09	2.137111e-09	3.052819e+01	2.762616e+02
7.150000e-06	5.709370e-09	2.132672e-09	3.044110e+01	2.753897e+02
7.160000e-06	5.692901e-09	2.127423e-09	3.035326e+01	2.745107e+02
7.170000e-06	5.676256e-09	2.122475e-09	3.026453e+01	2.736245e+02
7.180000e-06	5.659462e-09	2.116245e-09	3.017505e+01	2.727312e+02
7.190000e-06	5.642572e-09	2.108394e-09	3.008501e+01	2.718308e+02
7.200000e-06	5.625556e-09	2.097789e-09	2.999423e+01	2.709234e+02
7.210000e-06	5.608409e-09	2.085236e-09	2.990277e+01	2.700089e+02
7.220000e-06	5.591163e-09	2.075089e-09	2.981081e+01	2.690874e+02
7.230000e-06	5.573797e-09	2.069081e-09	2.971818e+01	2.681589e+02
7.240000e-06	5.556293e-09	2.064487e-09	2.962487e+01	2.672235e+02
7.250000e-06	5.538690e-09	2.057316e-09	2.953106e+01	2.662811e+02
7.260000e-06	5.520960e-09	2.049442e-09	2.943650e+01	2.653318e+02
7.270000e-06	5.503069e-09	2.039801e-09	2.934103e+01	2.643756e+02
7.280000e-06	5.485002e-09	2.028965e-09	2.924466e+01	2.634125e+02
7.290000e-06	5.466764e-09	2.018260e-09	2.914743e+01	2.624426e+02
7.300000e-06	5.448370e-09	2.007474e-09	2.904936e+01	2.614658e+02
7.310000e-06	5.429825e-09	1.998293e-09	2.895051e+01	2.604823e+02
7.320000e-06	5.411151e-09	1.990270e-09	2.885092e+01	2.594920e+02
7.330000e-06	5.392339e-09	1.983393e-09	2.875063e+01	2.584950e+02
7.340000e-06	5.373427e-09	1.975832e-09	2.864982e+01	2.574912e+02
7.350000e-06	5.354443e-09	1.967614e-09	2.854857e+01	2.564808e+02
7.360000e-06	5.335378e-09	1.958849e-09	2.844690e+01	2.554637e+02
7.370000e-06	5.316248e-09	1.949262e-09	2.834487e+01	2.544399e+02
7.380000e-06	5.297054e-09	1.938706e-09	2.824248e+01	2.534096e+02
7.390000e-06	5.277805e-09	1.927069e-09	2.813979e+01	2.523726e+02
7.400000e-06	5.258514e-09	1.916965e-09	2.803689e+01	2.513291e+02
7.410000e-06	5.239170e-09	1.908881e-09	2.793372e+01	2.502791e+02
7.420000e-06	5.219719e-09	1.901066e-09	2.782995e+01	2.492226e+02
7.430000e-06	5.200154e-09	1.892059e-09	2.772558e+01	2.481595e+02
7.440000e-06	5.180465e-09	1.883794e-09	2.762063e+01	2.470901e+02
7.450000e-06	5.160611e-09	1.877243e-09	2.751482e+01	2.460142e+02
7.460000e-06	5.140587e-09	1.872278e-09	2.740809e+01	2.449320e+02
7.470000e-06	5.120371e-09	1.867678e-09	2.730032e+01	2.438433e+02
7.480000e-06	5.099941e-09	1.859892e-09	2.719137e+01	2.427484e+02
7.490000e-06	5.079267e-09	1.849487e-09	2.708124e+01	2.416471e+02
7.500000e-06	5.058351e-09	1.839466e-09	2.696990e+01	2.405396e+02
7.510000e-06	5.037221e-09	1.831074e-09	2.685739e+01	2.394258e+02
7.520000e-06	5.015839e-09	1.823318e-09	2.674351e+01	2.383057e+02
7.530000e-06	4.994200e-09	1.815711e-09	2.662824e+01	2.371795e+02
7.540000e-06	4.972342e-09	1.808759e-09	2.651178e+01	2.360472e+02
7.550000e-06	4.950282e-09	1.803503e-09	2.639421e+01	2.349087e+02
7.560000e-06	4.928038e-09	1.798046e-09	2.627561e+01	2.337641e+02
7.570000e-06	4.905611e-09	1.789745e-09	2.615606e+01	2.326134e+02
7.580000e-06	4.883030e-09	1.779138e-09	2.603574e+01	2.314567e+02
7.590000e-06	4.860328e-09	1.769412e-09	2.591475e+01	2.302939e+02
7.600000e-06	4.837506e-09	1.761755e-09	2.579306e+01	2.291252e+02
7.610000e-06	4.814594e-09	1.754164e-09	2.567080e+01	2.279505e+02
7.620000e-06	4.791603e-09	1.743831e-09	2.554815e+01	2.267700e+02
7.630000e-06	4.768537e-09	1.730527e-09	2.542515e+01	2.255835e+02
7.640000e-06	4.745419e-09	1.719061e-09	2.530183e+01	2.243911e+02
7.650000e-06	4.722247e-09	1.711706e-09	2.517819e+01	2.231930e+02
7.660000e-06	4.699016e-09	1.706422e-09	2.505424e+01	2.219890e+02
7.670000e-06	4.675718e-09	1.699210e-09	2.492999e+01	2.207793e+02
7.680000e-06	4.652339e-09	1.688178e-09	2.480533e+01	2.195638e+02
7.690000e-06	4.628868e-09	1.675783e-09	2.468018e+01	2.183426e+02
7.700000e-06	4.605323e-09	1.663903e-09	2.455458e+01	2.171158e+02
7.710000e-06	4.581698e-09	1.653322e-09	2.442856e+01	2.158833e+02
7.720000e-06	4.557967e-09	1.642310e-09	2.430203e+01	2.146452e+02
7.730000e-06	4.534092e-09	1.632088e-09	2.417474e+01	2.134015e+02
7.740000e-06	4.510077e-09	1.622120e-09	2.404669e+01	2.121523e+02
7.750000e-06	4.485966e-09	1.612968e-09	2.391812e+01	2.108976e+02
7.760000e-06	4.461730e-09	1.605601e-09	2.378890e+01	2.096374e+02
7.770000e-06	4.437369e-09	1.596133e-09	2.365901e+01	2.083717e+02
7.780000e-06	4.412877e-09	1.582863e-09	2.352841e+01	2.071007e+02
7.790000e-06	4.388241e-09	1.567879e-09	2.339711e+01	2.058242e+02
7.800000e-06	4.363498e-09	1.556208e-09	2.326519e+01	2.045424e+02
7.810000e-06	4.338650e-09	1.545876e-09	2.313261e+01	2.032553e+02
7.820000e-06	4.313716e-09	1.536011e-09	2.299952e+01	2.019629e+02
7.830000e-06	4.288684e-09	1.526445e-09	2.286600e+01	2.006653e+02
7.840000e-06	4.263524e-09	1.515411e-09	2.273187e+01	1.993625e+02
7.850000e-06	4.238262e-09	1.504178e-09	2.259718e+01	1.980544e+02
7.860000e-06	4.212916e-09	1.492641e-09	2.246206e+01	1.967413e+02
7.870000e-06	4.187489e-09	1.481728e-09	2.232646e+01	1.954230e+02
7.880000e-06	4.161982e-09	1.470395e-09	2.219046e+01	1.940997e+02
7.890000e-06	4.136374e-09	1.458270e-09	2.205395e+01	1.927713e+02
7.900000e-06	4.110632e-09	1.444791e-09	2.191674e+01	1.914379e+02
7.910000e-06	4.084754e-09	1.430123e-09	2.177884e+01	1.900995e+02
7.920000e-06	4.058755e-09	1.416377e-09	2.164029e+01	1.887562e+02
7.930000e-06	4.032622e-09	1.404008e-09	2.150108e+01	1.874080e+02
7.940000e-06	4.006395e-09	1.394486e-09	2.136137e+01	1.860549e+02
7.950000e-06	3.980079e-09	1.385013e-09	2.122108e+01	1.846970e+02
7.960000e-06	3.953620e-09	1.373896e-09	2.108005e+01	1.833343e+02
7.970000e-06	3.927035e-09	1.360421e-09	2.093833e+01	1.819668e+02
7.980000e-06	3.900347e-09	1.344619e-09	2.079601e+01	1.805946e+02
7.990000e-06	3.873573e-09	1.327476e-09	2.065323e+01	1.792177e+02
8.000000e-06	3.846731e-09	1.309962e-09	2.051007e+01	1.778362e+02
8.010000e-06	3.819809e-09	1.296138e-09	2.036647e+01	1.764500e+02
8.020000e-06	3.792814e-09	1.287995e-09	2.022251e+01	1.750593e+02
8.030000e-06	3.765755e-09	1.281631e-09	2.007819e+01	1.736640e+02
8.040000e-06	3.738663e-09	1.273830e-09	1.993370e+01	1.722642e+02
8.050000e-06	3.711537e-09	1.264117e-09	1.978903e+01	1.708599e+02
8.060000e-06	3.684369e-09	1.250444e-09	1.964407e+01	1.694512e+02
8.070000e-06	3.657164e-09	1.234811e-09	1.949892e+01	1.680381e+02
8.080000e-06	3.629917e-09	1.219014e-09	1.935359e+01	1.666206e+02
8.090000e-06	3.602622e-09	1.204873e-09	1.920806e+01	1.651988e+02
8.100000e-06	3.575284e-09	1.194638e-09	1.906231e+01	1.637727e+02
8.110000e-06	3.547910e-09	1.187711e-09	1.891632e+01	1.623423e+02
8.120000e-06	3.520485e-09	1.182534e-09	1.877004e+01	1.609078e+02
8.130000e-06	3.492981e-09	1.175971e-09	1.862336e+01	1.594690e+02
8.140000e-06	3.465385e-09	1.167083e-09	1.847623e+01	1.580262e+02
8.150000e-06	3.437712e-09	1.153569e-09	1.832871e+01	1.565792e+02
8.160000e-06	3.409927e-09	1.135240e-09	1.818067e+01	1.551281e+02
8.170000e-06	3.382034e-09	1.117806e-09	1.803206e+01	1.536730e+02
8.180000e-06	3.354060e-09	1.106890e-09	1.788296e+01	1.522140e+02
8.190000e-06	3.325941e-09	1.101168e-09	1.773308e+01	1.507509e+02
8.200000e-06	3.297685e-09	1.094595e-09	1.758249e+01	1.492840e+02
8.210000e-06	3.269316e-09	1.083550e-09	1.743129e+01	1.478132e+02
8.220000e-06	3.240817e-09	1.069384e-09	1.727934e+01	1.463385e+02
8.230000e-06	3.212178e-09	1.056104e-09	1.712667e+01	1.448601e+02
8.240000e-06	3.183360e-09	1.043786e-09	1.697304e+01	1.433779e+02
8.250000e-06	3.154383e-09	1.030974e-09	1.681851e+01	1.418919e+02
8.260000e-06	3.125267e-09	1.017982e-09	1.666329e+01	1.404023e+02
8.270000e-06	3.095991e-09	1.006152e-09	1.650729e+01	1.389090e+02
8.280000e-06	3.066604e-09	9.952729e-10	1.635064e+01	1.374122e+02
8.290000e-06	3.037111e-09	9.833833e-10	1.619348e+01	1.359117e+02
8.300000e-06	3.007465e-09	9.702471e-10	1.603566e+01	1.344077e+02
8.310000e-06	2.977663e-09	9.571089e-10	1.587698e+01	1.329003e+02
8.320000e-06	2.947733e-09	9.466447e-10	1.571761e+01	1.313894e+02
8.330000e-06	2.917690e-09	9.385469e-10	1.555762e+01	1.298750e+02
8.340000e-06	2.887549e-09	9.295226e-10	1.539693e+01	1.283573e+02
8.350000e-06	2.857300e-09	9.171893e-10	1.523572e+01	1.268363e+02
8.360000e-06	2.826917e-09	9.022869e-10	1.507387e+01	1.253120e+02
8.370000e-06	2.796434e-09	8.880132e-10	1.491138e+01	1.237844e+02
8.380000e-06	2.765867e-09	8.764554e-10	1.474841e+01	1.222536e+02
8.390000e-06	2.735225e-09	8.681599e-10	1.458506e+01	1.207197e+02
8.400000e-06	2.704518e-09	8.590789e-10	1.442136e+01	1.191826e+02
8.410000e-06	2.673741e-09	8.458525e-10	1.425730e+01	1.176424e+02
8.420000e-06	2.642895e-09	8.300184e-10	1.409289e+01	1.160992e+02
8.430000e-06	2.611993e-09	8.138648e-10	1.392815e+01	1.145529e+02
8.440000e-06	2.581053e-09	7.991186e-10	1.376316e+01	1.130037e+02
8.450000e-06	2.550064e-09	7.871114e-10	1.359792e+01	1.114515e+02
8.460000e-06	2.519029e-09	7.778436e-10	1.343245e+01	1.098965e+02
8.470000e-06	2.487951e-09	7.695092e-10	1.326669e+01	1.083386e+02
8.480000e-06	2.456835e-09	7.590757e-10	1.310076e+01	1.067778e+02
8.490000e-06	2.425704e-09	7.434599e-10	1.293479e+01	1.052144e+02
8.500000e-06	2.394549e-09	7.246107e-10	1.276867e+01	1.036481e+02
8.510000e-06	2.363361e-09	7.069121e-10	1.260231e+01	1.020792e+02
8.520000e-06	2.332128e-09	6.929103e-10	1.243573e+01	1.005077e+02
8.530000e-06	2.300869e-09	6.815376e-10	1.226903e+01	9.893350e+01
8.540000e-06	2.269586e-09	6.689008e-10	1.210221e+01	9.735677e+01
8.550000e-06	2.238252e-09	6.541912e-10	1.193513e+01	9.577751e+01
8.560000e-06	2.206874e-09	6.399759e-10	1.176780e+01	9.419577e+01
8.570000e-06	2.175463e-09	6.278406e-10	1.160034e+01	9.261158e+01
8.580000e-06	2.144017e-09	6.147765e-10	1.143273e+01	9.102499e+01
8.590000e-06	2.112544e-09	6.008097e-10	1.126493e+01	8.943603e+01
8.600000e-06	2.081036e-09	5.889763e-10	1.109692e+01	8.784476e+01
8.610000e-06	2.049483e-09	5.777206e-10	1.092864e+01	8.625121e+01
8.620000e-06	2.017893e-09	5.634193e-10	1.076017e+01	8.465542e+01
8.630000e-06	1.986254e-09	5.455988e-10	1.059150e+01	8.305743e+01
8.640000e-06	1.954567e-09	5.288390e-10	1.042256e+01	8.145729e+01
8.650000e-06	1.922848e-09	5.156891e-10	1.025334e+01	7.985504e+01
8.660000e-06	1.891078e-09	5.059913e-10	1.008385e+01	7.825071e+01
8.670000e-06	1.859259e-09	4.977170e-10	9.914148e+00	7.664436e+01
8.680000e-06	1.827383e-09	4.868433e-10	9.744173e+00	7.503602e+01
8.690000e-06	1.795446e-09	4.740457e-10	9.573888e+00	7.342573e+01
8.700000e-06	1.763500e-09	4.602491e-10	9.403502e+00	7.181354e+01
8.710000e-06	1.731499e-09	4.455905e-10	9.232817e+00	7.019949e+01
8.720000e-06	1.699407e-09	4.305860e-10	9.061748e+00	6.858361e+01
8.730000e-06	1.667288e-09	4.153736e-10	8.890485e+00	6.696596e+01
8.740000e-06	1.635117e-09	4.020274e-10	8.718982e+00	6.534657e+01
8.750000e-06	1.602882e-09	3.908365e-10	8.547200e+00	6.372549e+01
8.760000e-06	1.570613e-09	3.823193e-10	8.375151e+00	6.210276e+01
8.770000e-06	1.538290e-09	3.744995e-10	8.202877e+00	6.047841e+01
8.780000e-06	1.505929e-09	3.636895e-10	8.030407e+00	5.885250e+01
8.790000e-06	1.473551e-09	3.501766e-10	7.857718e+00	5.722507e+01
8.800000e-06	1.441127e-09	3.354379e-10	7.684760e+00	5.559615e+01
8.810000e-06	1.408645e-09	3.216544e-10	7.511502e+00	5.396579e+01
8.820000e-06	1.376120e-09	3.085630e-10	7.337995e+00	5.233404e+01
8.830000e-06	1.343558e-09	2.965226e-10	7.164348e+00	5.070092e+01
8.840000e-06	1.310959e-09	2.849264e-10	6.990568e+00	4.906650e+01
8.850000e-06	1.278319e-09	2.731025e-10	6.816538e+00	4.743080e+01
8.860000e-06	1.245630e-09	2.615942e-10	6.642220e+00	4.579388e+01
8.870000e-06	1.212889e-09	2.491978e-10	6.467637e+00	4.415577e+01
8.880000e-06	1.180126e-09	2.370880e-10	6.292900e+00	4.251652e+01
8.890000e-06	1.147338e-09	2.254802e-10	6.118007e+00	4.087616e+01
8.900000e-06	1.114542e-09	2.139498e-10	5.943028e+00	3.923475e+01
8.910000e-06	1.081744e-09	2.001551e-10	5.768103e+00	3.759233e+01
8.920000e-06	1.048877e-09	1.841596e-10	5.592893e+00	3.594893e+01
8.930000e-06	1.015962e-09	1.696838e-10	5.417404e+00	3.430460e+01
8.940000e-06	9.830550e-10	1.588866e-10	5.241875e+00	3.265939e+01
8.950000e-06	9.501139e-10	1.501475e-10	5.066160e+00	3.101333e+01
8.960000e-06	9.171531e-10	1.403413e-10	4.890359e+00	2.936647e+01
8.970000e-06	8.841905e-10	1.286892e-10	4.714552e+00	2.771885e+01
8.980000e-06	8.512016e-10	1.160962e-10	4.538602e+00	2.607052e+01
8.990000e-06	8.181827e-10	1.041432e-10	4.362492e+00	2.442151e+01
9.000000e-06	7.851407e-10	9.242410e-11	4.186299e+00	2.277188e+01
9.010000e-06	7.520856e-10	7.891096e-11	4.010017e+00	2.112166e+01
9.020000e-06	7.190494e-10	6.346593e-11	3.833758e+00	1.947089e+01
9.030000e-06	6.860258e-10	4.932172e-11	3.657600e+00	1.781962e+01
9.040000e-06	6.529733e-10	3.885627e-11	3.481309e+00	1.616790e+01
9.050000e-06	6.198936e-10	3.073629e-11	3.304847e+00	1.451575e+01
9.060000e-06	5.867934e-10	2.213530e-11	3.128283e+00	1.286324e+01
9.070000e-06	5.536788e-10	1.025241e-11	2.951665e+00	1.121040e+01
9.080000e-06	5.205441e-10	-5.034345e-12	2.774986e+00	9.557270e+00
9.090000e-06	4.873871e-10	-2.124987e-11	2.598218e+00	7.903898e+00
9.100000e-06	4.542209e-10	-3.576663e-11	2.421412e+00	6.250325e+00
9.110000e-06	4.210573e-10	-4.847886e-11	2.244588e+00	4.596595e+00
9.120000e-06	3.878962e-10	-6.032561e-11	2.067786e+00	2.942751e+00
9.130000e-06	3.547270e-10	-7.275384e-11	1.890926e+00	1.288836e+00
9.140000e-06	3.215415e-10	-8.673995e-11	1.713957e+00	-3.651083e-01
9.150000e-06	2.883572e-10	-1.011078e-10	1.536960e+00	-2.019038e+00
9.160000e-06	2.551641e-10	-1.146027e-10	1.359884e+00	-3.672909e+00
9.170000e-06	2.219574e-10	-1.261826e-10	1.182838e+00	-5.326680e+00
9.180000e-06	1.887622e-10	-1.367594e-10	1.005879e+00	-6.980307e+00
9.190000e-06	1.555758e-10	-1.481454e-10	8.289507e-01	-8.633748e+00
9.200000e-06	1.223898e-10	-1.609294e-10	6.520156e-01	-1.028696e+01
9.210000e-06	8.918782e-11	-1.747805e-10	4.749761e-01	-1.193990e+01
9.220000e-06	5.598487e-11	-1.895216e-10	2.978889e-01	-1.359252e+01
9.230000e-06	2.279098e-11	-2.060153e-10	1.207834e-01	-1.524478e+01
9.240000e-06	-1.041590e-11	-2.222969e-10	-5.634119e-02	-1.689665e+01
9.250000e-06	-4.362178e-11	-2.343879e-10	-2.334297e-01	-1.854806e+01
9.260000e-06	-7.681307e-11	-2.427322e-10	-4.104645e-01	-2.019899e+01
9.270000e-06	-1.099965e-10	-2.509251e-10	-5.874837e-01	-2.184939e+01
9.280000e-06	-1.431843e-10	-2.640631e-10	-7.644946e-01	-2.349922e+01
9.290000e-06	-1.763875e-10	-2.823583e-10	-9.415388e-01	-2.514843e+01
9.300000e-06	-2.095795e-10	-2.990162e-10	-1.118550e+00	-2.679698e+01
9.310000e-06	-2.427451e-10	-3.089772e-10	-1.295464e+00	-2.844483e+01
9.320000e-06	-2.759089e-10	-3.154395e-10	-1.472369e+00	-3.009194e+01
9.330000e-06	-3.090858e-10	-3.247780e-10	-1.649312e+00	-3.173825e+01
9.340000e-06	-3.422567e-10	-3.384715e-10	-1.826180e+00	-3.338374e+01
9.350000e-06	-3.754192e-10	-3.521325e-10	-2.002988e+00	-3.502835e+01
9.360000e-06	-4.085669e-10	-3.611980e-10	-2.179795e+00	-3.667205e+01
9.370000e-06	-4.416854e-10	-3.680000e-10	-2.356468e+00	-3.831479e+01
9.380000e-06	-4.747993e-10	-3.782175e-10	-2.533073e+00	-3.995653e+01
9.390000e-06	-5.079196e-10	-3.907887e-10	-2.709708e+00	-4.159722e+01
9.400000e-06	-5.410353e-10	-4.009785e-10	-2.886297e+00	-4.323683e+01
9.410000e-06	-5.741501e-10	-4.095132e-10	-3.062844e+00	-4.487530e+01
9.420000e-06	-6.072419e-10	-4.213508e-10	-3.239237e+00	-4.651261e+01
9.430000e-06	-6.402943e-10	-4.388677e-10	-3.415446e+00	-4.814870e+01
9.440000e-06	-6.733461e-10	-4.554590e-10	-3.591756e+00	-4.978353e+01
9.450000e-06	-7.063843e-10	-4.644335e-10	-3.768031e+00	-5.141707e+01
9.460000e-06	-7.394040e-10	-4.672963e-10	-3.944090e+00	-5.304926e+01
9.470000e-06	-7.724116e-10	-4.714524e-10	-4.120001e+00	-5.468006e+01
9.480000e-06	-8.054102e-10	-4.831692e-10	-4.295900e+00	-5.630944e+01
9.490000e-06	-8.383976e-10	-4.996355e-10	-4.471770e+00	-5.793736e+01
9.500000e-06	-8.713509e-10	-5.141325e-10	-4.647452e+00	-5.956375e+01
9.510000e-06	-9.043033e-10	-5.235257e-10	-4.823133e+00	-6.118860e+01
9.520000e-06	-9.372476e-10	-5.319321e-10	-4.998787e+00	-6.281185e+01
9.530000e-06	-9.701597e-10	-5.423707e-10	-5.174303e+00	-6.443346e+01
9.540000e-06	-1.003033e-09	-5.539923e-10	-5.349628e+00	-6.605339e+01
9.550000e-06	-1.035874e-09	-5.636846e-10	-5.524753e+00	-6.767160e+01
9.560000e-06	-1.068689e-09	-5.716528e-10	-5.699746e+00	-6.928804e+01
9.570000e-06	-1.101458e-09	-5.818185e-10	-5.874553e+00	-7.090268e+01
9.580000e-06	-1.134213e-09	-5.941450e-10	-6.049273e+00	-7.251546e+01
9.590000e-06	-1.166962e-09	-6.075934e-10	-6.223846e+00	-7.412636e+01
9.600000e-06	-1.199661e-09	-6.185538e-10	-6.398181e+00	-7.573532e+01
9.610000e-06	-1.232312e-09	-6.265896e-10	-6.572347e+00	-7.734231e+01
9.620000e-06	-1.264943e-09	-6.358640e-10	-6.746419e+00	-7.894729e+01
9.630000e-06	-1.297545e-09	-6.481282e-10	-6.920268e+00	-8.055020e+01
9.640000e-06	-1.330087e-09	-6.609971e-10	-7.093755e+00	-8.215102e+01
9.650000e-06	-1.362592e-09	-6.722999e-10	-7.267019e+00	-8.374969e+01
9.660000e-06	-1.395082e-09	-6.820929e-10	-7.440154e+00	-8.534618e+01
9.670000e-06	-1.427528e-09	-6.927798e-10	-7.613108e+00	-8.694045e+01
9.680000e-06	-1.459904e-09	-7.053258e-10	-7.785740e+00	-8.853245e+01
9.690000e-06	-1.492215e-09	-7.175069e-10	-7.958027e+00	-9.012215e+01
9.700000e-06	-1.524493e-09	-7.287951e-10	-8.130157e+00	-9.170949e+01
9.710000e-06	-1.556742e-09	-7.380699e-10	-8.302188e+00	-9.329445e+01
9.720000e-06	-1.588928e-09	-7.482500e-10	-8.473845e+00	-9.487697e+01
9.730000e-06	-1.621046e-09	-7.626401e-10	-8.645075e+00	-9.645703e+01
9.740000e-06	-1.653105e-09	-7.771572e-10	-8.816021e+00	-9.803457e+01
9.750000e-06	-1.685126e-09	-7.887140e-10	-8.986751e+00	-9.960955e+01
9.760000e-06	-1.717115e-09	-7.976191e-10	-9.157261e+00	-1.011819e+02
9.770000e-06	-1.749077e-09	-8.076945e-10	-9.327627e+00	-1.027517e+02
9.780000e-06	-1.780978e-09	-8.213997e-10	-9.497648e+00	-1.043188e+02
9.790000e-06	-1.812812e-09	-8.358274e-10	-9.667342e+00	-1.058831e+02
9.800000e-06	-1.844611e-09	-8.491159e-10	-9.836889e+00	-1.074447e+02
9.810000e-06	-1.876347e-09	-8.607763e-10	-1.000610e+01	-1.090035e+02
9.820000e-06	-1.908032e-09	-8.729231e-10	-1.017504e+01	-1.105595e+02
9.830000e-06	-1.939676e-09	-8.861945e-10	-1.034374e+01	-1.121126e+02
9.840000e-06	-1.971248e-09	-8.982796e-10	-1.051207e+01	-1.136627e+02
9.850000e-06	-2.002774e-09	-9.088806e-10	-1.068017e+01	-1.152100e+02
9.860000e-06	-2.034280e-09	-9.197304e-10	-1.084815e+01	-1.167542e+02
9.870000e-06	-2.065751e-09	-9.311350e-10	-1.101596e+01	-1.182953e+02
9.880000e-06	-2.097199e-09	-9.418413e-10	-1.118364e+01	-1.198334e+02
9.890000e-06	-2.128593e-09	-9.522169e-10	-1.135104e+01	-1.213684e+02
9.900000e-06	-2.159932e-09	-9.624520e-10	-1.151817e+01	-1.229001e+02
9.910000e-06	-2.191249e-09	-9.743539e-10	-1.168519e+01	-1.244287e+02
9.920000e-06	-2.222548e-09	-9.880143e-10	-1.185209e+01	-1.259541e+02
9.930000e-06	-2.253824e-09	-1.001392e-09	-1.201886e+01	-1.274762e+02
9.940000e-06	-2.285064e-09	-1.013244e-09	-1.218545e+01	-1.289949e+02
9.950000e-06	-2.316271e-09	-1.022637e-09	-1.235188e+01	-1.305103e+02
9.960000e-06	-2.347442e-09	-1.031136e-09	-1.251816e+01	-1.320223e+02
9.970000e-06	-2.378584e-09	-1.041293e-09	-1.268423e+01	-1.335309e+02
9.980000e-06	-2.409697e-09	-1.053938e-09	-1.285013e+01	-1.350360e+02
9.990000e-06	-2.440771e-09	-1.065365e-09	-1.301587e+01	-1.365375e+02
1.000000e-05	-2.471805e-09	-1.073988e-09	-1.318137e+01	-1.380356e+02
1.001000e-05	-2.502806e-09	-1.081879e-09	-1.334658e+01	-1.395300e+02
1.002000e-05	-2.533785e-09	-1.090028e-09	-1.351166e+01	-1.410208e+02
1.003000e-05	-2.564716e-09	-1.101406e-09	-1.367647e+01	-1.425079e+02
1.004000e-05	-2.595571e-09	-1.113983e-09	-1.384096e+01	-1.439913e+02
1.005000e-05	-2.626355e-09	-1.126214e-09	-1.400514e+01	-1.454709e+02
1.006000e-05	-2.657078e-09	-1.137897e-09	-1.416890e+01	-1.469468e+02
1.007000e-05	-2.687738e-09	-1.146871e-09	-1.433235e+01	-1.484188e+02
1.008000e-05	-2.718303e-09	-1.152933e-09	-1.449537e+01	-1.498870e+02
1.009000e-05	-2.748769e-09	-1.156313e-09	-1.465791e+01	-1.513513e+02
1.010000e-05	-2.779172e-09	-1.162243e-09	-1.482004e+01	-1.528116e+02
1.011000e-05	-2.809503e-09	-1.173086e-09	-1.498177e+01	-1.542680e+02
1.012000e-05	-2.839729e-09	-1.188700e-09	-1.514292e+01	-1.557203e+02
1.013000e-05	-2.869828e-09	-1.205024e-09	-1.530334e+01	-1.571686e+02
1.014000e-05	-2.899806e-09	-1.217437e-09	-1.546311e+01	-1.586128e+02
1.015000e-05	-2.929673e-09	-1.227065e-09	-1.562231e+01	-1.600528e+02
1.016000e-05	-2.959419e-09	-1.234323e-09	-1.578084e+01	-1.614887e+02
1.017000e-05	-2.989042e-09	-1.240544e-09	-1.593869e+01	-1.629204e+02
1.018000e-05	-3.018528e-09	-1.246414e-09	-1.609586e+01	-1.643479e+02
1.019000e-05	-3.047869e-09	-1.254343e-09	-1.625228e+01	-1.657710e+02
1.020000e-05	-3.077056e-09	-1.266135e-09	-1.640779e+01	-1.671899e+02
1.021000e-05	-3.106077e-09	-1.279617e-09	-1.656238e+01	-1.686044e+02
1.022000e-05	-3.134990e-09	-1.291398e-09	-1.671642e+01	-1.700145e+02
1.023000e-05	-3.163794e-09	-1.300267e-09	-1.686988e+01	-1.714202e+02
1.024000e-05	-3.192428e-09	-1.309063e-09	-1.702245e+01	-1.728214e+02
1.025000e-05	-3.220891e-09	-1.318772e-09	-1.717411e+01	-1.742181e+02
1.026000e-05	-3.249219e-09	-1.328622e-09	-1.732504e+01	-1.756103e+02
1.027000e-05	-3.277413e-09	-1.336992e-09	-1.747530e+01	-1.769980e+02
1.028000e-05	-3.305495e-09	-1.344823e-09	-1.762495e+01	-1.783810e+02
1.029000e-05	-3.333483e-09	-1.354055e-09	-1.777409e+01	-1.797593e+02
1.030000e-05	-3.361335e-09	-1.364078e-09	-1.792259e+01	-1.811330e+02
1.031000e-05	-3.389064e-09	-1.374083e-09	-1.807055e+01	-1.825020e+02
1.032000e-05	-3.416706e-09	-1.382835e-09	-1.821800e+01	-1.838662e+02
1.033000e-05	-3.444258e-09	-1.392715e-09	-1.836489e+01	-1.852257e+02
1.034000e-05	-3.471725e-09	-1.405191e-09	-1.851134e+01	-1.865803e+02
1.035000e-05	-3.499138e-09	-1.418547e-09	-1.865756e+01	-1.879301e+02
1.036000e-05	-3.526505e-09	-1.429470e-09	-1.880356e+01	-1.892749e+02
1.037000e-05	-3.553820e-09	-1.436357e-09	-1.894928e+01	-1.906149e+02
1.038000e-05	-3.581091e-09	-1.441884e-09	-1.909472e+01	-1.919498e+02
1.039000e-05	-3.608332e-09	-1.450309e-09	-1.923998e+01	-1.932798e+02
1.040000e-05	-3.635538e-09	-1.464147e-09	-1.938505e+01	-1.946048e+02
1.041000e-05	-3.662703e-09	-1.478829e-09	-1.952995e+01	-1.959247e+02
1.042000e-05	-3.689846e-09	-1.490176e-09	-1.967476e+01	-1.972395e+02
1.043000e-05	-3.716951e-09	-1.499428e-09	-1.981935e+01	-1.985491e+02
1.044000e-05	-3.743996e-09	-1.509623e-09	-1.996361e+01	-1.998536e+02
1.045000e-05	-3.770990e-09	-1.520163e-09	-2.010759e+01	-2.011529e+02
1.046000e-05	-3.797929e-09	-1.527284e-09	-2.025123e+01	-2.024470e+02
1.047000e-05	-3.824809e-09	-1.531151e-09	-2.039454e+01	-2.037357e+02
1.048000e-05	-3.851612e-09	-1.536158e-09	-2.053753e+01	-2.050192e+02
1.049000e-05	-3.878327e-09	-1.547709e-09	-2.068006e+01	-2.062974e+02
1.050000e-05	-3.904922e-09	-1.563397e-09	-2.082189e+01	-2.075701e+02
1.051000e-05	-3.931358e-09	-1.576864e-09	-2.096287e+01	-2.088375e+02
1.052000e-05	-3.957678e-09	-1.586190e-09	-2.110326e+01	-2.100994e+02
1.053000e-05	-3.983911e-09	-1.595591e-09	-2.124320e+01	-2.113559e+02
1.054000e-05	-4.010018e-09	-1.608177e-09	-2.138241e+01	-2.126069e+02
1.055000e-05	-4.036011e-09	-1.620436e-09	-2.152101e+01	-2.138523e+02
1.056000e-05	-4.061877e-09	-1.627979e-09	-2.165899e+01	-2.150922e+02
1.057000e-05	-4.087604e-09	-1.631720e-09	-2.179621e+01	-2.163265e+02
1.058000e-05	-4.113219e-09	-1.638016e-09	-2.193280e+01	-2.175551e+02
1.059000e-05	-4.138731e-09	-1.649470e-09	-2.206888e+01	-2.187781e+02
1.060000e-05	-4.164154e-09	-1.663887e-09	-2.220447e+01	-2.199954e+02
1.061000e-05	-4.189489e-09	-1.675439e-09	-2.233954e+01	-2.212069e+02
1.062000e-05	-4.214728e-09	-1.682148e-09	-2.247409e+01	-2.224127e+02
1.063000e-05	-4.239869e-09	-1.688533e-09	-2.260811e+01	-2.236127e+02
1.064000e-05	-4.264923e-09	-1.696373e-09	-2.274165e+01	-2.248069e+02
1.065000e-05	-4.289872e-09	-1.705358e-09	-2.287464e+01	-2.259953e+02
1.066000e-05	-4.314721e-09	-1.713708e-09	-2.300711e+01	-2.271777e+02
1.067000e-05	-4.339457e-09	-1.720679e-09	-2.313895e+01	-2.283543e+02
1.068000e-05	-4.364080e-09	-1.728331e-09	-2.327020e+01	-2.295249e+02
1.069000e-05	-4.388610e-09	-1.737424e-09	-2.340098e+01	-2.306895e+02
1.070000e-05	-4.413001e-09	-1.745632e-09	-2.353101e+01	-2.318482e+02
1.071000e-05	-4.437248e-09	-1.750087e-09	-2.366021e+01	-2.330008e+02
1.072000e-05	-4.461369e-09	-1.752985e-09	-2.378870e+01	-2.341473e+02
1.073000e-05	-4.485364e-09	-1.758092e-09	-2.391652e+01	-2.352878e+02
1.074000e-05	-4.509234e-09	-1.767159e-09	-2.404370e+01	-2.364221e+02
1.075000e-05	-4.532985e-09	-1.778266e-09	-2.417026e+01	-2.375502e+02
1.076000e-05	-4.556622e-09	-1.786801e-09	-2.429627e+01	-2.386722e+02
1.077000e-05	-4.580146e-09	-1.792399e-09	-2.442171e+01	-2.397880e+02
1.078000e-05	-4.603584e-09	-1.797438e-09	-2.454668e+01	-2.408975e+02
1.079000e-05	-4.626938e-09	-1.803215e-09	-2.467123e+01	-2.420008e+02
1.080000e-05	-4.650214e-09	-1.809064e-09	-2.479538e+01	-2.430978e+02
1.081000e-05	-4.673457e-09	-1.814710e-09	-2.491934e+01	-2.441884e+02
1.082000e-05	-4.696653e-09	-1.821625e-09	-2.504308e+01	-2.452727e+02
1.083000e-05	-4.719780e-09	-1.829974e-09	-2.516649e+01	-2.463506e+02
1.084000e-05	-4.742838e-09	-1.838923e-09	-2.528953e+01	-2.474221e+02
1.085000e-05	-4.765832e-09	-1.846344e-09	-2.541216e+01	-2.484872e+02
1.086000e-05	-4.788768e-09	-1.851869e-09	-2.553445e+01	-2.495457e+02
1.087000e-05	-4.811607e-09	-1.858152e-09	-2.565626e+01	-2.505978e+02
1.088000e-05	-4.834338e-09	-1.865637e-09	-2.577751e+01	-2.516434e+02
1.089000e-05	-4.856948e-09	-1.874022e-09	-2.589815e+01	-2.526824e+02
1.090000e-05	-4.879411e-09	-1.881857e-09	-2.601801e+01	-2.537149e+02
1.091000e-05	-4.901713e-09	-1.888590e-09	-2.613690e+01	-2.547407e+02
1.092000e-05	-4.923838e-09	-1.896425e-09	-2.625478e+01	-2.557600e+02
1.093000e-05	-4.945785e-09	-1.905461e-09	-2.637172e+01	-2.567725e+02
1.094000e-05	-4.967551e-09	-1.913068e-09	-2.648773e+01	-2.577784e+02
1.095000e-05	-4.989112e-09	-1.917887e-09	-2.660262e+01	-2.587776e+02
1.096000e-05	-5.010451e-09	-1.923432e-09	-2.671622e+01	-2.597700e+02
1.097000e-05	-5.031531e-09	-1.931447e-09	-2.682847e+01	-2.607557e+02
1.098000e-05	-5.052364e-09	-1.939231e-09	-2.693953e+01	-2.617346e+02
1.099000e-05	-5.073008e-09	-1.945008e-09	-2.704964e+01	-2.627067e+02
1.100000e-05	-5.093450e-09	-1.949380e-09	-2.715863e+01	-2.636719e+02
1.101000e-05	-5.113658e-09	-1.954093e-09	-2.726640e+01	-2.646303e+02
1.102000e-05	-5.133673e-09	-1.961899e-09	-2.737314e+01	-2.655818e+02
1.103000e-05	-5.153546e-09	-1.973856e-09	-2.747910e+01	-2.665264e+02
1.104000e-05	-5.173268e-09	-1.985194e-09	-2.758427e+01	-2.674641e+02
1.105000e-05	-5.192842e-09	-1.992677e-09	-2.768866e+01	-2.683948e+02
1.106000e-05	-5.212303e-09	-1.997387e-09	-2.779241e+01	-2.693185e+02
1.107000e-05	-5.231680e-09	-2.001861e-09	-2.789571e+01	-2.702352e+02
1.108000e-05	-5.251001e-09	-2.006178e-09	-2.799876e+01	-2.711449e+02
1.109000e-05	-5.270259e-09	-2.008344e-09	-2.810151e+01	-2.720475e+02
1.110000e-05	-5.289452e-09	-2.010814e-09	-2.820395e+01	-2.729430e+02
1.111000e-05	-5.308598e-09	-2.017624e-09	-2.830605e+01	-2.738315e+02
1.112000e-05	-5.327685e-09	-2.030817e-09	-2.840780e+01	-2.747128e+02
1.113000e-05	-5.346678e-09	-2.045663e-09	-2.850911e+01	-2.755869e+02
1.114000e-05	-5.365573e-09	-2.054856e-09	-2.860984e+01	-2.764539e+02
1.115000e-05	-5.384375e-09	-2.057414e-09	-2.870998e+01	-2.773137e+02
1.116000e-05	-5.403022e-09	-2.058935e-09	-2.880935e+01	-2.781663e+02
1.117000e-05	-5.421517e-09	-2.065025e-09	-2.890798e+01	-2.790117e+02
1.118000e-05	-5.439884e-09	-2.073951e-09	-2.900593e+01	-2.798498e+02
1.119000e-05	-5.458104e-09	-2.081205e-09	-2.910310e+01	-2.806806e+02
1.120000e-05	-5.476171e-09	-2.085847e-09	-2.919947e+01	-2.815041e+02
1.121000e-05	-5.494077e-09	-2.089935e-09	-2.929491e+01	-2.823203e+02
1.122000e-05	-5.511834e-09	-2.096962e-09	-2.938952e+01	-2.831291e+02
1.123000e-05	-5.529450e-09	-2.108518e-09	-2.948347e+01	-2.839305e+02
1.124000e-05	-5.546919e-09	-2.120363e-09	-2.957669e+01	-2.847246e+02
1.125000e-05	-5.564257e-09	-2.127763e-09	-2.966919e+01	-2.855113e+02
1.126000e-05	-5.581499e-09	-2.131357e-09	-2.976116e+01	-2.862905e+02
1.127000e-05	-5.598643e-09	-2.134766e-09	-2.985256e+01	-2.870623e+02
1.128000e-05	-5.615687e-09	-2.138791e-09	-2.994346e+01	-2.878266e+02
1.129000e-05	-5.632632e-09	-2.141046e-09	-3.003384e+01	-2.885835e+02
1.130000e-05	-5.649429e-09	-2.142994e-09	-3.012339e+01	-2.893328e+02
1.131000e-05	-5.666085e-09	-2.150034e-09	-3.021220e+01	-2.900746e+02
1.132000e-05	-5.682595e-09	-2.163417e-09	-3.030022e+01	-2.908088e+02
1.133000e-05	-5.698925e-09	-2.177400e-09	-3.038727e+01	-2.915355e+02
1.134000e-05	-5.715101e-09	-2.184486e-09	-3.047346e+01	-2.922546e+02
1.135000e-05	-5.731110e-09	-2.183295e-09	-3.055870e+01	-2.929661e+02
1.136000e-05	-5.746942e-09	-2.179905e-09	-3.064312e+01	-2.936700e+02
1.137000e-05	-5.762619e-09	-2.181564e-09	-3.072678e+01	-2.943662e+02
1.138000e-05	-5.778170e-09	-2.188361e-09	-3.080972e+01	-2.950548e+02
1.139000e-05	-5.793616e-09	-2.196097e-09	-3.089212e+01	-2.957357e+02
1.140000e-05	-5.808972e-09	-2.202150e-09	-3.097400e+01	-2.964089e+02
1.141000e-05	-5.824247e-09	-2.206784e-09	-3.105541e+01	-2.970744e+02
1.142000e-05	-5.839444e-09	-2.214797e-09	-3.113643e+01	-2.977321e+02
1.143000e-05	-5.854565e-09	-2.225138e-09	-3.121706e+01	-2.983821e+02
1.144000e-05	-5.869599e-09	-2.231384e-09	-3.129725e+01	-2.990244e+02
1.145000e-05	-5.884515e-09	-2.232313e-09	-3.137680e+01	-2.996588e+02
1.146000e-05	-5.899300e-09	-2.231712e-09	-3.145558e+01	-3.002855e+02
1.147000e-05	-5.913924e-09	-2.233315e-09	-3.153349e+01	-3.009044e+02
1.148000e-05	-5.928319e-09	-2.236658e-09	-3.161027e+01	-3.015154e+02
1.149000e-05	-5.942475e-09	-2.239749e-09	-3.168580e+01	-3.021186e+02
1.150000e-05	-5.956376e-09	-2.243613e-09	-3.175984e+01	-3.027139e+02
1.151000e-05	-5.969947e-09	-2.249939e-09	-3.183205e+01	-3.033013e+02
1.152000e-05	-5.983217e-09	-2.259933e-09	-3.190263e+01	-3.038809e+02
1.153000e-05	-5.996245e-09	-2.271434e-09	-3.197195e+01	-3.044525e+02
1.154000e-05	-6.009041e-09	-2.277658e-09	-3.204006e+01	-3.050163e+02
1.155000e-05	-6.021584e-09	-2.275744e-09	-3.210681e+01	-3.055721e+02
1.156000e-05	-6.033842e-09	-2.270773e-09	-3.217210e+01	-3.061199e+02
1.157000e-05	-6.045854e-09	-2.270923e-09	-3.223610e+01	-3.066598e+02
1.158000e-05	-6.057668e-09	-2.278440e-09	-3.229909e+01	-3.071917e+02
1.159000e-05	-6.069322e-09	-2.289011e-09	-3.236135e+01	-3.077156e+02
1.160000e-05	-6.080848e-09	-2.298663e-09	-3.242290e+01	-3.082315e+02
1.161000e-05	-6.092253e-09	-2.306543e-09	-3.248374e+01	-3.087394e+02
1.162000e-05	-6.103537e-09	-2.312903e-09	-3.254391e+01	-3.092392e+02
1.163000e-05	-6.114710e-09	-2.316041e-09	-3.260350e+01	-3.097310e+02
1.164000e-05	-6.125763e-09	-2.315561e-09	-3.266241e+01	-3.102147e+02
1.165000e-05	-6.136700e-09	-2.313578e-09	-3.272070e+01	-3.106904e+02
1.166000e-05	-6.147509e-09	-2.314718e-09	-3.277835e+01	-3.111580e+02
1.167000e-05	-6.158154e-09	-2.321122e-09	-3.283512e+01	-3.116175e+02
1.168000e-05	-6.168630e-09	-2.328761e-09	-3.289099e+01	-3.120689e+02
1.169000e-05	-6.178939e-09	-2.335283e-09	-3.294595e+01	-3.125121e+02
1.170000e-05	-6.189060e-09	-2.340094e-09	-3.299991e+01	-3.129473e+02
1.171000e-05	-6.198981e-09	-2.346091e-09	-3.305284e+01	-3.133743e+02
1.172000e-05	-6.208749e-09	-2.354381e-09	-3.310491e+01	-3.137931e+02
1.173000e-05	-6.218390e-09	-2.360110e-09	-3.315629e+01	-3.142038e+02
1.174000e-05	-6.227875e-09	-2.361159e-09	-3.320684e+01	-3.146063e+02
1.175000e-05	-6.237215e-09	-2.357725e-09	-3.325657e+01	-3.150006e+02
1.176000e-05	-6.246467e-09	-2.354865e-09	-3.330583e+01	-3.153867e+02
1.177000e-05	-6.255618e-09	-2.358471e-09	-3.335457e+01	-3.157646e+02
1.178000e-05	-6.264605e-09	-2.369130e-09	-3.340248e+01	-3.161343e+02
1.179000e-05	-6.273428e-09	-2.381623e-09	-3.344946e+01	-3.164958e+02
1.180000e-05	-6.282081e-09	-2.391019e-09	-3.349554e+01	-3.168490e+02
1.181000e-05	-6.290563e-09	-2.396039e-09	-3.354072e+01	-3.171940e+02
1.182000e-05	-6.298882e-09	-2.395542e-09	-3.358509e+01	-3.175308e+02
1.183000e-05	-6.307028e-09	-2.392496e-09	-3.362857e+01	-3.178592e+02
1.184000e-05	-6.315006e-09	-2.390119e-09	-3.367111e+01	-3.181794e+02
1.185000e-05	-6.322828e-09	-2.391318e-09	-3.371280e+01	-3.184914e+02
1.186000e-05	-6.330501e-09	-2.398233e-09	-3.375365e+01	-3.187950e+02
1.187000e-05	-6.338043e-09	-2.408882e-09	-3.379383e+01	-3.190904e+02
1.188000e-05	-6.345474e-09	-2.418239e-09	-3.383344e+01	-3.193774e+02
1.189000e-05	-6.352798e-09	-2.423300e-09	-3.387247e+01	-3.196562e+02
1.190000e-05	-6.360036e-09	-2.422956e-09	-3.391104e+01	-3.199266e+02
1.191000e-05	-6.367196e-09	-2.419599e-09	-3.394918e+01	-3.201887e+02
1.192000e-05	-6.374268e-09	-2.419689e-09	-3.398693e+01	-3.204425e+02
1.193000e-05	-6.381242e-09	-2.423230e-09	-3.402416e+01	-3.206879e+02
1.194000e-05	-6.388090e-09	-2.430105e-09	-3.406064e+01	-3.209250e+02
1.195000e-05	-6.394784e-09	-2.437390e-09	-3.409628e+01	-3.211537e+02
1.196000e-05	-6.401309e-09	-2.439772e-09	-3.413100e+01	-3.213741e+02
1.197000e-05	-6.407655e-09	-2.437561e-09	-3.416472e+01	-3.215861e+02
1.198000e-05	-6.413795e-09	-2.434830e-09	-3.419733e+01	-3.217898e+02
1.199000e-05	-6.419696e-09	-2.436935e-09	-3.422868e+01	-3.219851e+02
1.200000e-05	-6.425330e-09	-2.442766e-09	-3.425864e+01	-3.221720e+02
1.201000e-05	-6.430660e-09	-2.449816e-09	-3.428705e+01	-3.223505e+02
1.202000e-05	-6.435690e-09	-2.452969e-09	-3.431387e+01	-3.225206e+02
1.203000e-05	-6.440449e-09	-2.451603e-09	-3.433920e+01	-3.226824e+02
1.204000e-05	-6.444964e-09	-2.449620e-09	-3.436315e+01	-3.228357e+02
1.205000e-05	-6.449232e-09	-2.448898e-09	-3.438578e+01	-3.229807e+02
1.206000e-05	-6.453249e-09	-2.452166e-09	-3.440720e+01	-3.231172e+02
1.207000e-05	-6.457064e-09	-2.458114e-09	-3.442761e+01	-3.232454e+02
1.208000e-05	-6.460701e-09	-2.464468e-09	-3.444706e+01	-3.233651e+02
1.209000e-05	-6.464197e-09	-2.467178e-09	-3.446576e+01	-3.234764e+02
1.210000e-05	-6.467597e-09	-2.465821e-09	-3.448393e+01	-3.235793e+02
1.211000e-05	-6.470905e-09	-2.462392e-09	-3.450156e+01	-3.236738e+02
1.212000e-05	-6.474131e-09	-2.458961e-09	-3.451874e+01	-3.237599e+02
1.213000e-05	-6.477276e-09	-2.458759e-09	-3.453550e+01	-3.238375e+02
1.214000e-05	-6.480336e-09	-2.461770e-09	-3.455185e+01	-3.239067e+02
1.215000e-05	-6.483295e-09	-2.468061e-09	-3.456773e+01	-3.239675e+02
1.216000e-05	-6.486129e-09	-2.474058e-09	-3.458291e+01	-3.240199e+02
1.217000e-05	-6.488803e-09	-2.476458e-09	-3.459721e+01	-3.240638e+02
1.218000e-05	-6.491317e-09	-2.474752e-09	-3.461067e+01	-3.240993e+02
1.219000e-05	-6.493693e-09	-2.471012e-09	-3.462334e+01	-3.241264e+02
1.220000e-05	-6.495892e-09	-2.469697e-09	-3.463508e+01	-3.241450e+02
1.221000e-05	-6.497877e-09	-2.470476e-09	-3.464571e+01	-3.241552e+02
1.222000e-05	-6.499665e-09	-2.471539e-09	-3.465527e+01	-3.241570e+02
1.223000e-05	-6.501315e-09	-2.471213e-09	-3.466406e+01	-3.241503e+02
1.224000e-05	-6.502843e-09	-2.471219e-09	-3.467216e+01	-3.241352e+02
1.225000e-05	-6.504222e-09	-2.474171e-09	-3.467955e+01	-3.241117e+02
1.226000e-05	-6.505491e-09	-2.478914e-09	-3.468636e+01	-3.240797e+02
1.227000e-05	-6.506667e-09	-2.480645e-09	-3.469258e+01	-3.240393e+02
1.228000e-05	-6.507722e-09	-2.477734e-09	-3.469815e+01	-3.239905e+02
1.229000e-05	-6.508588e-09	-2.475448e-09	-3.470262e+01	-3.239332e+02
1.230000e-05	-6.509107e-09	-2.476198e-09	-3.470541e+01	-3.238676e+02
1.231000e-05	-6.509465e-09	-2.477419e-09	-3.470744e+01	-3.237934e+02
1.232000e-05	-6.509798e-09	-2.476764e-09	-3.470916e+01	-3.237109e+02
