# Temperatura_=_20.0
# Concentracion g/m^3_=_10000.0
# C_Vs_to_Am_M_A/Vsm_=_116720831517.84952
# pendiente_HvsI_1/m_=_3716.3
# ordenada_HvsI_A/m_=_1297.0
# frecuencia_Hz_=_135455.09590912974
# Promedio de 22 ciclos

Tiempo_(s)	Campo_(V.s)	Magnetizacion_(V.s)	Campo_(kA/m)	Magnetizacion_(A/m)
0.000000e+00	-8.965001e-09	-3.691744e-09	-4.581748e+01	-4.391295e+02
1.000000e-08	-8.964937e-09	-3.695943e-09	-4.581715e+01	-4.391189e+02
2.000000e-08	-8.964468e-09	-3.697188e-09	-4.581475e+01	-4.390766e+02
3.000000e-08	-8.963438e-09	-3.696780e-09	-4.580949e+01	-4.390024e+02
4.000000e-08	-8.961642e-09	-3.697116e-09	-4.580031e+01	-4.388963e+02
5.000000e-08	-8.958943e-09	-3.695511e-09	-4.578652e+01	-4.387584e+02
6.000000e-08	-8.955423e-09	-3.694900e-09	-4.576853e+01	-4.385887e+02
7.000000e-08	-8.951347e-09	-3.700028e-09	-4.574769e+01	-4.383871e+02
8.000000e-08	-8.946813e-09	-3.703112e-09	-4.572452e+01	-4.381538e+02
9.000000e-08	-8.941594e-09	-3.680917e-09	-4.569785e+01	-4.378887e+02
1.000000e-07	-8.935341e-09	-3.650907e-09	-4.566589e+01	-4.375918e+02
1.100000e-07	-8.928003e-09	-3.663007e-09	-4.562839e+01	-4.372632e+02
1.200000e-07	-8.920042e-09	-3.700763e-09	-4.558770e+01	-4.369029e+02
1.300000e-07	-8.911951e-09	-3.693001e-09	-4.554635e+01	-4.365109e+02
1.400000e-07	-8.903616e-09	-3.670260e-09	-4.550375e+01	-4.360872e+02
1.500000e-07	-8.894477e-09	-3.699425e-09	-4.545705e+01	-4.356318e+02
1.600000e-07	-8.884402e-09	-3.731838e-09	-4.540555e+01	-4.351449e+02
1.700000e-07	-8.873817e-09	-3.663204e-09	-4.535146e+01	-4.346264e+02
1.800000e-07	-8.862719e-09	-3.629090e-09	-4.529474e+01	-4.340764e+02
1.900000e-07	-8.850709e-09	-3.696537e-09	-4.523336e+01	-4.334949e+02
2.000000e-07	-8.837938e-09	-3.742077e-09	-4.516809e+01	-4.328820e+02
2.100000e-07	-8.824704e-09	-3.675880e-09	-4.510045e+01	-4.322377e+02
2.200000e-07	-8.810672e-09	-3.662254e-09	-4.502874e+01	-4.315620e+02
2.300000e-07	-8.795597e-09	-3.707159e-09	-4.495170e+01	-4.308550e+02
2.400000e-07	-8.779758e-09	-3.686808e-09	-4.487075e+01	-4.301167e+02
2.500000e-07	-8.763192e-09	-3.622932e-09	-4.478608e+01	-4.293473e+02
2.600000e-07	-8.745807e-09	-3.630295e-09	-4.469723e+01	-4.285467e+02
2.700000e-07	-8.727836e-09	-3.643201e-09	-4.460539e+01	-4.277150e+02
2.800000e-07	-8.709389e-09	-3.614675e-09	-4.451111e+01	-4.268523e+02
2.900000e-07	-8.690272e-09	-3.639065e-09	-4.441340e+01	-4.259587e+02
3.000000e-07	-8.670499e-09	-3.653442e-09	-4.431235e+01	-4.250341e+02
3.100000e-07	-8.650316e-09	-3.593691e-09	-4.420920e+01	-4.240787e+02
3.200000e-07	-8.629707e-09	-3.561027e-09	-4.410387e+01	-4.230925e+02
3.300000e-07	-8.608561e-09	-3.625523e-09	-4.399580e+01	-4.220757e+02
3.400000e-07	-8.586949e-09	-3.613331e-09	-4.388535e+01	-4.210282e+02
3.500000e-07	-8.564827e-09	-3.567098e-09	-4.377229e+01	-4.199502e+02
3.600000e-07	-8.542017e-09	-3.574247e-09	-4.365572e+01	-4.188418e+02
3.700000e-07	-8.518568e-09	-3.583315e-09	-4.353588e+01	-4.177029e+02
3.800000e-07	-8.494627e-09	-3.536456e-09	-4.341352e+01	-4.165338e+02
3.900000e-07	-8.470170e-09	-3.530004e-09	-4.328853e+01	-4.153344e+02
4.000000e-07	-8.445130e-09	-3.526279e-09	-4.316055e+01	-4.141049e+02
4.100000e-07	-8.419331e-09	-3.499806e-09	-4.302870e+01	-4.128454e+02
4.200000e-07	-8.392549e-09	-3.504503e-09	-4.289183e+01	-4.115559e+02
4.300000e-07	-8.364904e-09	-3.523728e-09	-4.275054e+01	-4.102366e+02
4.400000e-07	-8.336753e-09	-3.492101e-09	-4.260667e+01	-4.088875e+02
4.500000e-07	-8.308207e-09	-3.464276e-09	-4.246078e+01	-4.075087e+02
4.600000e-07	-8.279165e-09	-3.464121e-09	-4.231235e+01	-4.061004e+02
4.700000e-07	-8.249581e-09	-3.454557e-09	-4.216116e+01	-4.046626e+02
4.800000e-07	-8.219456e-09	-3.441930e-09	-4.200720e+01	-4.031955e+02
4.900000e-07	-8.188782e-09	-3.437183e-09	-4.185043e+01	-4.016991e+02
5.000000e-07	-8.157546e-09	-3.417885e-09	-4.169079e+01	-4.001736e+02
5.100000e-07	-8.125792e-09	-3.394956e-09	-4.152851e+01	-3.986191e+02
5.200000e-07	-8.093617e-09	-3.379322e-09	-4.136407e+01	-3.970356e+02
5.300000e-07	-8.061010e-09	-3.360550e-09	-4.119742e+01	-3.954233e+02
5.400000e-07	-8.027774e-09	-3.353574e-09	-4.102756e+01	-3.937824e+02
5.500000e-07	-7.993654e-09	-3.352561e-09	-4.085319e+01	-3.921129e+02
5.600000e-07	-7.958582e-09	-3.344196e-09	-4.067394e+01	-3.904149e+02
5.700000e-07	-7.922788e-09	-3.327293e-09	-4.049101e+01	-3.886886e+02
5.800000e-07	-7.886562e-09	-3.310270e-09	-4.030587e+01	-3.869341e+02
5.900000e-07	-7.849982e-09	-3.285578e-09	-4.011892e+01	-3.851516e+02
6.000000e-07	-7.812950e-09	-3.263789e-09	-3.992966e+01	-3.833411e+02
6.100000e-07	-7.775354e-09	-3.247313e-09	-3.973752e+01	-3.815028e+02
6.200000e-07	-7.737201e-09	-3.238388e-09	-3.954253e+01	-3.796368e+02
6.300000e-07	-7.698519e-09	-3.233348e-09	-3.934484e+01	-3.777432e+02
6.400000e-07	-7.659286e-09	-3.225985e-09	-3.914433e+01	-3.758223e+02
6.500000e-07	-7.619546e-09	-3.201643e-09	-3.894123e+01	-3.738741e+02
6.600000e-07	-7.579385e-09	-3.179441e-09	-3.873597e+01	-3.718988e+02
6.700000e-07	-7.538793e-09	-3.163981e-09	-3.852852e+01	-3.698965e+02
6.800000e-07	-7.497632e-09	-3.154602e-09	-3.831816e+01	-3.678673e+02
6.900000e-07	-7.455729e-09	-3.139972e-09	-3.810400e+01	-3.658115e+02
7.000000e-07	-7.412990e-09	-3.121702e-09	-3.788558e+01	-3.637291e+02
7.100000e-07	-7.369511e-09	-3.099855e-09	-3.766337e+01	-3.616204e+02
7.200000e-07	-7.325500e-09	-3.085052e-09	-3.743844e+01	-3.594854e+02
7.300000e-07	-7.281104e-09	-3.072512e-09	-3.721155e+01	-3.573243e+02
7.400000e-07	-7.236338e-09	-3.059312e-09	-3.698276e+01	-3.551373e+02
7.500000e-07	-7.191127e-09	-3.041794e-09	-3.675170e+01	-3.529245e+02
7.600000e-07	-7.145402e-09	-3.026154e-09	-3.651802e+01	-3.506862e+02
7.700000e-07	-7.099133e-09	-3.010663e-09	-3.628155e+01	-3.484223e+02
7.800000e-07	-7.052318e-09	-2.993957e-09	-3.604229e+01	-3.461332e+02
7.900000e-07	-7.004979e-09	-2.972637e-09	-3.580036e+01	-3.438190e+02
8.000000e-07	-6.957159e-09	-2.950676e-09	-3.555596e+01	-3.414799e+02
8.100000e-07	-6.908865e-09	-2.933015e-09	-3.530914e+01	-3.391159e+02
8.200000e-07	-6.860039e-09	-2.919543e-09	-3.505961e+01	-3.367274e+02
8.300000e-07	-6.810567e-09	-2.905271e-09	-3.480677e+01	-3.343144e+02
8.400000e-07	-6.760353e-09	-2.886798e-09	-3.455014e+01	-3.318772e+02
8.500000e-07	-6.709399e-09	-2.868545e-09	-3.428973e+01	-3.294158e+02
8.600000e-07	-6.657795e-09	-2.852645e-09	-3.402600e+01	-3.269306e+02
8.700000e-07	-6.605669e-09	-2.836164e-09	-3.375960e+01	-3.244217e+02
8.800000e-07	-6.553092e-09	-2.813739e-09	-3.349089e+01	-3.218892e+02
8.900000e-07	-6.500071e-09	-2.789431e-09	-3.321991e+01	-3.193333e+02
9.000000e-07	-6.446565e-09	-2.765482e-09	-3.294647e+01	-3.167543e+02
9.100000e-07	-6.392575e-09	-2.746533e-09	-3.267054e+01	-3.141523e+02
9.200000e-07	-6.338136e-09	-2.728211e-09	-3.239232e+01	-3.115275e+02
9.300000e-07	-6.283235e-09	-2.711744e-09	-3.211173e+01	-3.088801e+02
9.400000e-07	-6.227880e-09	-2.695556e-09	-3.182883e+01	-3.062103e+02
9.500000e-07	-6.172127e-09	-2.679950e-09	-3.154389e+01	-3.035182e+02
9.600000e-07	-6.116006e-09	-2.659705e-09	-3.125707e+01	-3.008042e+02
9.700000e-07	-6.059527e-09	-2.633919e-09	-3.096842e+01	-2.980683e+02
9.800000e-07	-6.002673e-09	-2.602686e-09	-3.067786e+01	-2.953107e+02
9.900000e-07	-5.945368e-09	-2.573119e-09	-3.038499e+01	-2.925318e+02
1.000000e-06	-5.887519e-09	-2.549161e-09	-3.008934e+01	-2.897316e+02
1.010000e-06	-5.829092e-09	-2.532168e-09	-2.979074e+01	-2.869103e+02
1.020000e-06	-5.770110e-09	-2.514109e-09	-2.948930e+01	-2.840683e+02
1.030000e-06	-5.710636e-09	-2.491539e-09	-2.918534e+01	-2.812056e+02
1.040000e-06	-5.650733e-09	-2.463827e-09	-2.887920e+01	-2.783226e+02
1.050000e-06	-5.590479e-09	-2.437067e-09	-2.857125e+01	-2.754193e+02
1.060000e-06	-5.529914e-09	-2.411685e-09	-2.826173e+01	-2.724960e+02
1.070000e-06	-5.469010e-09	-2.385532e-09	-2.795046e+01	-2.695530e+02
1.080000e-06	-5.407730e-09	-2.356047e-09	-2.763728e+01	-2.665903e+02
1.090000e-06	-5.346068e-09	-2.326079e-09	-2.732214e+01	-2.636084e+02
1.100000e-06	-5.284018e-09	-2.299077e-09	-2.700502e+01	-2.606073e+02
1.110000e-06	-5.221600e-09	-2.273182e-09	-2.668602e+01	-2.575873e+02
1.120000e-06	-5.158833e-09	-2.245411e-09	-2.636524e+01	-2.545485e+02
1.130000e-06	-5.095735e-09	-2.216704e-09	-2.604276e+01	-2.514913e+02
1.140000e-06	-5.032303e-09	-2.190549e-09	-2.571858e+01	-2.484159e+02
1.150000e-06	-4.968539e-09	-2.167987e-09	-2.539270e+01	-2.453224e+02
1.160000e-06	-4.904489e-09	-2.145488e-09	-2.506536e+01	-2.422111e+02
1.170000e-06	-4.840168e-09	-2.117802e-09	-2.473663e+01	-2.390822e+02
1.180000e-06	-4.775583e-09	-2.086175e-09	-2.440656e+01	-2.359360e+02
1.190000e-06	-4.710706e-09	-2.054165e-09	-2.407499e+01	-2.327726e+02
1.200000e-06	-4.645436e-09	-2.025916e-09	-2.374141e+01	-2.295923e+02
1.210000e-06	-4.579713e-09	-1.998677e-09	-2.340553e+01	-2.263954e+02
1.220000e-06	-4.513543e-09	-1.971617e-09	-2.306735e+01	-2.231820e+02
1.230000e-06	-4.446921e-09	-1.944961e-09	-2.272687e+01	-2.199524e+02
1.240000e-06	-4.379857e-09	-1.920237e-09	-2.238412e+01	-2.167068e+02
1.250000e-06	-4.312410e-09	-1.896613e-09	-2.203942e+01	-2.134455e+02
1.260000e-06	-4.244659e-09	-1.872223e-09	-2.169317e+01	-2.101687e+02
1.270000e-06	-4.176653e-09	-1.845005e-09	-2.134560e+01	-2.068767e+02
1.280000e-06	-4.108413e-09	-1.816397e-09	-2.099685e+01	-2.035696e+02
1.290000e-06	-4.039968e-09	-1.787152e-09	-2.064705e+01	-2.002477e+02
1.300000e-06	-3.971332e-09	-1.756481e-09	-2.029627e+01	-1.969113e+02
1.310000e-06	-3.902478e-09	-1.722742e-09	-1.994438e+01	-1.935606e+02
1.320000e-06	-3.833373e-09	-1.690924e-09	-1.959120e+01	-1.901958e+02
1.330000e-06	-3.764006e-09	-1.665099e-09	-1.923668e+01	-1.868172e+02
1.340000e-06	-3.694383e-09	-1.643339e-09	-1.888086e+01	-1.834250e+02
1.350000e-06	-3.624473e-09	-1.620229e-09	-1.852357e+01	-1.800195e+02
1.360000e-06	-3.554252e-09	-1.594946e-09	-1.816469e+01	-1.766009e+02
1.370000e-06	-3.483743e-09	-1.566395e-09	-1.780434e+01	-1.731695e+02
1.380000e-06	-3.412953e-09	-1.536260e-09	-1.744256e+01	-1.697255e+02
1.390000e-06	-3.341928e-09	-1.505503e-09	-1.707957e+01	-1.662692e+02
1.400000e-06	-3.270720e-09	-1.474847e-09	-1.671565e+01	-1.628008e+02
1.410000e-06	-3.199327e-09	-1.444629e-09	-1.635078e+01	-1.593206e+02
1.420000e-06	-3.127758e-09	-1.417309e-09	-1.598501e+01	-1.558288e+02
1.430000e-06	-3.056012e-09	-1.394222e-09	-1.561833e+01	-1.523256e+02
1.440000e-06	-2.984071e-09	-1.372132e-09	-1.525066e+01	-1.488114e+02
1.450000e-06	-2.911946e-09	-1.347477e-09	-1.488205e+01	-1.452864e+02
1.460000e-06	-2.839659e-09	-1.320151e-09	-1.451261e+01	-1.417508e+02
1.470000e-06	-2.767191e-09	-1.293340e-09	-1.414225e+01	-1.382049e+02
1.480000e-06	-2.694515e-09	-1.267102e-09	-1.377083e+01	-1.346489e+02
1.490000e-06	-2.621604e-09	-1.238273e-09	-1.339820e+01	-1.310832e+02
1.500000e-06	-2.548448e-09	-1.206128e-09	-1.302432e+01	-1.275079e+02
1.510000e-06	-2.475064e-09	-1.173933e-09	-1.264928e+01	-1.239233e+02
1.520000e-06	-2.401461e-09	-1.143599e-09	-1.227311e+01	-1.203298e+02
1.530000e-06	-2.327649e-09	-1.115800e-09	-1.189588e+01	-1.167274e+02
1.540000e-06	-2.253633e-09	-1.089027e-09	-1.151761e+01	-1.131166e+02
1.550000e-06	-2.179426e-09	-1.061083e-09	-1.113836e+01	-1.094976e+02
1.560000e-06	-2.105036e-09	-1.031236e-09	-1.075817e+01	-1.058706e+02
1.570000e-06	-2.030466e-09	-1.002910e-09	-1.037707e+01	-1.022358e+02
1.580000e-06	-1.955721e-09	-9.735283e-10	-9.995073e+00	-9.859368e+01
1.590000e-06	-1.880798e-09	-9.418871e-10	-9.612164e+00	-9.494434e+01
1.600000e-06	-1.805711e-09	-9.080897e-10	-9.228416e+00	-9.128808e+01
1.610000e-06	-1.730438e-09	-8.738197e-10	-8.843718e+00	-8.762517e+01
1.620000e-06	-1.654967e-09	-8.411707e-10	-8.458009e+00	-8.395587e+01
1.630000e-06	-1.579312e-09	-8.096040e-10	-8.071360e+00	-8.028046e+01
1.640000e-06	-1.503492e-09	-7.768807e-10	-7.683864e+00	-7.659919e+01
1.650000e-06	-1.427542e-09	-7.434919e-10	-7.295706e+00	-7.291234e+01
1.660000e-06	-1.351477e-09	-7.117458e-10	-6.906960e+00	-6.922016e+01
1.670000e-06	-1.275320e-09	-6.834131e-10	-6.517745e+00	-6.552294e+01
1.680000e-06	-1.199103e-09	-6.559328e-10	-6.128221e+00	-6.182093e+01
1.690000e-06	-1.122821e-09	-6.247565e-10	-5.738368e+00	-5.811441e+01
1.700000e-06	-1.046468e-09	-5.884988e-10	-5.348148e+00	-5.440364e+01
1.710000e-06	-9.700571e-10	-5.493337e-10	-4.957635e+00	-5.068890e+01
1.720000e-06	-8.935729e-10	-5.115067e-10	-4.566746e+00	-4.697044e+01
1.730000e-06	-8.170043e-10	-4.765108e-10	-4.175426e+00	-4.324855e+01
1.740000e-06	-7.403635e-10	-4.439855e-10	-3.783738e+00	-3.952348e+01
1.750000e-06	-6.636729e-10	-4.137282e-10	-3.391795e+00	-3.579552e+01
1.760000e-06	-5.869373e-10	-3.838959e-10	-2.999621e+00	-3.206492e+01
1.770000e-06	-5.101526e-10	-3.526646e-10	-2.607197e+00	-2.833197e+01
1.780000e-06	-4.333474e-10	-3.206111e-10	-2.214668e+00	-2.459693e+01
1.790000e-06	-3.565069e-10	-2.859081e-10	-1.821959e+00	-2.086007e+01
1.800000e-06	-2.796347e-10	-2.461963e-10	-1.429087e+00	-1.712166e+01
1.810000e-06	-2.027703e-10	-2.043513e-10	-1.036256e+00	-1.338198e+01
1.820000e-06	-1.259098e-10	-1.633725e-10	-6.434441e-01	-9.641289e+00
1.830000e-06	-4.905770e-11	-1.274859e-10	-2.506755e-01	-5.899864e+00
1.840000e-06	2.777390e-11	-9.884254e-11	1.419882e-01	-2.157976e+00
1.850000e-06	1.045925e-10	-7.002245e-11	5.345855e-01	1.584104e+00
1.860000e-06	1.813859e-10	-3.786804e-11	9.270543e-01	5.326106e+00
1.870000e-06	2.581507e-10	-2.473050e-12	1.319377e+00	9.067758e+00
1.880000e-06	3.349185e-10	3.262319e-11	1.711714e+00	1.280879e+01
1.890000e-06	4.116983e-10	6.664461e-11	2.104113e+00	1.654893e+01
1.900000e-06	4.884698e-10	1.004310e-10	2.496470e+00	2.028790e+01
1.910000e-06	5.652089e-10	1.339181e-10	2.888661e+00	2.402545e+01
1.920000e-06	6.419005e-10	1.683791e-10	3.280609e+00	2.776129e+01
1.930000e-06	7.185378e-10	2.019627e-10	3.672280e+00	3.149515e+01
1.940000e-06	7.951146e-10	2.359977e-10	4.063642e+00	3.522677e+01
1.950000e-06	8.716338e-10	2.734511e-10	4.454709e+00	3.895587e+01
1.960000e-06	9.480626e-10	3.130757e-10	4.845314e+00	4.268218e+01
1.970000e-06	1.024374e-09	3.475331e-10	5.235319e+00	4.640544e+01
1.980000e-06	1.100596e-09	3.728159e-10	5.624871e+00	5.012537e+01
1.990000e-06	1.176729e-09	3.947342e-10	6.013959e+00	5.384171e+01
2.000000e-06	1.252760e-09	4.240929e-10	6.402531e+00	5.755418e+01
2.010000e-06	1.328701e-09	4.656599e-10	6.790645e+00	6.126252e+01
2.020000e-06	1.404565e-09	5.116405e-10	7.178366e+00	6.496645e+01
2.030000e-06	1.480311e-09	5.514212e-10	7.565480e+00	6.866572e+01
2.040000e-06	1.555913e-09	5.830797e-10	7.951860e+00	7.236004e+01
2.050000e-06	1.631394e-09	6.109482e-10	8.337619e+00	7.604916e+01
2.060000e-06	1.706731e-09	6.387310e-10	8.722642e+00	7.973281e+01
2.070000e-06	1.781897e-09	6.663974e-10	9.106794e+00	8.341071e+01
2.080000e-06	1.856880e-09	6.920661e-10	9.490007e+00	8.708261e+01
2.090000e-06	1.931666e-09	7.206424e-10	9.872216e+00	9.074823e+01
2.100000e-06	2.006235e-09	7.584434e-10	1.025332e+01	9.440731e+01
2.110000e-06	2.080585e-09	8.020724e-10	1.063329e+01	9.805960e+01
2.120000e-06	2.154727e-09	8.429476e-10	1.101221e+01	1.017048e+02
2.130000e-06	2.228650e-09	8.761257e-10	1.139001e+01	1.053427e+02
2.140000e-06	2.302345e-09	9.032656e-10	1.176665e+01	1.089730e+02
2.150000e-06	2.375820e-09	9.292868e-10	1.214215e+01	1.125954e+02
2.160000e-06	2.449100e-09	9.568179e-10	1.251667e+01	1.162097e+02
2.170000e-06	2.522206e-09	9.832475e-10	1.289029e+01	1.198156e+02
2.180000e-06	2.595124e-09	1.011198e-09	1.326295e+01	1.234129e+02
2.190000e-06	2.667854e-09	1.046389e-09	1.363465e+01	1.270013e+02
2.200000e-06	2.740382e-09	1.088169e-09	1.400532e+01	1.305805e+02
2.210000e-06	2.812696e-09	1.131721e-09	1.437489e+01	1.341502e+02
2.220000e-06	2.884797e-09	1.168263e-09	1.474339e+01	1.377103e+02
2.230000e-06	2.956695e-09	1.195520e-09	1.511084e+01	1.412605e+02
2.240000e-06	3.028418e-09	1.218365e-09	1.547739e+01	1.448004e+02
2.250000e-06	3.099963e-09	1.243472e-09	1.584304e+01	1.483299e+02
2.260000e-06	3.171319e-09	1.273641e-09	1.620771e+01	1.518487e+02
2.270000e-06	3.242484e-09	1.307076e-09	1.657142e+01	1.553566e+02
2.280000e-06	3.313433e-09	1.342398e-09	1.693401e+01	1.588532e+02
2.290000e-06	3.384145e-09	1.378345e-09	1.729540e+01	1.623383e+02
2.300000e-06	3.454649e-09	1.414868e-09	1.765573e+01	1.658117e+02
2.310000e-06	3.524911e-09	1.449589e-09	1.801482e+01	1.692731e+02
2.320000e-06	3.594897e-09	1.481099e-09	1.837250e+01	1.727223e+02
2.330000e-06	3.664617e-09	1.510152e-09	1.872881e+01	1.761590e+02
2.340000e-06	3.734057e-09	1.538920e-09	1.908370e+01	1.795830e+02
2.350000e-06	3.803243e-09	1.570978e-09	1.943729e+01	1.829940e+02
2.360000e-06	3.872197e-09	1.603485e-09	1.978970e+01	1.863918e+02
2.370000e-06	3.940922e-09	1.632806e-09	2.014093e+01	1.897762e+02
2.380000e-06	4.009408e-09	1.659737e-09	2.049094e+01	1.931468e+02
2.390000e-06	4.077653e-09	1.687389e-09	2.083972e+01	1.965034e+02
2.400000e-06	4.145638e-09	1.720473e-09	2.118717e+01	1.998459e+02
2.410000e-06	4.213342e-09	1.757582e-09	2.153319e+01	2.031739e+02
2.420000e-06	4.280742e-09	1.794168e-09	2.187765e+01	2.064872e+02
2.430000e-06	4.347835e-09	1.826398e-09	2.222054e+01	2.097856e+02
2.440000e-06	4.414586e-09	1.855686e-09	2.256168e+01	2.130689e+02
2.450000e-06	4.480917e-09	1.884663e-09	2.290068e+01	2.163367e+02
2.460000e-06	4.546804e-09	1.913303e-09	2.323741e+01	2.195889e+02
2.470000e-06	4.612270e-09	1.940694e-09	2.357199e+01	2.228252e+02
2.480000e-06	4.677343e-09	1.966568e-09	2.390456e+01	2.260454e+02
2.490000e-06	4.742068e-09	1.994098e-09	2.423534e+01	2.292493e+02
2.500000e-06	4.806467e-09	2.026178e-09	2.456447e+01	2.324366e+02
2.510000e-06	4.870546e-09	2.061008e-09	2.489196e+01	2.356071e+02
2.520000e-06	4.934344e-09	2.092588e-09	2.521801e+01	2.387606e+02
2.530000e-06	4.997857e-09	2.118966e-09	2.554261e+01	2.418968e+02
2.540000e-06	5.061067e-09	2.144510e-09	2.586566e+01	2.450155e+02
2.550000e-06	5.123972e-09	2.171807e-09	2.618714e+01	2.481165e+02
2.560000e-06	5.186542e-09	2.198822e-09	2.650692e+01	2.511995e+02
2.570000e-06	5.248754e-09	2.222588e-09	2.682487e+01	2.542644e+02
2.580000e-06	5.310612e-09	2.244729e-09	2.714101e+01	2.573109e+02
2.590000e-06	5.372123e-09	2.271551e-09	2.745537e+01	2.603388e+02
2.600000e-06	5.433298e-09	2.304519e-09	2.776802e+01	2.633479e+02
2.610000e-06	5.494154e-09	2.338676e-09	2.807903e+01	2.663379e+02
2.620000e-06	5.554690e-09	2.367550e-09	2.838841e+01	2.693087e+02
2.630000e-06	5.614893e-09	2.391487e-09	2.869610e+01	2.722600e+02
2.640000e-06	5.674731e-09	2.416362e-09	2.900191e+01	2.751916e+02
2.650000e-06	5.734154e-09	2.443363e-09	2.930560e+01	2.781033e+02
2.660000e-06	5.793058e-09	2.467278e-09	2.960664e+01	2.809949e+02
2.670000e-06	5.851364e-09	2.484169e-09	2.990463e+01	2.838661e+02
2.680000e-06	5.909074e-09	2.500921e-09	3.019957e+01	2.867169e+02
2.690000e-06	5.966244e-09	2.526640e-09	3.049174e+01	2.895469e+02
2.700000e-06	6.022950e-09	2.559414e-09	3.078155e+01	2.923559e+02
2.710000e-06	6.079269e-09	2.589481e-09	3.106938e+01	2.951438e+02
2.720000e-06	6.135247e-09	2.612568e-09	3.135547e+01	2.979104e+02
2.730000e-06	6.190885e-09	2.633687e-09	3.163982e+01	3.006554e+02
2.740000e-06	6.246157e-09	2.657476e-09	3.192230e+01	3.033786e+02
2.750000e-06	6.301005e-09	2.683395e-09	3.220261e+01	3.060800e+02
2.760000e-06	6.355399e-09	2.704517e-09	3.248060e+01	3.087591e+02
2.770000e-06	6.409356e-09	2.719187e-09	3.275636e+01	3.114160e+02
2.780000e-06	6.462860e-09	2.734547e-09	3.302980e+01	3.140503e+02
2.790000e-06	6.515868e-09	2.757282e-09	3.330071e+01	3.166619e+02
2.800000e-06	6.568368e-09	2.786206e-09	3.356902e+01	3.192506e+02
2.810000e-06	6.620330e-09	2.814209e-09	3.383459e+01	3.218162e+02
2.820000e-06	6.671678e-09	2.838298e-09	3.409700e+01	3.243585e+02
2.830000e-06	6.722341e-09	2.861242e-09	3.435593e+01	3.268773e+02
2.840000e-06	6.772310e-09	2.884989e-09	3.461131e+01	3.293725e+02
2.850000e-06	6.821613e-09	2.906714e-09	3.486327e+01	3.318439e+02
2.860000e-06	6.870351e-09	2.922744e-09	3.511236e+01	3.342913e+02
2.870000e-06	6.918638e-09	2.936064e-09	3.535914e+01	3.367145e+02
2.880000e-06	6.966501e-09	2.954236e-09	3.560376e+01	3.391133e+02
2.890000e-06	7.013918e-09	2.979346e-09	3.584609e+01	3.414876e+02
2.900000e-06	7.060851e-09	3.007238e-09	3.608595e+01	3.438372e+02
2.910000e-06	7.107275e-09	3.032612e-09	3.632321e+01	3.461619e+02
2.920000e-06	7.153172e-09	3.054206e-09	3.655778e+01	3.484615e+02
2.930000e-06	7.198539e-09	3.075705e-09	3.678963e+01	3.507360e+02
2.940000e-06	7.243427e-09	3.099006e-09	3.701904e+01	3.529851e+02
2.950000e-06	7.287933e-09	3.118999e-09	3.724650e+01	3.552086e+02
2.960000e-06	7.332098e-09	3.132490e-09	3.747222e+01	3.574065e+02
2.970000e-06	7.375872e-09	3.143911e-09	3.769593e+01	3.595784e+02
2.980000e-06	7.419108e-09	3.158884e-09	3.791690e+01	3.617244e+02
2.990000e-06	7.461629e-09	3.179320e-09	3.813421e+01	3.638442e+02
3.000000e-06	7.503354e-09	3.203282e-09	3.834745e+01	3.659377e+02
3.010000e-06	7.544364e-09	3.226640e-09	3.855704e+01	3.680047e+02
3.020000e-06	7.584831e-09	3.246731e-09	3.876386e+01	3.700450e+02
3.030000e-06	7.624884e-09	3.265302e-09	3.896856e+01	3.720586e+02
3.040000e-06	7.664513e-09	3.284081e-09	3.917109e+01	3.740453e+02
3.050000e-06	7.703631e-09	3.302657e-09	3.937101e+01	3.760049e+02
3.060000e-06	7.742172e-09	3.319354e-09	3.956798e+01	3.779373e+02
3.070000e-06	7.780141e-09	3.334349e-09	3.976202e+01	3.798423e+02
3.080000e-06	7.817557e-09	3.350215e-09	3.995325e+01	3.817199e+02
3.090000e-06	7.854471e-09	3.366232e-09	4.014191e+01	3.835698e+02
3.100000e-06	7.890970e-09	3.381714e-09	4.032844e+01	3.853920e+02
3.110000e-06	7.927100e-09	3.397303e-09	4.051309e+01	3.871863e+02
3.120000e-06	7.962786e-09	3.412562e-09	4.069547e+01	3.889526e+02
3.130000e-06	7.997833e-09	3.430356e-09	4.087459e+01	3.906908e+02
3.140000e-06	8.032070e-09	3.450410e-09	4.104956e+01	3.924006e+02
3.150000e-06	8.065477e-09	3.467704e-09	4.122029e+01	3.940821e+02
3.160000e-06	8.098209e-09	3.479309e-09	4.138757e+01	3.957351e+02
3.170000e-06	8.130455e-09	3.487530e-09	4.155238e+01	3.973594e+02
3.180000e-06	8.162246e-09	3.496487e-09	4.171485e+01	3.989550e+02
3.190000e-06	8.193498e-09	3.508356e-09	4.187457e+01	4.005217e+02
3.200000e-06	8.224167e-09	3.523460e-09	4.203131e+01	4.020594e+02
3.210000e-06	8.254259e-09	3.539730e-09	4.218510e+01	4.035680e+02
3.220000e-06	8.283773e-09	3.555857e-09	4.233593e+01	4.050474e+02
3.230000e-06	8.312728e-09	3.572349e-09	4.248392e+01	4.064976e+02
3.240000e-06	8.341245e-09	3.588371e-09	4.262966e+01	4.079183e+02
3.250000e-06	8.369408e-09	3.599710e-09	4.277359e+01	4.093094e+02
3.260000e-06	8.397106e-09	3.604553e-09	4.291515e+01	4.106710e+02
3.270000e-06	8.424096e-09	3.607016e-09	4.305309e+01	4.120028e+02
3.280000e-06	8.450211e-09	3.612664e-09	4.318655e+01	4.133048e+02
3.290000e-06	8.475454e-09	3.623167e-09	4.331556e+01	4.145770e+02
3.300000e-06	8.500018e-09	3.635713e-09	4.344110e+01	4.158191e+02
3.310000e-06	8.524055e-09	3.648327e-09	4.356395e+01	4.170311e+02
3.320000e-06	8.547526e-09	3.661116e-09	4.368390e+01	4.182129e+02
3.330000e-06	8.570395e-09	3.672949e-09	4.380078e+01	4.193645e+02
3.340000e-06	8.592683e-09	3.683621e-09	4.391468e+01	4.204858e+02
3.350000e-06	8.614388e-09	3.691895e-09	4.402561e+01	4.215766e+02
3.360000e-06	8.635506e-09	3.696682e-09	4.413354e+01	4.226368e+02
3.370000e-06	8.656127e-09	3.700020e-09	4.423893e+01	4.236666e+02
3.380000e-06	8.676352e-09	3.704395e-09	4.434229e+01	4.246656e+02
3.390000e-06	8.696113e-09	3.710811e-09	4.444328e+01	4.256339e+02
3.400000e-06	8.715270e-09	3.718421e-09	4.454119e+01	4.265714e+02
3.410000e-06	8.733769e-09	3.725380e-09	4.463573e+01	4.274781e+02
3.420000e-06	8.751654e-09	3.732455e-09	4.472713e+01	4.283538e+02
3.430000e-06	8.769013e-09	3.741560e-09	4.481585e+01	4.291985e+02
3.440000e-06	8.785813e-09	3.751348e-09	4.490171e+01	4.300121e+02
3.450000e-06	8.801845e-09	3.757931e-09	4.498365e+01	4.307947e+02
3.460000e-06	8.817018e-09	3.758663e-09	4.506119e+01	4.315460e+02
3.470000e-06	8.831457e-09	3.756013e-09	4.513498e+01	4.322661e+02
3.480000e-06	8.845228e-09	3.754880e-09	4.520536e+01	4.329550e+02
3.490000e-06	8.858333e-09	3.757535e-09	4.527234e+01	4.336125e+02
3.500000e-06	8.870837e-09	3.763421e-09	4.533624e+01	4.342386e+02
3.510000e-06	8.882734e-09	3.770126e-09	4.539704e+01	4.348333e+02
3.520000e-06	8.893846e-09	3.776446e-09	4.545383e+01	4.353966e+02
3.530000e-06	8.903984e-09	3.783644e-09	4.550565e+01	4.359283e+02
3.540000e-06	8.913216e-09	3.790213e-09	4.555283e+01	4.364284e+02
3.550000e-06	8.921813e-09	3.792199e-09	4.559676e+01	4.368970e+02
3.560000e-06	8.929934e-09	3.789349e-09	4.563827e+01	4.373340e+02
3.570000e-06	8.937524e-09	3.785642e-09	4.567706e+01	4.377393e+02
3.580000e-06	8.944490e-09	3.784825e-09	4.571266e+01	4.381130e+02
3.590000e-06	8.950804e-09	3.787044e-09	4.574493e+01	4.384549e+02
3.600000e-06	8.956470e-09	3.789486e-09	4.577388e+01	4.387651e+02
3.610000e-06	8.961516e-09	3.791057e-09	4.579967e+01	4.390436e+02
3.620000e-06	8.966050e-09	3.793747e-09	4.582284e+01	4.392902e+02
3.630000e-06	8.970156e-09	3.798264e-09	4.584382e+01	4.395051e+02
3.640000e-06	8.973702e-09	3.801479e-09	4.586195e+01	4.396882e+02
3.650000e-06	8.976426e-09	3.800235e-09	4.587587e+01	4.398395e+02
3.660000e-06	8.978222e-09	3.796050e-09	4.588505e+01	4.399589e+02
3.670000e-06	8.979218e-09	3.791440e-09	4.589014e+01	4.400465e+02
3.680000e-06	8.979659e-09	3.789286e-09	4.589239e+01	4.401022e+02
3.690000e-06	8.979656e-09	3.790091e-09	4.589237e+01	4.401261e+02
3.700000e-06	8.979093e-09	3.791500e-09	4.588950e+01	4.401181e+02
3.710000e-06	8.977891e-09	3.793912e-09	4.588335e+01	4.400783e+02
3.720000e-06	8.976110e-09	3.797925e-09	4.587425e+01	4.400067e+02
3.730000e-06	8.973750e-09	3.799828e-09	4.586219e+01	4.399031e+02
3.740000e-06	8.970795e-09	3.796365e-09	4.584709e+01	4.397678e+02
3.750000e-06	8.967384e-09	3.785277e-09	4.582965e+01	4.396006e+02
3.760000e-06	8.963634e-09	3.767811e-09	4.581049e+01	4.394016e+02
3.770000e-06	8.959434e-09	3.780622e-09	4.578903e+01	4.391709e+02
3.780000e-06	8.954341e-09	3.822415e-09	4.576300e+01	4.389083e+02
3.790000e-06	8.947865e-09	3.815318e-09	4.572990e+01	4.386140e+02
3.800000e-06	8.940058e-09	3.749417e-09	4.569000e+01	4.382879e+02
3.810000e-06	8.931653e-09	3.738492e-09	4.564704e+01	4.379301e+02
3.820000e-06	8.923333e-09	3.774823e-09	4.560452e+01	4.375406e+02
3.830000e-06	8.914867e-09	3.775520e-09	4.556125e+01	4.371195e+02
3.840000e-06	8.905511e-09	3.702293e-09	4.551344e+01	4.366667e+02
3.850000e-06	8.895233e-09	3.711266e-09	4.546091e+01	4.361823e+02
3.860000e-06	8.884650e-09	3.795046e-09	4.540682e+01	4.356663e+02
3.870000e-06	8.873666e-09	3.744346e-09	4.535069e+01	4.351188e+02
3.880000e-06	8.861561e-09	3.640403e-09	4.528882e+01	4.345399e+02
3.890000e-06	8.848437e-09	3.692391e-09	4.522175e+01	4.339295e+02
3.900000e-06	8.834876e-09	3.798348e-09	4.515244e+01	4.332876e+02
3.910000e-06	8.820710e-09	3.725890e-09	4.508004e+01	4.326145e+02
3.920000e-06	8.805621e-09	3.681960e-09	4.500293e+01	4.319100e+02
3.930000e-06	8.789869e-09	3.775816e-09	4.492242e+01	4.311742e+02
3.940000e-06	8.773621e-09	3.807322e-09	4.483938e+01	4.304073e+02
3.950000e-06	8.756613e-09	3.709363e-09	4.475246e+01	4.296092e+02
3.960000e-06	8.738830e-09	3.705958e-09	4.466158e+01	4.287800e+02
3.970000e-06	8.720645e-09	3.750553e-09	4.456864e+01	4.279198e+02
3.980000e-06	8.702070e-09	3.690906e-09	4.447370e+01	4.270286e+02
3.990000e-06	8.682883e-09	3.666600e-09	4.437565e+01	4.261065e+02
4.000000e-06	8.663219e-09	3.759373e-09	4.427515e+01	4.251536e+02
4.010000e-06	8.643097e-09	3.765531e-09	4.417231e+01	4.241699e+02
4.020000e-06	8.622090e-09	3.698419e-09	4.406495e+01	4.231555e+02
4.030000e-06	8.600051e-09	3.732825e-09	4.395231e+01	4.221105e+02
4.040000e-06	8.577292e-09	3.774170e-09	4.383600e+01	4.210349e+02
4.050000e-06	8.553980e-09	3.718269e-09	4.371686e+01	4.199289e+02
4.060000e-06	8.530140e-09	3.701923e-09	4.359502e+01	4.187925e+02
4.070000e-06	8.505849e-09	3.726463e-09	4.347087e+01	4.176258e+02
4.080000e-06	8.480994e-09	3.677067e-09	4.334385e+01	4.164288e+02
4.090000e-06	8.455398e-09	3.659677e-09	4.321304e+01	4.152017e+02
4.100000e-06	8.429122e-09	3.673167e-09	4.307874e+01	4.139446e+02
4.110000e-06	8.402241e-09	3.630274e-09	4.294136e+01	4.126575e+02
4.120000e-06	8.374853e-09	3.590752e-09	4.280139e+01	4.113406e+02
4.130000e-06	8.347116e-09	3.613240e-09	4.265963e+01	4.099939e+02
4.140000e-06	8.318920e-09	3.610103e-09	4.251553e+01	4.086175e+02
4.150000e-06	8.289946e-09	3.599949e-09	4.236745e+01	4.072115e+02
4.160000e-06	8.260074e-09	3.587616e-09	4.221479e+01	4.057761e+02
4.170000e-06	8.229424e-09	3.542579e-09	4.205814e+01	4.043113e+02
4.180000e-06	8.198140e-09	3.507339e-09	4.189826e+01	4.028173e+02
4.190000e-06	8.166359e-09	3.516434e-09	4.173584e+01	4.012941e+02
4.200000e-06	8.134094e-09	3.506494e-09	4.157094e+01	3.997419e+02
4.210000e-06	8.101259e-09	3.493580e-09	4.140313e+01	3.981607e+02
4.220000e-06	8.067843e-09	3.479217e-09	4.123235e+01	3.965508e+02
4.230000e-06	8.033892e-09	3.450145e-09	4.105883e+01	3.949121e+02
4.240000e-06	7.999374e-09	3.439306e-09	4.088242e+01	3.932449e+02
4.250000e-06	7.964300e-09	3.440607e-09	4.070317e+01	3.915492e+02
4.260000e-06	7.928786e-09	3.407235e-09	4.052167e+01	3.898252e+02
4.270000e-06	7.892897e-09	3.374528e-09	4.033825e+01	3.880729e+02
4.280000e-06	7.856539e-09	3.368180e-09	4.015244e+01	3.862926e+02
4.290000e-06	7.819470e-09	3.357587e-09	3.996299e+01	3.844844e+02
4.300000e-06	7.781502e-09	3.343848e-09	3.976894e+01	3.826483e+02
4.310000e-06	7.742734e-09	3.324097e-09	3.957081e+01	3.807845e+02
4.320000e-06	7.703411e-09	3.290348e-09	3.936984e+01	3.788932e+02
4.330000e-06	7.663655e-09	3.271184e-09	3.916666e+01	3.769744e+02
4.340000e-06	7.623457e-09	3.272294e-09	3.896122e+01	3.750284e+02
4.350000e-06	7.582746e-09	3.263861e-09	3.875316e+01	3.730553e+02
4.360000e-06	7.541482e-09	3.241052e-09	3.854227e+01	3.710551e+02
4.370000e-06	7.499698e-09	3.207926e-09	3.832872e+01	3.690281e+02
4.380000e-06	7.457407e-09	3.180848e-09	3.811259e+01	3.669744e+02
4.390000e-06	7.414606e-09	3.166379e-09	3.789384e+01	3.648942e+02
4.400000e-06	7.371338e-09	3.153522e-09	3.767271e+01	3.627876e+02
4.410000e-06	7.327679e-09	3.127620e-09	3.744958e+01	3.606547e+02
4.420000e-06	7.283673e-09	3.103539e-09	3.722468e+01	3.584957e+02
4.430000e-06	7.239276e-09	3.085534e-09	3.699778e+01	3.563107e+02
4.440000e-06	7.194338e-09	3.075127e-09	3.676811e+01	3.541000e+02
4.450000e-06	7.148805e-09	3.060162e-09	3.653541e+01	3.518637e+02
4.460000e-06	7.102768e-09	3.035339e-09	3.630013e+01	3.496019e+02
4.470000e-06	7.056292e-09	3.005414e-09	3.606260e+01	3.473148e+02
4.480000e-06	7.009366e-09	2.983793e-09	3.582278e+01	3.450026e+02
4.490000e-06	6.961920e-09	2.969161e-09	3.558030e+01	3.426655e+02
4.500000e-06	6.913843e-09	2.952009e-09	3.533459e+01	3.403035e+02
4.510000e-06	6.865091e-09	2.922967e-09	3.508543e+01	3.379169e+02
4.520000e-06	6.815773e-09	2.892757e-09	3.483338e+01	3.355059e+02
4.530000e-06	6.765966e-09	2.869990e-09	3.457883e+01	3.330706e+02
4.540000e-06	6.715648e-09	2.855074e-09	3.432167e+01	3.306112e+02
4.550000e-06	6.664804e-09	2.836270e-09	3.406182e+01	3.281279e+02
4.560000e-06	6.613466e-09	2.808479e-09	3.379945e+01	3.256209e+02
4.570000e-06	6.561669e-09	2.776898e-09	3.353473e+01	3.230903e+02
4.580000e-06	6.509369e-09	2.750474e-09	3.326744e+01	3.205363e+02
4.590000e-06	6.456442e-09	2.727424e-09	3.299694e+01	3.179591e+02
4.600000e-06	6.402762e-09	2.701973e-09	3.272260e+01	3.153590e+02
4.610000e-06	6.348357e-09	2.672133e-09	3.244455e+01	3.127360e+02
4.620000e-06	6.293374e-09	2.643170e-09	3.216355e+01	3.100904e+02
4.630000e-06	6.237967e-09	2.622296e-09	3.188038e+01	3.074224e+02
4.640000e-06	6.182208e-09	2.606815e-09	3.159541e+01	3.047321e+02
4.650000e-06	6.126084e-09	2.587978e-09	3.130858e+01	3.020198e+02
4.660000e-06	6.069550e-09	2.559018e-09	3.101965e+01	2.992856e+02
4.670000e-06	6.012587e-09	2.526107e-09	3.072853e+01	2.965298e+02
4.680000e-06	5.955219e-09	2.494325e-09	3.043534e+01	2.937526e+02
4.690000e-06	5.897447e-09	2.466468e-09	3.014008e+01	2.909541e+02
4.700000e-06	5.839278e-09	2.437336e-09	2.984280e+01	2.881345e+02
4.710000e-06	5.780725e-09	2.406731e-09	2.954355e+01	2.852942e+02
4.720000e-06	5.721811e-09	2.378887e-09	2.924246e+01	2.824331e+02
4.730000e-06	5.662544e-09	2.358422e-09	2.893956e+01	2.795517e+02
4.740000e-06	5.602926e-09	2.338804e-09	2.863487e+01	2.766500e+02
4.750000e-06	5.542969e-09	2.313113e-09	2.832845e+01	2.737284e+02
4.760000e-06	5.482652e-09	2.280917e-09	2.802018e+01	2.707869e+02
4.770000e-06	5.421883e-09	2.249856e-09	2.770961e+01	2.678258e+02
4.780000e-06	5.360593e-09	2.222952e-09	2.739638e+01	2.648454e+02
4.790000e-06	5.298754e-09	2.198375e-09	2.708034e+01	2.618459e+02
4.800000e-06	5.236374e-09	2.168391e-09	2.676153e+01	2.588274e+02
4.810000e-06	5.173548e-09	2.133826e-09	2.644045e+01	2.557901e+02
4.820000e-06	5.110349e-09	2.100959e-09	2.611746e+01	2.527344e+02
4.830000e-06	5.046828e-09	2.076451e-09	2.579282e+01	2.496604e+02
4.840000e-06	4.983009e-09	2.056790e-09	2.546666e+01	2.465684e+02
4.850000e-06	4.918905e-09	2.035814e-09	2.513904e+01	2.434585e+02
4.860000e-06	4.854536e-09	2.008981e-09	2.481007e+01	2.403310e+02
4.870000e-06	4.789860e-09	1.977946e-09	2.447953e+01	2.371862e+02
4.880000e-06	4.724835e-09	1.946254e-09	2.414720e+01	2.340242e+02
4.890000e-06	4.659417e-09	1.914288e-09	2.381287e+01	2.308453e+02
4.900000e-06	4.593612e-09	1.883115e-09	2.347656e+01	2.276496e+02
4.910000e-06	4.527480e-09	1.852354e-09	2.313858e+01	2.244376e+02
4.920000e-06	4.461041e-09	1.825371e-09	2.279903e+01	2.212093e+02
4.930000e-06	4.394327e-09	1.800976e-09	2.245807e+01	2.179650e+02
4.940000e-06	4.327358e-09	1.775849e-09	2.211581e+01	2.147050e+02
4.950000e-06	4.260144e-09	1.745876e-09	2.177230e+01	2.114294e+02
4.960000e-06	4.192705e-09	1.713363e-09	2.142764e+01	2.081386e+02
4.970000e-06	4.125032e-09	1.684301e-09	2.108179e+01	2.048327e+02
4.980000e-06	4.057114e-09	1.657468e-09	2.073468e+01	2.015120e+02
4.990000e-06	3.988950e-09	1.628564e-09	2.038631e+01	1.981767e+02
5.000000e-06	3.920495e-09	1.594297e-09	2.003645e+01	1.948272e+02
5.010000e-06	3.851719e-09	1.555566e-09	1.968497e+01	1.914635e+02
5.020000e-06	3.782585e-09	1.520143e-09	1.933164e+01	1.880860e+02
5.030000e-06	3.713034e-09	1.491023e-09	1.897619e+01	1.846949e+02
5.040000e-06	3.643073e-09	1.465831e-09	1.861864e+01	1.812905e+02
5.050000e-06	3.572749e-09	1.439570e-09	1.825923e+01	1.778730e+02
5.060000e-06	3.502078e-09	1.410468e-09	1.789805e+01	1.744426e+02
5.070000e-06	3.431098e-09	1.380433e-09	1.753530e+01	1.709996e+02
5.080000e-06	3.359884e-09	1.349355e-09	1.717134e+01	1.675443e+02
5.090000e-06	3.288485e-09	1.314197e-09	1.680644e+01	1.640768e+02
5.100000e-06	3.216924e-09	1.275458e-09	1.644071e+01	1.605976e+02
5.110000e-06	3.145203e-09	1.237570e-09	1.607417e+01	1.571067e+02
5.120000e-06	3.073308e-09	1.207093e-09	1.570673e+01	1.536044e+02
5.130000e-06	3.001229e-09	1.184535e-09	1.533836e+01	1.500911e+02
5.140000e-06	2.928984e-09	1.162451e-09	1.496913e+01	1.465669e+02
5.150000e-06	2.856579e-09	1.135113e-09	1.459909e+01	1.430322e+02
5.160000e-06	2.784010e-09	1.102628e-09	1.422821e+01	1.394871e+02
5.170000e-06	2.711256e-09	1.067636e-09	1.385639e+01	1.359320e+02
5.180000e-06	2.638293e-09	1.033650e-09	1.348350e+01	1.323670e+02
5.190000e-06	2.565126e-09	9.997971e-10	1.310956e+01	1.287925e+02
5.200000e-06	2.491757e-09	9.651149e-10	1.273459e+01	1.252087e+02
5.210000e-06	2.418205e-09	9.326296e-10	1.235869e+01	1.216159e+02
5.220000e-06	2.344502e-09	9.032363e-10	1.198202e+01	1.180142e+02
5.230000e-06	2.270664e-09	8.769729e-10	1.160465e+01	1.144041e+02
5.240000e-06	2.196693e-09	8.504370e-10	1.122661e+01	1.107857e+02
5.250000e-06	2.122582e-09	8.206134e-10	1.084785e+01	1.071594e+02
5.260000e-06	2.048347e-09	7.866444e-10	1.046846e+01	1.035253e+02
5.270000e-06	1.973985e-09	7.530600e-10	1.008841e+01	9.988369e+01
5.280000e-06	1.899486e-09	7.206219e-10	9.707671e+00	9.623492e+01
5.290000e-06	1.824868e-09	6.880085e-10	9.326323e+00	9.257922e+01
5.300000e-06	1.750114e-09	6.541738e-10	8.944273e+00	8.891685e+01
5.310000e-06	1.675239e-09	6.179552e-10	8.561611e+00	8.524807e+01
5.320000e-06	1.600260e-09	5.847351e-10	8.178416e+00	8.157315e+01
5.330000e-06	1.525135e-09	5.543085e-10	7.794474e+00	7.789236e+01
5.340000e-06	1.449865e-09	5.264406e-10	7.409790e+00	7.420595e+01
5.350000e-06	1.374493e-09	4.988244e-10	7.024588e+00	7.051421e+01
5.360000e-06	1.299028e-09	4.678841e-10	6.638905e+00	6.681740e+01
5.370000e-06	1.223468e-09	4.338772e-10	6.252740e+00	6.311578e+01
5.380000e-06	1.147833e-09	3.993586e-10	5.866191e+00	5.940963e+01
5.390000e-06	1.072118e-09	3.647763e-10	5.479234e+00	5.569920e+01
5.400000e-06	9.963095e-10	3.304918e-10	5.091800e+00	5.198478e+01
5.410000e-06	9.204155e-10	2.964121e-10	4.703928e+00	4.826663e+01
5.420000e-06	8.444425e-10	2.620301e-10	4.315653e+00	4.454502e+01
5.430000e-06	7.683929e-10	2.295541e-10	3.926986e+00	4.082021e+01
5.440000e-06	6.922708e-10	2.006136e-10	3.537948e+00	3.709249e+01
5.450000e-06	6.160921e-10	1.721576e-10	3.148621e+00	3.336211e+01
5.460000e-06	5.398470e-10	1.414963e-10	2.758955e+00	2.962935e+01
5.470000e-06	4.635140e-10	1.090234e-10	2.368840e+00	2.589449e+01
5.480000e-06	3.871358e-10	7.649587e-11	1.978494e+00	2.215778e+01
5.490000e-06	3.107566e-10	4.398962e-11	1.588143e+00	1.841950e+01
5.500000e-06	2.343738e-10	9.690477e-12	1.197773e+00	1.467993e+01
5.510000e-06	1.580149e-10	-2.400906e-11	8.075252e-01	1.093933e+01
5.520000e-06	8.166951e-11	-5.571094e-11	4.173469e-01	7.197967e+00
5.530000e-06	5.304578e-12	-8.426705e-11	2.706855e-02	3.456124e+00
5.540000e-06	-7.104097e-11	-1.106278e-10	-3.631107e-01	-2.859331e-01
5.550000e-06	-1.473498e-10	-1.392350e-10	-7.531025e-01	-4.027933e+00
5.560000e-06	-2.236551e-10	-1.708214e-10	-1.143076e+00	-7.769605e+00
5.570000e-06	-2.999640e-10	-2.032334e-10	-1.533068e+00	-1.151068e+01
5.580000e-06	-3.762616e-10	-2.339817e-10	-1.923003e+00	-1.525088e+01
5.590000e-06	-4.525348e-10	-2.628030e-10	-2.312812e+00	-1.898994e+01
5.600000e-06	-5.287662e-10	-2.924343e-10	-2.702408e+00	-2.272759e+01
5.610000e-06	-6.049587e-10	-3.243563e-10	-3.091805e+00	-2.646356e+01
5.620000e-06	-6.810867e-10	-3.573011e-10	-3.480873e+00	-3.019757e+01
5.630000e-06	-7.571390e-10	-3.889708e-10	-3.869554e+00	-3.392936e+01
5.640000e-06	-8.330922e-10	-4.189117e-10	-4.257728e+00	-3.765865e+01
5.650000e-06	-9.089178e-10	-4.472015e-10	-4.645250e+00	-4.138518e+01
5.660000e-06	-9.846450e-10	-4.736185e-10	-5.032270e+00	-4.510867e+01
5.670000e-06	-1.060282e-09	-4.978539e-10	-5.418830e+00	-4.882886e+01
5.680000e-06	-1.135825e-09	-5.235391e-10	-5.804905e+00	-5.254547e+01
5.690000e-06	-1.211274e-09	-5.546869e-10	-6.190504e+00	-5.625824e+01
5.700000e-06	-1.286625e-09	-5.904010e-10	-6.575600e+00	-5.996690e+01
5.710000e-06	-1.361889e-09	-6.279391e-10	-6.960250e+00	-6.367118e+01
5.720000e-06	-1.437069e-09	-6.643312e-10	-7.344478e+00	-6.737081e+01
5.730000e-06	-1.512147e-09	-6.946880e-10	-7.728176e+00	-7.106552e+01
5.740000e-06	-1.587104e-09	-7.184477e-10	-8.111258e+00	-7.475504e+01
5.750000e-06	-1.661951e-09	-7.394214e-10	-8.493781e+00	-7.843912e+01
5.760000e-06	-1.736686e-09	-7.634289e-10	-8.875728e+00	-8.211747e+01
5.770000e-06	-1.811286e-09	-7.930065e-10	-9.256987e+00	-8.578983e+01
5.780000e-06	-1.885754e-09	-8.270897e-10	-9.637571e+00	-8.945595e+01
5.790000e-06	-1.960085e-09	-8.635571e-10	-1.001746e+01	-9.311555e+01
5.800000e-06	-2.034279e-09	-8.997535e-10	-1.039664e+01	-9.676836e+01
5.810000e-06	-2.108319e-09	-9.330308e-10	-1.077504e+01	-1.004141e+02
5.820000e-06	-2.182188e-09	-9.627797e-10	-1.115256e+01	-1.040526e+02
5.830000e-06	-2.255909e-09	-9.901053e-10	-1.152932e+01	-1.076835e+02
5.840000e-06	-2.329485e-09	-1.016136e-09	-1.190535e+01	-1.113065e+02
5.850000e-06	-2.402897e-09	-1.042705e-09	-1.228054e+01	-1.149214e+02
5.860000e-06	-2.476153e-09	-1.072020e-09	-1.265493e+01	-1.185280e+02
5.870000e-06	-2.549230e-09	-1.103846e-09	-1.302840e+01	-1.221260e+02
5.880000e-06	-2.622123e-09	-1.136118e-09	-1.340094e+01	-1.257150e+02
5.890000e-06	-2.694856e-09	-1.167414e-09	-1.377265e+01	-1.292950e+02
5.900000e-06	-2.767431e-09	-1.197659e-09	-1.414357e+01	-1.328655e+02
5.910000e-06	-2.839830e-09	-1.226727e-09	-1.451357e+01	-1.364263e+02
5.920000e-06	-2.912039e-09	-1.254242e-09	-1.488261e+01	-1.399773e+02
5.930000e-06	-2.984074e-09	-1.281071e-09	-1.525076e+01	-1.435180e+02
5.940000e-06	-3.055933e-09	-1.308198e-09	-1.561801e+01	-1.470484e+02
5.950000e-06	-3.127612e-09	-1.337092e-09	-1.598434e+01	-1.505680e+02
5.960000e-06	-3.199107e-09	-1.368926e-09	-1.634973e+01	-1.540767e+02
5.970000e-06	-3.270392e-09	-1.401393e-09	-1.671405e+01	-1.575742e+02
5.980000e-06	-3.341465e-09	-1.431520e-09	-1.707728e+01	-1.610602e+02
5.990000e-06	-3.412315e-09	-1.459806e-09	-1.743938e+01	-1.645345e+02
6.000000e-06	-3.482904e-09	-1.487457e-09	-1.780014e+01	-1.679969e+02
6.010000e-06	-3.553197e-09	-1.516677e-09	-1.815938e+01	-1.714471e+02
6.020000e-06	-3.623145e-09	-1.547507e-09	-1.851687e+01	-1.748848e+02
6.030000e-06	-3.692726e-09	-1.578139e-09	-1.887247e+01	-1.783098e+02
6.040000e-06	-3.761933e-09	-1.607927e-09	-1.922617e+01	-1.817218e+02
6.050000e-06	-3.830779e-09	-1.635947e-09	-1.957802e+01	-1.851206e+02
6.060000e-06	-3.899291e-09	-1.661840e-09	-1.992817e+01	-1.885060e+02
6.070000e-06	-3.967477e-09	-1.686929e-09	-2.027664e+01	-1.918777e+02
6.080000e-06	-4.035379e-09	-1.712719e-09	-2.062367e+01	-1.952355e+02
6.090000e-06	-4.103029e-09	-1.740262e-09	-2.096941e+01	-1.985791e+02
6.100000e-06	-4.170447e-09	-1.769356e-09	-2.131396e+01	-2.019082e+02
6.110000e-06	-4.237622e-09	-1.799672e-09	-2.165728e+01	-2.052227e+02
6.120000e-06	-4.304552e-09	-1.829709e-09	-2.199933e+01	-2.085223e+02
6.130000e-06	-4.371241e-09	-1.858205e-09	-2.234017e+01	-2.118067e+02
6.140000e-06	-4.437666e-09	-1.884856e-09	-2.267964e+01	-2.150758e+02
6.150000e-06	-4.503811e-09	-1.910516e-09	-2.301769e+01	-2.183292e+02
6.160000e-06	-4.569647e-09	-1.934687e-09	-2.335416e+01	-2.215668e+02
6.170000e-06	-4.635143e-09	-1.958148e-09	-2.368889e+01	-2.247883e+02
6.180000e-06	-4.700280e-09	-1.982473e-09	-2.402178e+01	-2.279934e+02
6.190000e-06	-4.765069e-09	-2.008298e-09	-2.435290e+01	-2.311820e+02
6.200000e-06	-4.829539e-09	-2.035215e-09	-2.468239e+01	-2.343539e+02
6.210000e-06	-4.893708e-09	-2.063234e-09	-2.501034e+01	-2.375087e+02
6.220000e-06	-4.957586e-09	-2.091621e-09	-2.533680e+01	-2.406462e+02
6.230000e-06	-5.021177e-09	-2.117773e-09	-2.566180e+01	-2.437663e+02
6.240000e-06	-5.084490e-09	-2.140970e-09	-2.598537e+01	-2.468687e+02
6.250000e-06	-5.147478e-09	-2.161545e-09	-2.630728e+01	-2.499532e+02
6.260000e-06	-5.210063e-09	-2.181335e-09	-2.662713e+01	-2.530195e+02
6.270000e-06	-5.272189e-09	-2.202567e-09	-2.694464e+01	-2.560675e+02
6.280000e-06	-5.333824e-09	-2.225729e-09	-2.725964e+01	-2.590968e+02
6.290000e-06	-5.394936e-09	-2.249437e-09	-2.757196e+01	-2.621074e+02
6.300000e-06	-5.455549e-09	-2.273830e-09	-2.788174e+01	-2.650989e+02
6.310000e-06	-5.515724e-09	-2.298570e-09	-2.818928e+01	-2.680712e+02
6.320000e-06	-5.575509e-09	-2.323069e-09	-2.849482e+01	-2.710240e+02
6.330000e-06	-5.634954e-09	-2.345894e-09	-2.879863e+01	-2.739572e+02
6.340000e-06	-5.694083e-09	-2.366746e-09	-2.910082e+01	-2.768705e+02
6.350000e-06	-5.752862e-09	-2.386069e-09	-2.940122e+01	-2.797636e+02
6.360000e-06	-5.811269e-09	-2.405264e-09	-2.969972e+01	-2.826365e+02
6.370000e-06	-5.869278e-09	-2.425619e-09	-2.999619e+01	-2.854889e+02
6.380000e-06	-5.926847e-09	-2.447279e-09	-3.029040e+01	-2.883205e+02
6.390000e-06	-5.983985e-09	-2.469320e-09	-3.058242e+01	-2.911312e+02
6.400000e-06	-6.040718e-09	-2.490799e-09	-3.087236e+01	-2.939208e+02
6.410000e-06	-6.097061e-09	-2.513046e-09	-3.116032e+01	-2.966890e+02
6.420000e-06	-6.153034e-09	-2.536879e-09	-3.144638e+01	-2.994357e+02
6.430000e-06	-6.208625e-09	-2.560154e-09	-3.173049e+01	-3.021607e+02
6.440000e-06	-6.263792e-09	-2.580258e-09	-3.201243e+01	-3.048638e+02
6.450000e-06	-6.318475e-09	-2.597378e-09	-3.229190e+01	-3.075447e+02
6.460000e-06	-6.372559e-09	-2.614019e-09	-3.256831e+01	-3.102033e+02
6.470000e-06	-6.425936e-09	-2.633080e-09	-3.284110e+01	-3.128394e+02
6.480000e-06	-6.478648e-09	-2.654791e-09	-3.311049e+01	-3.154528e+02
6.490000e-06	-6.530795e-09	-2.676863e-09	-3.337700e+01	-3.180433e+02
6.500000e-06	-6.582439e-09	-2.698131e-09	-3.364093e+01	-3.206107e+02
6.510000e-06	-6.633624e-09	-2.718909e-09	-3.390253e+01	-3.231549e+02
6.520000e-06	-6.684349e-09	-2.739499e-09	-3.416177e+01	-3.256756e+02
6.530000e-06	-6.734574e-09	-2.760494e-09	-3.441845e+01	-3.281726e+02
6.540000e-06	-6.784233e-09	-2.779704e-09	-3.467224e+01	-3.306459e+02
6.550000e-06	-6.833287e-09	-2.794936e-09	-3.492295e+01	-3.330952e+02
6.560000e-06	-6.881664e-09	-2.808538e-09	-3.517018e+01	-3.355203e+02
6.570000e-06	-6.929306e-09	-2.824213e-09	-3.541367e+01	-3.379210e+02
6.580000e-06	-6.976289e-09	-2.843697e-09	-3.565378e+01	-3.402972e+02
6.590000e-06	-7.022722e-09	-2.864908e-09	-3.589109e+01	-3.426488e+02
6.600000e-06	-7.068722e-09	-2.885358e-09	-3.612618e+01	-3.449755e+02
6.610000e-06	-7.114362e-09	-2.904903e-09	-3.635943e+01	-3.472771e+02
6.620000e-06	-7.159616e-09	-2.925774e-09	-3.659072e+01	-3.495536e+02
6.630000e-06	-7.204438e-09	-2.947066e-09	-3.681979e+01	-3.518046e+02
6.640000e-06	-7.248796e-09	-2.963699e-09	-3.704649e+01	-3.540302e+02
6.650000e-06	-7.292739e-09	-2.976041e-09	-3.727107e+01	-3.562301e+02
6.660000e-06	-7.336328e-09	-2.987023e-09	-3.749384e+01	-3.584041e+02
6.670000e-06	-7.379534e-09	-3.001314e-09	-3.771465e+01	-3.605521e+02
6.680000e-06	-7.422310e-09	-3.020931e-09	-3.793327e+01	-3.626740e+02
6.690000e-06	-7.464597e-09	-3.041547e-09	-3.814938e+01	-3.647695e+02
6.700000e-06	-7.506364e-09	-3.060028e-09	-3.836284e+01	-3.668386e+02
6.710000e-06	-7.547618e-09	-3.078106e-09	-3.857368e+01	-3.688811e+02
6.720000e-06	-7.588348e-09	-3.096328e-09	-3.878183e+01	-3.708968e+02
6.730000e-06	-7.628565e-09	-3.112948e-09	-3.898737e+01	-3.728856e+02
6.740000e-06	-7.668324e-09	-3.126282e-09	-3.919057e+01	-3.748473e+02
6.750000e-06	-7.707647e-09	-3.137227e-09	-3.939154e+01	-3.767819e+02
6.760000e-06	-7.746453e-09	-3.150375e-09	-3.958986e+01	-3.786891e+02
6.770000e-06	-7.784587e-09	-3.166664e-09	-3.978475e+01	-3.805688e+02
6.780000e-06	-7.821918e-09	-3.183895e-09	-3.997554e+01	-3.824210e+02
6.790000e-06	-7.858509e-09	-3.199854e-09	-4.016255e+01	-3.842453e+02
6.800000e-06	-7.894532e-09	-3.214778e-09	-4.034665e+01	-3.860419e+02
6.810000e-06	-7.930098e-09	-3.231232e-09	-4.052842e+01	-3.878104e+02
6.820000e-06	-7.965231e-09	-3.249044e-09	-4.070797e+01	-3.895507e+02
6.830000e-06	-7.999853e-09	-3.264693e-09	-4.088491e+01	-3.912628e+02
6.840000e-06	-8.033878e-09	-3.275346e-09	-4.105880e+01	-3.929466e+02
6.850000e-06	-8.067331e-09	-3.282946e-09	-4.122977e+01	-3.946018e+02
6.860000e-06	-8.100212e-09	-3.292274e-09	-4.139782e+01	-3.962284e+02
6.870000e-06	-8.132535e-09	-3.305690e-09	-4.156301e+01	-3.978262e+02
6.880000e-06	-8.164376e-09	-3.321036e-09	-4.172574e+01	-3.993952e+02
6.890000e-06	-8.195743e-09	-3.334370e-09	-4.188605e+01	-4.009352e+02
6.900000e-06	-8.226518e-09	-3.345458e-09	-4.204333e+01	-4.024461e+02
6.910000e-06	-8.256488e-09	-3.357232e-09	-4.219650e+01	-4.039279e+02
6.920000e-06	-8.285583e-09	-3.369762e-09	-4.234519e+01	-4.053803e+02
6.930000e-06	-8.313942e-09	-3.381119e-09	-4.249013e+01	-4.068033e+02
6.940000e-06	-8.341764e-09	-3.390592e-09	-4.263231e+01	-4.081968e+02
6.950000e-06	-8.369163e-09	-3.398214e-09	-4.277234e+01	-4.095607e+02
6.960000e-06	-8.396107e-09	-3.405882e-09	-4.291005e+01	-4.108949e+02
6.970000e-06	-8.422468e-09	-3.414958e-09	-4.304477e+01	-4.121993e+02
6.980000e-06	-8.448205e-09	-3.424893e-09	-4.317630e+01	-4.134738e+02
6.990000e-06	-8.473310e-09	-3.434726e-09	-4.330461e+01	-4.147182e+02
7.000000e-06	-8.497790e-09	-3.446307e-09	-4.342972e+01	-4.159326e+02
7.010000e-06	-8.521760e-09	-3.460161e-09	-4.355222e+01	-4.171169e+02
7.020000e-06	-8.545301e-09	-3.473663e-09	-4.367253e+01	-4.182708e+02
7.030000e-06	-8.568322e-09	-3.483554e-09	-4.379018e+01	-4.193945e+02
7.040000e-06	-8.590582e-09	-3.489684e-09	-4.390395e+01	-4.204877e+02
7.050000e-06	-8.611946e-09	-3.495681e-09	-4.401313e+01	-4.215504e+02
7.060000e-06	-8.632510e-09	-3.502558e-09	-4.411823e+01	-4.225825e+02
7.070000e-06	-8.652473e-09	-3.510207e-09	-4.422025e+01	-4.235840e+02
7.080000e-06	-8.671989e-09	-3.517969e-09	-4.431999e+01	-4.245547e+02
7.090000e-06	-8.691038e-09	-3.526758e-09	-4.441735e+01	-4.254947e+02
7.100000e-06	-8.709499e-09	-3.538372e-09	-4.451170e+01	-4.264038e+02
7.110000e-06	-8.727351e-09	-3.550482e-09	-4.460293e+01	-4.272819e+02
7.120000e-06	-8.744631e-09	-3.560908e-09	-4.469124e+01	-4.281291e+02
7.130000e-06	-8.761311e-09	-3.568089e-09	-4.477649e+01	-4.289452e+02
7.140000e-06	-8.777420e-09	-3.571616e-09	-4.485882e+01	-4.297302e+02
7.150000e-06	-8.793066e-09	-3.573727e-09	-4.493878e+01	-4.304840e+02
7.160000e-06	-8.808178e-09	-3.576586e-09	-4.501601e+01	-4.312066e+02
7.170000e-06	-8.822444e-09	-3.581580e-09	-4.508892e+01	-4.318979e+02
7.180000e-06	-8.835649e-09	-3.589427e-09	-4.515641e+01	-4.325579e+02
7.190000e-06	-8.847952e-09	-3.599322e-09	-4.521928e+01	-4.331865e+02
7.200000e-06	-8.859627e-09	-3.609924e-09	-4.527895e+01	-4.337837e+02
7.210000e-06	-8.870744e-09	-3.619622e-09	-4.533577e+01	-4.343494e+02
7.220000e-06	-8.881249e-09	-3.624613e-09	-4.538946e+01	-4.348836e+02
7.230000e-06	-8.891147e-09	-3.625331e-09	-4.544004e+01	-4.353862e+02
7.240000e-06	-8.900461e-09	-3.624139e-09	-4.548764e+01	-4.358573e+02
7.250000e-06	-8.909132e-09	-3.625960e-09	-4.553195e+01	-4.362968e+02
7.260000e-06	-8.917224e-09	-3.630977e-09	-4.557331e+01	-4.367046e+02
7.270000e-06	-8.924873e-09	-3.636456e-09	-4.561240e+01	-4.370808e+02
7.280000e-06	-8.932006e-09	-3.643157e-09	-4.564886e+01	-4.374252e+02
7.290000e-06	-8.938380e-09	-3.649564e-09	-4.568143e+01	-4.377379e+02
7.300000e-06	-8.943808e-09	-3.657978e-09	-4.570917e+01	-4.380189e+02
7.310000e-06	-8.948358e-09	-3.666183e-09	-4.573242e+01	-4.382681e+02
7.320000e-06	-8.952300e-09	-3.672126e-09	-4.575257e+01	-4.384855e+02
7.330000e-06	-8.955806e-09	-3.673684e-09	-4.577049e+01	-4.386710e+02
7.340000e-06	-8.958806e-09	-3.670751e-09	-4.578582e+01	-4.388248e+02
7.350000e-06	-8.961199e-09	-3.668739e-09	-4.579805e+01	-4.389468e+02
7.360000e-06	-8.963016e-09	-3.671329e-09	-4.580734e+01	-4.390369e+02
7.370000e-06	-8.964261e-09	-3.678431e-09	-4.581370e+01	-4.390951e+02
7.380000e-06	-8.964837e-09	-3.685907e-09	-4.581664e+01	-4.391215e+02
