# Temperatura_=_20.0
# Concentracion g/m^3_=_10000.0
# C_Vs_to_Am_M_A/Vsm_=_116720831517.84952
# pendiente_HvsI_1/m_=_3716.3
# ordenada_HvsI_A/m_=_1297.0
# frecuencia_Hz_=_270110.78023242234
# Promedio de 22 ciclos

Tiempo_(s)	Campo_(V.s)	Magnetizacion_(V.s)	Campo_(kA/m)	Magnetizacion_(A/m)
0.000000e+00	-6.237593e-09	-2.778796e-09	-3.090048e+01	-3.318450e+02
1.000000e-08	-6.236161e-09	-2.777065e-09	-3.089339e+01	-3.316600e+02
2.000000e-08	-6.232886e-09	-2.776648e-09	-3.087716e+01	-3.313791e+02
3.000000e-08	-6.227976e-09	-2.776154e-09	-3.085284e+01	-3.310026e+02
4.000000e-08	-6.221574e-09	-2.770713e-09	-3.082112e+01	-3.305304e+02
5.000000e-08	-6.213672e-09	-2.762900e-09	-3.078198e+01	-3.299629e+02
6.000000e-08	-6.204074e-09	-2.756558e-09	-3.073443e+01	-3.293000e+02
7.000000e-08	-6.192514e-09	-2.758666e-09	-3.067716e+01	-3.285421e+02
8.000000e-08	-6.179007e-09	-2.753261e-09	-3.061025e+01	-3.276892e+02
9.000000e-08	-6.163057e-09	-2.693131e-09	-3.053123e+01	-3.267418e+02
1.000000e-07	-6.144352e-09	-2.651022e-09	-3.043857e+01	-3.256999e+02
1.100000e-07	-6.123443e-09	-2.654117e-09	-3.033499e+01	-3.245641e+02
1.200000e-07	-6.101220e-09	-2.753615e-09	-3.022490e+01	-3.233344e+02
1.300000e-07	-6.078348e-09	-2.752160e-09	-3.011159e+01	-3.220115e+02
1.400000e-07	-6.054250e-09	-2.623457e-09	-2.999221e+01	-3.205955e+02
1.500000e-07	-6.027903e-09	-2.657566e-09	-2.986169e+01	-3.190869e+02
1.600000e-07	-5.999854e-09	-2.767148e-09	-2.972274e+01	-3.174862e+02
1.700000e-07	-5.970702e-09	-2.621269e-09	-2.957832e+01	-3.157938e+02
1.800000e-07	-5.939656e-09	-2.499440e-09	-2.942452e+01	-3.140102e+02
1.900000e-07	-5.906807e-09	-2.735301e-09	-2.926179e+01	-3.121359e+02
2.000000e-07	-5.872817e-09	-2.719974e-09	-2.909341e+01	-3.101714e+02
2.100000e-07	-5.837117e-09	-2.530329e-09	-2.891655e+01	-3.081174e+02
2.200000e-07	-5.799229e-09	-2.666514e-09	-2.872886e+01	-3.059744e+02
2.300000e-07	-5.759765e-09	-2.740232e-09	-2.853335e+01	-3.037430e+02
2.400000e-07	-5.718752e-09	-2.527725e-09	-2.833018e+01	-3.014238e+02
2.500000e-07	-5.675664e-09	-2.542386e-09	-2.811672e+01	-2.990176e+02
2.600000e-07	-5.631095e-09	-2.652745e-09	-2.789593e+01	-2.965251e+02
2.700000e-07	-5.585197e-09	-2.509155e-09	-2.766856e+01	-2.939468e+02
2.800000e-07	-5.537314e-09	-2.507818e-09	-2.743135e+01	-2.912837e+02
2.900000e-07	-5.487646e-09	-2.645039e-09	-2.718530e+01	-2.885365e+02
3.000000e-07	-5.436296e-09	-2.496531e-09	-2.693092e+01	-2.857058e+02
3.100000e-07	-5.382857e-09	-2.365235e-09	-2.666618e+01	-2.827927e+02
3.200000e-07	-5.327680e-09	-2.455979e-09	-2.639284e+01	-2.797979e+02
3.300000e-07	-5.271396e-09	-2.412980e-09	-2.611402e+01	-2.767222e+02
3.400000e-07	-5.213591e-09	-2.376866e-09	-2.582765e+01	-2.735666e+02
3.500000e-07	-5.154007e-09	-2.397026e-09	-2.553248e+01	-2.703319e+02
3.600000e-07	-5.093024e-09	-2.328122e-09	-2.523037e+01	-2.670191e+02
3.700000e-07	-5.030595e-09	-2.288227e-09	-2.492111e+01	-2.636292e+02
3.800000e-07	-4.966770e-09	-2.292943e-09	-2.460492e+01	-2.601631e+02
3.900000e-07	-4.901646e-09	-2.213674e-09	-2.428231e+01	-2.566219e+02
4.000000e-07	-4.834930e-09	-2.168975e-09	-2.395180e+01	-2.530065e+02
4.100000e-07	-4.766723e-09	-2.182339e-09	-2.361391e+01	-2.493179e+02
4.200000e-07	-4.697258e-09	-2.137625e-09	-2.326978e+01	-2.455574e+02
4.300000e-07	-4.626452e-09	-2.135401e-09	-2.291902e+01	-2.417258e+02
4.400000e-07	-4.554397e-09	-2.096644e-09	-2.256207e+01	-2.378244e+02
4.500000e-07	-4.480972e-09	-2.008173e-09	-2.219832e+01	-2.338543e+02
4.600000e-07	-4.405943e-09	-1.974548e-09	-2.182664e+01	-2.298165e+02
4.700000e-07	-4.329518e-09	-1.969410e-09	-2.144803e+01	-2.257123e+02
4.800000e-07	-4.251788e-09	-1.922977e-09	-2.106297e+01	-2.215429e+02
4.900000e-07	-4.172547e-09	-1.894411e-09	-2.067041e+01	-2.173094e+02
5.000000e-07	-4.091841e-09	-1.870097e-09	-2.027060e+01	-2.130132e+02
5.100000e-07	-4.009952e-09	-1.806490e-09	-1.986493e+01	-2.086553e+02
5.200000e-07	-3.927001e-09	-1.766707e-09	-1.945400e+01	-2.042370e+02
5.300000e-07	-3.843094e-09	-1.730148e-09	-1.903833e+01	-1.997598e+02
5.400000e-07	-3.758339e-09	-1.691112e-09	-1.861846e+01	-1.952247e+02
5.500000e-07	-3.672647e-09	-1.651203e-09	-1.819395e+01	-1.906332e+02
5.600000e-07	-3.585944e-09	-1.621891e-09	-1.776443e+01	-1.859865e+02
5.700000e-07	-3.498307e-09	-1.579204e-09	-1.733029e+01	-1.812860e+02
5.800000e-07	-3.409808e-09	-1.537128e-09	-1.689187e+01	-1.765331e+02
5.900000e-07	-3.320250e-09	-1.494635e-09	-1.644821e+01	-1.717291e+02
6.000000e-07	-3.229402e-09	-1.440288e-09	-1.599816e+01	-1.668754e+02
6.100000e-07	-3.137492e-09	-1.397156e-09	-1.554284e+01	-1.619734e+02
6.200000e-07	-3.044815e-09	-1.361674e-09	-1.508373e+01	-1.570246e+02
6.300000e-07	-2.951364e-09	-1.333534e-09	-1.462078e+01	-1.520302e+02
6.400000e-07	-2.857123e-09	-1.291709e-09	-1.415391e+01	-1.469919e+02
6.500000e-07	-2.762119e-09	-1.242328e-09	-1.368327e+01	-1.419109e+02
6.600000e-07	-2.666405e-09	-1.186049e-09	-1.320912e+01	-1.367889e+02
6.700000e-07	-2.570026e-09	-1.141936e-09	-1.273166e+01	-1.316272e+02
6.800000e-07	-2.472843e-09	-1.102479e-09	-1.225023e+01	-1.264274e+02
6.900000e-07	-2.374661e-09	-1.056806e-09	-1.176384e+01	-1.211910e+02
7.000000e-07	-2.275566e-09	-1.011035e-09	-1.127293e+01	-1.159194e+02
7.100000e-07	-2.175846e-09	-9.645621e-10	-1.077893e+01	-1.106142e+02
7.200000e-07	-2.075632e-09	-9.238681e-10	-1.028248e+01	-1.052769e+02
7.300000e-07	-1.974931e-09	-8.783025e-10	-9.783612e+00	-9.990905e+01
7.400000e-07	-1.873681e-09	-8.301786e-10	-9.282029e+00	-9.451221e+01
7.500000e-07	-1.771863e-09	-7.757850e-10	-8.777633e+00	-8.908791e+01
7.600000e-07	-1.669541e-09	-7.288669e-10	-8.270740e+00	-8.363773e+01
7.700000e-07	-1.566757e-09	-6.861854e-10	-7.761557e+00	-7.816323e+01
7.800000e-07	-1.463563e-09	-6.424446e-10	-7.250343e+00	-7.266599e+01
7.900000e-07	-1.360002e-09	-5.957581e-10	-6.737310e+00	-6.714760e+01
8.000000e-07	-1.256110e-09	-5.438043e-10	-6.222639e+00	-6.160964e+01
8.100000e-07	-1.151896e-09	-4.947428e-10	-5.706372e+00	-5.605371e+01
8.200000e-07	-1.047400e-09	-4.505430e-10	-5.188707e+00	-5.048141e+01
8.300000e-07	-9.426362e-10	-4.110703e-10	-4.669716e+00	-4.489434e+01
8.400000e-07	-8.376327e-10	-3.613028e-10	-4.149538e+00	-3.929413e+01
8.500000e-07	-7.324108e-10	-3.094194e-10	-3.628278e+00	-3.368237e+01
8.600000e-07	-6.268965e-10	-2.584763e-10	-3.105570e+00	-2.806069e+01
8.700000e-07	-5.210693e-10	-2.112309e-10	-2.581312e+00	-2.243070e+01
8.800000e-07	-4.150022e-10	-1.666129e-10	-2.055866e+00	-1.679403e+01
8.900000e-07	-3.087912e-10	-1.217575e-10	-1.529706e+00	-1.115230e+01
9.000000e-07	-2.024875e-10	-7.689462e-11	-1.003088e+00	-5.507140e+00
9.100000e-07	-9.612115e-11	-2.970789e-11	-4.761589e-01	1.398275e-01
9.200000e-07	1.031283e-11	1.704962e-11	5.110514e-02	5.786975e+00
9.300000e-07	1.167717e-10	6.760123e-11	5.784927e-01	1.143268e+01
9.400000e-07	2.231844e-10	1.179794e-10	1.105651e+00	1.707530e+01
9.500000e-07	3.294995e-10	1.682164e-10	1.632326e+00	2.271323e+01
9.600000e-07	4.356734e-10	2.143564e-10	2.158301e+00	2.834483e+01
9.700000e-07	5.416591e-10	2.596203e-10	2.683345e+00	3.396849e+01
9.800000e-07	6.474108e-10	3.054355e-10	3.207229e+00	3.958258e+01
9.900000e-07	7.528759e-10	3.538044e-10	3.729693e+00	4.518549e+01
1.000000e-06	8.580255e-10	4.064122e-10	4.250595e+00	5.077560e+01
1.010000e-06	9.629087e-10	4.573413e-10	4.770177e+00	5.635130e+01
1.020000e-06	1.067533e-09	5.080611e-10	5.288476e+00	6.191098e+01
1.030000e-06	1.171913e-09	5.565573e-10	5.805566e+00	6.745305e+01
1.040000e-06	1.276007e-09	6.049029e-10	6.321240e+00	7.297591e+01
1.050000e-06	1.379751e-09	6.541758e-10	6.835178e+00	7.847796e+01
1.060000e-06	1.483141e-09	7.053951e-10	7.347363e+00	8.395762e+01
1.070000e-06	1.586132e-09	7.540752e-10	7.857571e+00	8.941331e+01
1.080000e-06	1.688668e-09	8.011150e-10	8.365526e+00	9.484346e+01
1.090000e-06	1.790709e-09	8.498045e-10	8.871024e+00	1.002465e+02
1.100000e-06	1.892221e-09	8.971774e-10	9.373905e+00	1.056209e+02
1.110000e-06	1.993210e-09	9.441107e-10	9.874200e+00	1.109651e+02
1.120000e-06	2.093760e-09	9.892318e-10	1.037231e+01	1.162775e+02
1.130000e-06	2.193879e-09	1.034479e-09	1.086829e+01	1.215566e+02
1.140000e-06	2.293373e-09	1.083104e-09	1.136118e+01	1.268010e+02
1.150000e-06	2.391986e-09	1.134740e-09	1.184970e+01	1.320090e+02
1.160000e-06	2.489644e-09	1.183256e-09	1.233349e+01	1.371792e+02
1.170000e-06	2.586504e-09	1.229411e-09	1.281332e+01	1.423102e+02
1.180000e-06	2.682686e-09	1.273847e-09	1.328980e+01	1.474003e+02
1.190000e-06	2.778145e-09	1.318889e-09	1.376269e+01	1.524482e+02
1.200000e-06	2.872808e-09	1.366852e-09	1.423165e+01	1.574524e+02
1.210000e-06	2.966702e-09	1.413522e-09	1.469679e+01	1.624114e+02
1.220000e-06	3.059859e-09	1.457907e-09	1.515828e+01	1.673239e+02
1.230000e-06	3.152327e-09	1.501769e-09	1.561636e+01	1.721884e+02
1.240000e-06	3.244022e-09	1.547454e-09	1.607061e+01	1.770035e+02
1.250000e-06	3.334600e-09	1.592581e-09	1.651933e+01	1.817678e+02
1.260000e-06	3.423920e-09	1.635454e-09	1.696181e+01	1.864800e+02
1.270000e-06	3.512204e-09	1.675432e-09	1.739916e+01	1.911387e+02
1.280000e-06	3.599584e-09	1.715000e-09	1.783203e+01	1.957425e+02
1.290000e-06	3.686004e-09	1.757100e-09	1.826015e+01	2.002902e+02
1.300000e-06	3.771454e-09	1.800716e-09	1.868346e+01	2.047803e+02
1.310000e-06	3.856017e-09	1.843205e-09	1.910238e+01	2.092117e+02
1.320000e-06	3.939666e-09	1.881731e-09	1.951677e+01	2.135830e+02
1.330000e-06	4.022141e-09	1.919337e-09	1.992534e+01	2.178931e+02
1.340000e-06	4.103346e-09	1.958523e-09	2.032762e+01	2.221405e+02
1.350000e-06	4.183343e-09	1.998596e-09	2.072392e+01	2.263242e+02
1.360000e-06	4.262124e-09	2.036806e-09	2.111419e+01	2.304429e+02
1.370000e-06	4.339710e-09	2.072893e-09	2.149855e+01	2.344954e+02
1.380000e-06	4.416097e-09	2.107660e-09	2.187696e+01	2.384806e+02
1.390000e-06	4.491061e-09	2.141744e-09	2.224833e+01	2.423973e+02
1.400000e-06	4.564434e-09	2.175560e-09	2.261181e+01	2.462444e+02
1.410000e-06	4.636428e-09	2.208468e-09	2.296846e+01	2.500207e+02
1.420000e-06	4.707150e-09	2.241156e-09	2.331881e+01	2.537253e+02
1.430000e-06	4.776586e-09	2.273192e-09	2.366279e+01	2.573569e+02
1.440000e-06	4.844824e-09	2.305319e-09	2.400083e+01	2.609147e+02
1.450000e-06	4.911630e-09	2.335661e-09	2.433179e+01	2.643975e+02
1.460000e-06	4.976801e-09	2.363913e-09	2.465464e+01	2.678043e+02
1.470000e-06	5.040553e-09	2.390626e-09	2.497046e+01	2.711342e+02
1.480000e-06	5.103013e-09	2.417594e-09	2.527988e+01	2.743862e+02
1.490000e-06	5.164180e-09	2.445267e-09	2.558289e+01	2.775594e+02
1.500000e-06	5.224082e-09	2.472050e-09	2.587964e+01	2.806528e+02
1.510000e-06	5.282362e-09	2.497334e-09	2.616836e+01	2.836656e+02
1.520000e-06	5.338890e-09	2.520394e-09	2.644839e+01	2.865968e+02
1.530000e-06	5.393928e-09	2.542524e-09	2.672105e+01	2.894458e+02
1.540000e-06	5.447448e-09	2.564387e-09	2.698618e+01	2.922115e+02
1.550000e-06	5.499171e-09	2.586605e-09	2.724241e+01	2.948933e+02
1.560000e-06	5.548907e-09	2.608845e-09	2.748880e+01	2.974904e+02
1.570000e-06	5.596879e-09	2.630393e-09	2.772644e+01	3.000019e+02
1.580000e-06	5.643309e-09	2.650409e-09	2.795646e+01	3.024273e+02
1.590000e-06	5.688299e-09	2.667876e-09	2.817933e+01	3.047657e+02
1.600000e-06	5.731743e-09	2.683524e-09	2.839455e+01	3.070165e+02
1.610000e-06	5.773352e-09	2.699754e-09	2.860067e+01	3.091791e+02
1.620000e-06	5.813261e-09	2.716759e-09	2.879838e+01	3.112529e+02
1.630000e-06	5.851650e-09	2.733131e-09	2.898856e+01	3.132372e+02
1.640000e-06	5.888554e-09	2.748184e-09	2.917138e+01	3.151315e+02
1.650000e-06	5.923832e-09	2.762243e-09	2.934614e+01	3.169352e+02
1.660000e-06	5.957237e-09	2.776707e-09	2.951162e+01	3.186478e+02
1.670000e-06	5.988933e-09	2.790503e-09	2.966864e+01	3.202688e+02
1.680000e-06	6.019078e-09	2.802114e-09	2.981798e+01	3.217978e+02
1.690000e-06	6.047711e-09	2.811493e-09	2.995982e+01	3.232343e+02
1.700000e-06	6.074572e-09	2.819242e-09	3.009289e+01	3.245778e+02
1.710000e-06	6.099444e-09	2.827078e-09	3.021610e+01	3.258281e+02
1.720000e-06	6.122564e-09	2.836673e-09	3.033064e+01	3.269847e+02
1.730000e-06	6.144099e-09	2.846009e-09	3.043732e+01	3.280474e+02
1.740000e-06	6.164105e-09	2.853046e-09	3.053643e+01	3.290157e+02
1.750000e-06	6.182413e-09	2.858185e-09	3.062712e+01	3.298895e+02
1.760000e-06	6.198826e-09	2.861766e-09	3.070843e+01	3.306684e+02
1.770000e-06	6.213381e-09	2.864837e-09	3.078054e+01	3.313523e+02
1.780000e-06	6.226095e-09	2.868127e-09	3.084352e+01	3.319410e+02
1.790000e-06	6.236770e-09	2.870587e-09	3.089640e+01	3.324342e+02
1.800000e-06	6.245459e-09	2.871504e-09	3.093945e+01	3.328319e+02
1.810000e-06	6.252417e-09	2.872305e-09	3.097392e+01	3.331339e+02
1.820000e-06	6.257744e-09	2.873962e-09	3.100031e+01	3.333401e+02
1.830000e-06	6.261401e-09	2.873408e-09	3.101842e+01	3.334505e+02
1.840000e-06	6.263159e-09	2.870805e-09	3.102713e+01	3.334651e+02
1.850000e-06	6.263118e-09	2.868061e-09	3.102693e+01	3.333838e+02
1.860000e-06	6.261491e-09	2.867595e-09	3.101887e+01	3.332067e+02
1.870000e-06	6.258386e-09	2.867788e-09	3.100349e+01	3.329338e+02
1.880000e-06	6.253660e-09	2.865371e-09	3.098007e+01	3.325652e+02
1.890000e-06	6.247081e-09	2.861471e-09	3.094748e+01	3.321010e+02
1.900000e-06	6.238862e-09	2.855802e-09	3.090677e+01	3.315414e+02
1.910000e-06	6.229196e-09	2.846513e-09	3.085888e+01	3.308864e+02
1.920000e-06	6.217983e-09	2.823270e-09	3.080333e+01	3.301363e+02
1.930000e-06	6.204903e-09	2.830118e-09	3.073853e+01	3.292914e+02
1.940000e-06	6.189584e-09	2.890608e-09	3.066265e+01	3.283517e+02
1.950000e-06	6.171493e-09	2.899563e-09	3.057302e+01	3.273177e+02
1.960000e-06	6.150305e-09	2.832174e-09	3.046806e+01	3.261896e+02
1.970000e-06	6.127193e-09	2.721504e-09	3.035356e+01	3.249678e+02
1.980000e-06	6.103826e-09	2.763509e-09	3.023780e+01	3.236525e+02
1.990000e-06	6.079980e-09	2.871588e-09	3.011967e+01	3.222442e+02
2.000000e-06	6.053977e-09	2.703835e-09	2.999086e+01	3.207433e+02
2.010000e-06	6.025942e-09	2.670770e-09	2.985198e+01	3.191502e+02
2.020000e-06	5.997290e-09	2.877499e-09	2.971003e+01	3.174653e+02
2.030000e-06	5.966877e-09	2.793448e-09	2.955937e+01	3.156893e+02
2.040000e-06	5.933460e-09	2.543705e-09	2.939383e+01	3.138224e+02
2.050000e-06	5.898651e-09	2.675330e-09	2.922139e+01	3.118654e+02
2.060000e-06	5.863117e-09	2.805049e-09	2.904535e+01	3.098187e+02
2.070000e-06	5.825277e-09	2.533260e-09	2.885789e+01	3.076830e+02
2.080000e-06	5.785335e-09	2.536287e-09	2.866003e+01	3.054589e+02
2.090000e-06	5.744486e-09	2.756995e-09	2.845766e+01	3.031470e+02
2.100000e-06	5.701858e-09	2.564508e-09	2.824649e+01	3.007479e+02
2.110000e-06	5.657154e-09	2.488773e-09	2.802503e+01	2.982625e+02
2.120000e-06	5.611415e-09	2.666038e-09	2.779844e+01	2.956913e+02
2.130000e-06	5.564123e-09	2.484088e-09	2.756416e+01	2.930351e+02
2.140000e-06	5.514680e-09	2.335140e-09	2.731923e+01	2.902947e+02
2.150000e-06	5.463834e-09	2.514081e-09	2.706734e+01	2.874709e+02
2.160000e-06	5.411315e-09	2.467930e-09	2.680717e+01	2.845645e+02
2.170000e-06	5.356679e-09	2.329776e-09	2.653650e+01	2.815763e+02
2.180000e-06	5.300527e-09	2.405145e-09	2.625833e+01	2.785072e+02
2.190000e-06	5.242959e-09	2.296350e-09	2.597314e+01	2.753581e+02
2.200000e-06	5.183968e-09	2.223068e-09	2.568091e+01	2.721299e+02
2.210000e-06	5.123650e-09	2.318525e-09	2.538210e+01	2.688235e+02
2.220000e-06	5.061520e-09	2.226750e-09	2.507431e+01	2.654398e+02
2.230000e-06	4.997787e-09	2.189551e-09	2.475858e+01	2.619799e+02
2.240000e-06	4.932905e-09	2.240170e-09	2.443716e+01	2.584447e+02
2.250000e-06	4.866602e-09	2.126962e-09	2.410870e+01	2.548353e+02
2.260000e-06	4.799010e-09	2.106547e-09	2.377386e+01	2.511526e+02
2.270000e-06	4.730038e-09	2.127094e-09	2.343218e+01	2.473979e+02
2.280000e-06	4.659261e-09	1.997408e-09	2.308155e+01	2.435720e+02
2.290000e-06	4.587122e-09	2.000253e-09	2.272418e+01	2.396762e+02
2.300000e-06	4.513946e-09	2.029661e-09	2.236168e+01	2.357116e+02
2.310000e-06	4.439399e-09	1.945067e-09	2.199238e+01	2.316792e+02
2.320000e-06	4.363372e-09	1.935851e-09	2.161575e+01	2.275803e+02
2.330000e-06	4.285818e-09	1.897145e-09	2.123155e+01	2.234161e+02
2.340000e-06	4.206773e-09	1.809238e-09	2.083997e+01	2.191877e+02
2.350000e-06	4.126552e-09	1.799284e-09	2.044256e+01	2.148964e+02
2.360000e-06	4.045273e-09	1.786762e-09	2.003991e+01	2.105433e+02
2.370000e-06	3.962967e-09	1.744802e-09	1.963217e+01	2.061299e+02
2.380000e-06	3.879730e-09	1.707519e-09	1.921982e+01	2.016572e+02
2.390000e-06	3.795424e-09	1.651214e-09	1.880218e+01	1.971267e+02
2.400000e-06	3.709756e-09	1.611947e-09	1.837779e+01	1.925396e+02
2.410000e-06	3.622831e-09	1.581355e-09	1.794717e+01	1.878972e+02
2.420000e-06	3.534993e-09	1.540222e-09	1.751203e+01	1.832009e+02
2.430000e-06	3.446270e-09	1.498853e-09	1.707250e+01	1.784520e+02
2.440000e-06	3.356579e-09	1.451126e-09	1.662818e+01	1.736519e+02
2.450000e-06	3.266009e-09	1.420898e-09	1.617950e+01	1.688020e+02
2.460000e-06	3.174681e-09	1.383051e-09	1.572707e+01	1.639037e+02
2.470000e-06	3.082551e-09	1.335756e-09	1.527067e+01	1.589583e+02
2.480000e-06	2.989346e-09	1.285869e-09	1.480894e+01	1.539674e+02
2.490000e-06	2.894932e-09	1.230923e-09	1.434122e+01	1.489324e+02
2.500000e-06	2.799659e-09	1.196837e-09	1.386925e+01	1.438546e+02
2.510000e-06	2.703789e-09	1.167103e-09	1.339432e+01	1.387356e+02
2.520000e-06	2.607224e-09	1.117288e-09	1.291594e+01	1.335768e+02
2.530000e-06	2.509912e-09	1.068242e-09	1.243387e+01	1.283798e+02
2.540000e-06	2.411863e-09	1.018167e-09	1.194814e+01	1.231459e+02
2.550000e-06	2.313198e-09	9.679768e-10	1.145936e+01	1.178769e+02
2.560000e-06	2.214079e-09	9.347977e-10	1.096834e+01	1.125740e+02
2.570000e-06	2.114519e-09	8.909323e-10	1.047512e+01	1.072389e+02
2.580000e-06	2.014420e-09	8.415357e-10	9.979240e+00	1.018732e+02
2.590000e-06	1.913515e-09	7.917710e-10	9.479367e+00	9.647828e+01
2.600000e-06	1.811655e-09	7.398784e-10	8.974763e+00	9.105579e+01
2.610000e-06	1.709196e-09	6.915424e-10	8.467188e+00	8.560728e+01
2.620000e-06	1.606360e-09	6.389849e-10	7.957748e+00	8.013431e+01
2.630000e-06	1.503082e-09	5.870931e-10	7.446118e+00	7.463846e+01
2.640000e-06	1.399376e-09	5.396144e-10	6.932370e+00	6.912131e+01
2.650000e-06	1.295278e-09	4.989992e-10	6.416676e+00	6.358445e+01
2.660000e-06	1.190853e-09	4.581757e-10	5.899364e+00	5.802949e+01
2.670000e-06	1.086124e-09	4.069003e-10	5.380547e+00	5.245801e+01
2.680000e-06	9.811128e-10	3.472990e-10	4.860330e+00	4.687162e+01
2.690000e-06	8.758301e-10	2.914628e-10	4.338769e+00	4.127194e+01
2.700000e-06	7.702713e-10	2.423041e-10	3.815840e+00	3.566057e+01
2.710000e-06	6.645267e-10	1.997610e-10	3.291990e+00	3.003914e+01
2.720000e-06	5.586414e-10	1.571309e-10	2.767444e+00	2.440925e+01
2.730000e-06	4.526235e-10	1.084221e-10	2.242241e+00	1.877254e+01
2.740000e-06	3.465112e-10	5.854466e-11	1.716570e+00	1.313062e+01
2.750000e-06	2.402759e-10	9.230116e-12	1.190289e+00	7.485132e+00
2.760000e-06	1.339699e-10	-3.827184e-11	6.636590e-01	1.837687e+00
2.770000e-06	2.766333e-11	-8.938991e-11	1.370255e-01	-3.810081e+00
2.780000e-06	-7.863937e-11	-1.434107e-10	-3.895886e-01	-9.456548e+00
2.790000e-06	-1.848989e-10	-1.952892e-10	-9.159886e-01	-1.510008e+01
2.800000e-06	-2.910829e-10	-2.419628e-10	-1.442015e+00	-2.073907e+01
2.810000e-06	-3.971883e-10	-2.834645e-10	-1.967651e+00	-2.637187e+01
2.820000e-06	-5.031738e-10	-3.281811e-10	-2.492694e+00	-3.199687e+01
2.830000e-06	-6.089899e-10	-3.786343e-10	-3.016898e+00	-3.761245e+01
2.840000e-06	-7.146473e-10	-4.289712e-10	-3.540316e+00	-4.321699e+01
2.850000e-06	-8.201255e-10	-4.748060e-10	-4.062846e+00	-4.880887e+01
2.860000e-06	-9.253606e-10	-5.193905e-10	-4.584171e+00	-5.438649e+01
2.870000e-06	-1.030304e-09	-5.665195e-10	-5.104052e+00	-5.994824e+01
2.880000e-06	-1.134924e-09	-6.183912e-10	-5.622328e+00	-6.549251e+01
2.890000e-06	-1.239211e-09	-6.690556e-10	-6.138955e+00	-7.101771e+01
2.900000e-06	-1.343173e-09	-7.139357e-10	-6.653976e+00	-7.652225e+01
2.910000e-06	-1.446803e-09	-7.557128e-10	-7.167349e+00	-8.200454e+01
2.920000e-06	-1.550042e-09	-7.971631e-10	-7.678784e+00	-8.746300e+01
2.930000e-06	-1.652760e-09	-8.429698e-10	-8.187644e+00	-9.289606e+01
2.940000e-06	-1.754836e-09	-8.901592e-10	-8.693317e+00	-9.830215e+01
2.950000e-06	-1.856216e-09	-9.337158e-10	-9.195542e+00	-1.036797e+02
2.960000e-06	-1.956891e-09	-9.754370e-10	-9.694277e+00	-1.090272e+02
2.970000e-06	-2.056927e-09	-1.021385e-09	-1.018985e+01	-1.143431e+02
2.980000e-06	-2.156419e-09	-1.071422e-09	-1.068272e+01	-1.196258e+02
2.990000e-06	-2.255376e-09	-1.119914e-09	-1.117295e+01	-1.248739e+02
3.000000e-06	-2.353757e-09	-1.161168e-09	-1.166032e+01	-1.300858e+02
3.010000e-06	-2.451530e-09	-1.196706e-09	-1.214468e+01	-1.352600e+02
3.020000e-06	-2.548632e-09	-1.233814e-09	-1.262571e+01	-1.403951e+02
3.030000e-06	-2.645031e-09	-1.277737e-09	-1.310326e+01	-1.454895e+02
3.040000e-06	-2.740791e-09	-1.326169e-09	-1.357765e+01	-1.505418e+02
3.050000e-06	-2.835979e-09	-1.369442e-09	-1.404920e+01	-1.555505e+02
3.060000e-06	-2.930434e-09	-1.407379e-09	-1.451713e+01	-1.605142e+02
3.070000e-06	-3.023824e-09	-1.445913e-09	-1.497977e+01	-1.654314e+02
3.080000e-06	-3.116073e-09	-1.488778e-09	-1.543676e+01	-1.703008e+02
3.090000e-06	-3.207380e-09	-1.531024e-09	-1.588909e+01	-1.751209e+02
3.100000e-06	-3.297817e-09	-1.567383e-09	-1.633710e+01	-1.798904e+02
3.110000e-06	-3.387306e-09	-1.600602e-09	-1.678043e+01	-1.846078e+02
3.120000e-06	-3.475814e-09	-1.636918e-09	-1.721889e+01	-1.892719e+02
3.130000e-06	-3.563451e-09	-1.679243e-09	-1.765303e+01	-1.938812e+02
3.140000e-06	-3.650238e-09	-1.720551e-09	-1.808297e+01	-1.984345e+02
3.150000e-06	-3.735881e-09	-1.756054e-09	-1.850723e+01	-2.029304e+02
3.160000e-06	-3.820223e-09	-1.788637e-09	-1.892506e+01	-2.073677e+02
3.170000e-06	-3.903470e-09	-1.823902e-09	-1.933746e+01	-2.117450e+02
3.180000e-06	-3.985711e-09	-1.862406e-09	-1.974487e+01	-2.160610e+02
3.190000e-06	-4.066866e-09	-1.899887e-09	-2.014690e+01	-2.203147e+02
3.200000e-06	-4.146970e-09	-1.933331e-09	-2.054373e+01	-2.245047e+02
3.210000e-06	-4.226003e-09	-1.964194e-09	-2.093526e+01	-2.286298e+02
3.220000e-06	-4.303657e-09	-1.996417e-09	-2.131994e+01	-2.326888e+02
3.230000e-06	-4.379769e-09	-2.031808e-09	-2.169700e+01	-2.366806e+02
3.240000e-06	-4.454484e-09	-2.066837e-09	-2.206713e+01	-2.406040e+02
3.250000e-06	-4.527873e-09	-2.098644e-09	-2.243069e+01	-2.444579e+02
3.260000e-06	-4.600048e-09	-2.128508e-09	-2.278824e+01	-2.482412e+02
3.270000e-06	-4.671072e-09	-2.159816e-09	-2.314009e+01	-2.519527e+02
3.280000e-06	-4.740645e-09	-2.191635e-09	-2.348474e+01	-2.555915e+02
3.290000e-06	-4.808662e-09	-2.220042e-09	-2.382169e+01	-2.591564e+02
3.300000e-06	-4.875369e-09	-2.247106e-09	-2.415215e+01	-2.626465e+02
3.310000e-06	-4.940790e-09	-2.271439e-09	-2.447624e+01	-2.660607e+02
3.320000e-06	-5.004907e-09	-2.295488e-09	-2.479387e+01	-2.693980e+02
3.330000e-06	-5.067686e-09	-2.321861e-09	-2.510487e+01	-2.726576e+02
3.340000e-06	-5.128842e-09	-2.347726e-09	-2.540783e+01	-2.758384e+02
3.350000e-06	-5.188389e-09	-2.372919e-09	-2.570282e+01	-2.789395e+02
3.360000e-06	-5.246576e-09	-2.396913e-09	-2.599108e+01	-2.819600e+02
3.370000e-06	-5.303353e-09	-2.422872e-09	-2.627235e+01	-2.848992e+02
3.380000e-06	-5.358677e-09	-2.448477e-09	-2.654641e+01	-2.877560e+02
3.390000e-06	-5.412282e-09	-2.471282e-09	-2.681197e+01	-2.905298e+02
3.400000e-06	-5.463984e-09	-2.491379e-09	-2.706810e+01	-2.932197e+02
3.410000e-06	-5.513962e-09	-2.510060e-09	-2.731569e+01	-2.958249e+02
3.420000e-06	-5.562037e-09	-2.529979e-09	-2.755384e+01	-2.983446e+02
3.430000e-06	-5.608241e-09	-2.548995e-09	-2.778274e+01	-3.007782e+02
3.440000e-06	-5.653016e-09	-2.566532e-09	-2.800454e+01	-3.031250e+02
3.450000e-06	-5.696467e-09	-2.583286e-09	-2.821980e+01	-3.053842e+02
3.460000e-06	-5.738535e-09	-2.600754e-09	-2.842820e+01	-3.075553e+02
3.470000e-06	-5.779152e-09	-2.619589e-09	-2.862941e+01	-3.096376e+02
3.480000e-06	-5.818254e-09	-2.636365e-09	-2.882312e+01	-3.116304e+02
3.490000e-06	-5.855564e-09	-2.649748e-09	-2.900795e+01	-3.135333e+02
3.500000e-06	-5.891039e-09	-2.661277e-09	-2.918369e+01	-3.153456e+02
3.510000e-06	-5.924922e-09	-2.672478e-09	-2.935154e+01	-3.170669e+02
3.520000e-06	-5.957242e-09	-2.684011e-09	-2.951165e+01	-3.186967e+02
3.530000e-06	-5.987845e-09	-2.695433e-09	-2.966326e+01	-3.202345e+02
3.540000e-06	-6.016553e-09	-2.707094e-09	-2.980547e+01	-3.216798e+02
3.550000e-06	-6.043549e-09	-2.719124e-09	-2.993920e+01	-3.230322e+02
3.560000e-06	-6.068922e-09	-2.731030e-09	-3.006490e+01	-3.242914e+02
3.570000e-06	-6.092641e-09	-2.741008e-09	-3.018240e+01	-3.254569e+02
3.580000e-06	-6.114560e-09	-2.747902e-09	-3.029099e+01	-3.265285e+02
3.590000e-06	-6.134605e-09	-2.751977e-09	-3.039029e+01	-3.275058e+02
3.600000e-06	-6.153003e-09	-2.754928e-09	-3.048143e+01	-3.283886e+02
3.610000e-06	-6.169796e-09	-2.759246e-09	-3.056462e+01	-3.291765e+02
3.620000e-06	-6.184809e-09	-2.765441e-09	-3.063899e+01	-3.298695e+02
3.630000e-06	-6.197732e-09	-2.771117e-09	-3.070302e+01	-3.304672e+02
3.640000e-06	-6.208680e-09	-2.776657e-09	-3.075725e+01	-3.309695e+02
3.650000e-06	-6.217938e-09	-2.782242e-09	-3.080311e+01	-3.313762e+02
3.660000e-06	-6.225534e-09	-2.786239e-09	-3.084074e+01	-3.316873e+02
3.670000e-06	-6.231267e-09	-2.786681e-09	-3.086914e+01	-3.319027e+02
3.680000e-06	-6.235128e-09	-2.784831e-09	-3.088827e+01	-3.320222e+02
3.690000e-06	-6.237362e-09	-2.782147e-09	-3.089934e+01	-3.320459e+02
3.700000e-06	-6.237966e-09	-2.779511e-09	-3.090233e+01	-3.319737e+02
