# Temperatura_=_20.0
# Concentracion g/m^3_=_10000.0
# C_Vs_to_Am_M_A/Vsm_=_116720831517.84952
# pendiente_HvsI_1/m_=_3716.3
# ordenada_HvsI_A/m_=_1297.0
# frecuencia_Hz_=_213135.9057725851
# Promedio de 22 ciclos

Tiempo_(s)	Campo_(V.s)	Magnetizacion_(V.s)	Campo_(kA/m)	Magnetizacion_(A/m)
0.000000e+00	-7.877390e-09	-3.349105e-09	-3.832725e+01	-3.978890e+02
1.000000e-08	-7.876632e-09	-3.350541e-09	-3.832357e+01	-3.977769e+02
2.000000e-08	-7.874424e-09	-3.351943e-09	-3.831283e+01	-3.975934e+02
3.000000e-08	-7.870733e-09	-3.350825e-09	-3.829487e+01	-3.973385e+02
4.000000e-08	-7.865793e-09	-3.346111e-09	-3.827084e+01	-3.970121e+02
5.000000e-08	-7.859655e-09	-3.340780e-09	-3.824097e+01	-3.966145e+02
6.000000e-08	-7.852274e-09	-3.335873e-09	-3.820506e+01	-3.961455e+02
7.000000e-08	-7.843605e-09	-3.330299e-09	-3.816289e+01	-3.956054e+02
8.000000e-08	-7.833396e-09	-3.322549e-09	-3.811321e+01	-3.949942e+02
9.000000e-08	-7.821340e-09	-3.305350e-09	-3.805456e+01	-3.943120e+02
1.000000e-07	-7.807238e-09	-3.296703e-09	-3.798594e+01	-3.935589e+02
1.100000e-07	-7.791091e-09	-3.288829e-09	-3.790738e+01	-3.927352e+02
1.200000e-07	-7.773501e-09	-3.294408e-09	-3.782180e+01	-3.918409e+02
1.300000e-07	-7.755111e-09	-3.301319e-09	-3.773233e+01	-3.908761e+02
1.400000e-07	-7.735770e-09	-3.292723e-09	-3.763822e+01	-3.898411e+02
1.500000e-07	-7.715135e-09	-3.307546e-09	-3.753782e+01	-3.887361e+02
1.600000e-07	-7.693367e-09	-3.288733e-09	-3.743191e+01	-3.875612e+02
1.700000e-07	-7.670470e-09	-3.243218e-09	-3.732051e+01	-3.863167e+02
1.800000e-07	-7.646056e-09	-3.283386e-09	-3.720173e+01	-3.850028e+02
1.900000e-07	-7.620222e-09	-3.327507e-09	-3.707603e+01	-3.836197e+02
2.000000e-07	-7.593165e-09	-3.278251e-09	-3.694439e+01	-3.821676e+02
2.100000e-07	-7.564666e-09	-3.282109e-09	-3.680573e+01	-3.806469e+02
2.200000e-07	-7.534798e-09	-3.288060e-09	-3.666041e+01	-3.790577e+02
2.300000e-07	-7.503738e-09	-3.226269e-09	-3.650929e+01	-3.774005e+02
2.400000e-07	-7.471308e-09	-3.220962e-09	-3.635150e+01	-3.756754e+02
2.500000e-07	-7.437482e-09	-3.210027e-09	-3.618692e+01	-3.738828e+02
2.600000e-07	-7.402378e-09	-3.171935e-09	-3.601613e+01	-3.720231e+02
2.700000e-07	-7.365890e-09	-3.187418e-09	-3.583860e+01	-3.700965e+02
2.800000e-07	-7.328040e-09	-3.191971e-09	-3.565444e+01	-3.681033e+02
2.900000e-07	-7.288957e-09	-3.153439e-09	-3.546428e+01	-3.660440e+02
3.000000e-07	-7.248624e-09	-3.122172e-09	-3.526804e+01	-3.639190e+02
3.100000e-07	-7.206886e-09	-3.079363e-09	-3.506497e+01	-3.617285e+02
3.200000e-07	-7.163636e-09	-3.067377e-09	-3.485454e+01	-3.594730e+02
3.300000e-07	-7.119057e-09	-3.089617e-09	-3.463764e+01	-3.571530e+02
3.400000e-07	-7.073288e-09	-3.065908e-09	-3.441496e+01	-3.547687e+02
3.500000e-07	-7.026260e-09	-3.034536e-09	-3.418614e+01	-3.523207e+02
3.600000e-07	-6.977945e-09	-3.010743e-09	-3.395107e+01	-3.498093e+02
3.700000e-07	-6.928192e-09	-2.971294e-09	-3.370900e+01	-3.472351e+02
3.800000e-07	-6.876779e-09	-2.947853e-09	-3.345885e+01	-3.445985e+02
3.900000e-07	-6.823874e-09	-2.929502e-09	-3.320144e+01	-3.418999e+02
4.000000e-07	-6.769770e-09	-2.905076e-09	-3.293820e+01	-3.391399e+02
4.100000e-07	-6.714581e-09	-2.893596e-09	-3.266968e+01	-3.363189e+02
4.200000e-07	-6.658321e-09	-2.883825e-09	-3.239595e+01	-3.334375e+02
4.300000e-07	-6.600828e-09	-2.857456e-09	-3.211622e+01	-3.304961e+02
4.400000e-07	-6.541945e-09	-2.812315e-09	-3.182973e+01	-3.274954e+02
4.500000e-07	-6.481799e-09	-2.770594e-09	-3.153709e+01	-3.244357e+02
4.600000e-07	-6.420602e-09	-2.737388e-09	-3.123934e+01	-3.213178e+02
4.700000e-07	-6.358360e-09	-2.717374e-09	-3.093650e+01	-3.181421e+02
4.800000e-07	-6.295043e-09	-2.709103e-09	-3.062844e+01	-3.149092e+02
4.900000e-07	-6.230694e-09	-2.684646e-09	-3.031535e+01	-3.116197e+02
5.000000e-07	-6.165181e-09	-2.649740e-09	-2.999660e+01	-3.082741e+02
5.100000e-07	-6.098364e-09	-2.610378e-09	-2.967150e+01	-3.048732e+02
5.200000e-07	-6.030365e-09	-2.572365e-09	-2.934066e+01	-3.014174e+02
5.300000e-07	-5.961379e-09	-2.545719e-09	-2.900501e+01	-2.979074e+02
5.400000e-07	-5.891416e-09	-2.518016e-09	-2.866460e+01	-2.943439e+02
5.500000e-07	-5.820431e-09	-2.489916e-09	-2.831923e+01	-2.907275e+02
5.600000e-07	-5.748487e-09	-2.460012e-09	-2.796919e+01	-2.870588e+02
5.700000e-07	-5.675521e-09	-2.427622e-09	-2.761417e+01	-2.833384e+02
5.800000e-07	-5.601320e-09	-2.395498e-09	-2.725315e+01	-2.795672e+02
5.900000e-07	-5.525827e-09	-2.356702e-09	-2.688585e+01	-2.757456e+02
6.000000e-07	-5.449199e-09	-2.321099e-09	-2.651301e+01	-2.718745e+02
6.100000e-07	-5.371572e-09	-2.291005e-09	-2.613532e+01	-2.679545e+02
6.200000e-07	-5.292875e-09	-2.264951e-09	-2.575242e+01	-2.639862e+02
6.300000e-07	-5.213015e-09	-2.237476e-09	-2.536387e+01	-2.599705e+02
6.400000e-07	-5.132061e-09	-2.196902e-09	-2.496999e+01	-2.559081e+02
6.500000e-07	-5.050144e-09	-2.151164e-09	-2.457143e+01	-2.517996e+02
6.600000e-07	-4.967396e-09	-2.106433e-09	-2.416882e+01	-2.476458e+02
6.700000e-07	-4.883894e-09	-2.069665e-09	-2.376254e+01	-2.434475e+02
6.800000e-07	-4.799676e-09	-2.041364e-09	-2.335278e+01	-2.392054e+02
6.900000e-07	-4.714766e-09	-2.010264e-09	-2.293965e+01	-2.349202e+02
7.000000e-07	-4.629139e-09	-1.975284e-09	-2.252304e+01	-2.305928e+02
7.100000e-07	-4.542747e-09	-1.936432e-09	-2.210270e+01	-2.262239e+02
7.200000e-07	-4.455615e-09	-1.896909e-09	-2.167876e+01	-2.218143e+02
7.300000e-07	-4.367786e-09	-1.856530e-09	-2.125143e+01	-2.173648e+02
7.400000e-07	-4.279229e-09	-1.814393e-09	-2.082056e+01	-2.128762e+02
7.500000e-07	-4.189861e-09	-1.776562e-09	-2.038574e+01	-2.083492e+02
7.600000e-07	-4.099594e-09	-1.742262e-09	-1.994655e+01	-2.037848e+02
7.700000e-07	-4.008464e-09	-1.709875e-09	-1.950316e+01	-1.991837e+02
7.800000e-07	-3.916593e-09	-1.673666e-09	-1.905616e+01	-1.945467e+02
7.900000e-07	-3.824084e-09	-1.629574e-09	-1.860607e+01	-1.898747e+02
8.000000e-07	-3.730977e-09	-1.584117e-09	-1.815306e+01	-1.851685e+02
8.100000e-07	-3.637243e-09	-1.540995e-09	-1.769700e+01	-1.804290e+02
8.200000e-07	-3.542863e-09	-1.503949e-09	-1.723779e+01	-1.756570e+02
8.300000e-07	-3.447889e-09	-1.470196e-09	-1.677570e+01	-1.708533e+02
8.400000e-07	-3.352383e-09	-1.433107e-09	-1.631102e+01	-1.660189e+02
8.500000e-07	-3.256329e-09	-1.392674e-09	-1.584367e+01	-1.611546e+02
8.600000e-07	-3.159699e-09	-1.349271e-09	-1.537352e+01	-1.562612e+02
8.700000e-07	-3.062427e-09	-1.307189e-09	-1.490025e+01	-1.513397e+02
8.800000e-07	-2.964486e-09	-1.266807e-09	-1.442372e+01	-1.463909e+02
8.900000e-07	-2.865889e-09	-1.227637e-09	-1.394400e+01	-1.414157e+02
9.000000e-07	-2.766691e-09	-1.190739e-09	-1.346135e+01	-1.364150e+02
9.100000e-07	-2.666979e-09	-1.152449e-09	-1.297621e+01	-1.313898e+02
9.200000e-07	-2.566808e-09	-1.113255e-09	-1.248883e+01	-1.263408e+02
9.300000e-07	-2.466233e-09	-1.070628e-09	-1.199948e+01	-1.212691e+02
9.400000e-07	-2.365297e-09	-1.023686e-09	-1.150838e+01	-1.161754e+02
9.500000e-07	-2.264003e-09	-9.775727e-10	-1.101554e+01	-1.110608e+02
9.600000e-07	-2.162343e-09	-9.354280e-10	-1.052091e+01	-1.059262e+02
9.700000e-07	-2.060272e-09	-8.997329e-10	-1.002429e+01	-1.007724e+02
9.800000e-07	-1.957794e-09	-8.628179e-10	-9.525682e+00	-9.560040e+01
9.900000e-07	-1.854990e-09	-8.183541e-10	-9.025493e+00	-9.041114e+01
1.000000e-06	-1.751923e-09	-7.685231e-10	-8.524024e+00	-8.520553e+01
1.010000e-06	-1.648624e-09	-7.189513e-10	-8.021425e+00	-7.998451e+01
1.020000e-06	-1.545056e-09	-6.760138e-10	-7.517517e+00	-7.474902e+01
1.030000e-06	-1.441200e-09	-6.358413e-10	-7.012208e+00	-6.949999e+01
1.040000e-06	-1.337088e-09	-5.942844e-10	-6.505652e+00	-6.423836e+01
1.050000e-06	-1.232779e-09	-5.515038e-10	-5.998143e+00	-5.896509e+01
1.060000e-06	-1.128298e-09	-5.076940e-10	-5.489792e+00	-5.368110e+01
1.070000e-06	-1.023616e-09	-4.644188e-10	-4.980463e+00	-4.838736e+01
1.080000e-06	-9.187449e-10	-4.184270e-10	-4.470217e+00	-4.308482e+01
1.090000e-06	-8.137160e-10	-3.697266e-10	-3.959201e+00	-3.777441e+01
1.100000e-06	-7.085552e-10	-3.224886e-10	-3.447544e+00	-3.245710e+01
1.110000e-06	-6.032640e-10	-2.788215e-10	-2.935252e+00	-2.713384e+01
1.120000e-06	-4.978111e-10	-2.383958e-10	-2.422174e+00	-2.180558e+01
1.130000e-06	-3.922197e-10	-1.955495e-10	-1.908422e+00	-1.647328e+01
1.140000e-06	-2.865545e-10	-1.482987e-10	-1.394311e+00	-1.113789e+01
1.150000e-06	-1.808541e-10	-9.915441e-11	-8.800282e-01	-5.800382e+00
1.160000e-06	-7.512203e-11	-5.090051e-11	-3.655919e-01	-4.617008e-01
1.170000e-06	3.065507e-11	-3.903437e-12	1.490636e-01	4.877194e+00
1.180000e-06	1.364630e-10	4.412476e-11	6.638693e-01	1.021534e+01
1.190000e-06	2.422416e-10	9.241525e-11	1.178532e+00	1.555179e+01
1.200000e-06	3.479295e-10	1.401945e-10	1.692754e+00	2.088558e+01
1.210000e-06	4.535288e-10	1.869097e-10	2.206544e+00	2.621575e+01
1.220000e-06	5.590570e-10	2.328965e-10	2.719989e+00	3.154135e+01
1.230000e-06	6.644833e-10	2.795420e-10	3.232938e+00	3.686142e+01
1.240000e-06	7.697498e-10	3.257023e-10	3.745110e+00	4.217501e+01
1.250000e-06	8.748396e-10	3.707098e-10	4.256422e+00	4.748117e+01
1.260000e-06	9.797649e-10	4.153731e-10	4.766933e+00	5.277894e+01
1.270000e-06	1.084506e-09	4.623463e-10	5.276551e+00	5.806737e+01
1.280000e-06	1.189030e-09	5.119210e-10	5.785109e+00	6.334552e+01
1.290000e-06	1.293327e-09	5.614454e-10	6.292566e+00	6.861244e+01
1.300000e-06	1.397386e-09	6.094802e-10	6.798859e+00	7.386718e+01
1.310000e-06	1.501195e-09	6.558526e-10	7.303943e+00	7.910881e+01
1.320000e-06	1.604768e-09	7.019705e-10	7.807871e+00	8.433637e+01
1.330000e-06	1.708099e-09	7.489262e-10	8.310631e+00	8.954894e+01
1.340000e-06	1.811163e-09	7.960159e-10	8.812084e+00	9.474557e+01
1.350000e-06	1.913904e-09	8.431040e-10	9.311970e+00	9.992535e+01
1.360000e-06	2.016301e-09	8.898394e-10	9.810182e+00	1.050873e+02
1.370000e-06	2.118339e-09	9.362504e-10	1.030664e+01	1.102306e+02
1.380000e-06	2.219988e-09	9.823222e-10	1.080121e+01	1.153542e+02
1.390000e-06	2.321254e-09	1.026622e-09	1.129392e+01	1.204573e+02
1.400000e-06	2.422161e-09	1.069687e-09	1.178489e+01	1.255389e+02
1.410000e-06	2.522731e-09	1.113479e-09	1.227421e+01	1.305981e+02
1.420000e-06	2.622931e-09	1.159096e-09	1.276173e+01	1.356340e+02
1.430000e-06	2.722690e-09	1.205936e-09	1.324710e+01	1.406457e+02
1.440000e-06	2.821907e-09	1.251414e-09	1.372984e+01	1.456323e+02
1.450000e-06	2.920497e-09	1.294304e-09	1.420953e+01	1.505929e+02
1.460000e-06	3.018434e-09	1.336546e-09	1.468604e+01	1.555267e+02
1.470000e-06	3.115714e-09	1.380288e-09	1.515935e+01	1.604327e+02
1.480000e-06	3.212369e-09	1.425144e-09	1.562962e+01	1.653100e+02
1.490000e-06	3.308441e-09	1.469887e-09	1.609706e+01	1.701578e+02
1.500000e-06	3.403963e-09	1.513752e-09	1.656182e+01	1.749752e+02
1.510000e-06	3.498956e-09	1.556807e-09	1.702401e+01	1.797614e+02
1.520000e-06	3.593386e-09	1.600600e-09	1.748345e+01	1.845155e+02
1.530000e-06	3.687211e-09	1.644419e-09	1.793996e+01	1.892366e+02
1.540000e-06	3.780433e-09	1.685438e-09	1.839353e+01	1.939239e+02
1.550000e-06	3.873105e-09	1.724654e-09	1.884443e+01	1.985765e+02
1.560000e-06	3.965218e-09	1.765749e-09	1.929260e+01	2.031937e+02
1.570000e-06	4.056624e-09	1.810119e-09	1.973733e+01	2.077745e+02
1.580000e-06	4.147145e-09	1.855340e-09	2.017776e+01	2.123182e+02
1.590000e-06	4.236714e-09	1.896272e-09	2.061356e+01	2.168239e+02
1.600000e-06	4.325418e-09	1.933251e-09	2.104514e+01	2.212909e+02
1.610000e-06	4.413383e-09	1.971437e-09	2.147314e+01	2.257184e+02
1.620000e-06	4.500664e-09	2.012351e-09	2.189780e+01	2.301054e+02
1.630000e-06	4.587205e-09	2.053608e-09	2.231887e+01	2.344514e+02
1.640000e-06	4.672958e-09	2.092476e-09	2.273610e+01	2.387554e+02
1.650000e-06	4.757959e-09	2.128830e-09	2.314967e+01	2.430167e+02
1.660000e-06	4.842270e-09	2.165061e-09	2.355988e+01	2.472346e+02
1.670000e-06	4.925849e-09	2.202614e-09	2.396654e+01	2.514082e+02
1.680000e-06	5.008547e-09	2.239370e-09	2.436890e+01	2.555369e+02
1.690000e-06	5.090281e-09	2.273573e-09	2.476658e+01	2.596199e+02
1.700000e-06	5.171083e-09	2.306611e-09	2.515972e+01	2.636565e+02
1.710000e-06	5.250967e-09	2.341325e-09	2.554839e+01	2.676459e+02
1.720000e-06	5.329886e-09	2.377731e-09	2.593237e+01	2.715874e+02
1.730000e-06	5.407842e-09	2.412480e-09	2.631166e+01	2.754804e+02
1.740000e-06	5.484843e-09	2.443276e-09	2.668631e+01	2.793240e+02
1.750000e-06	5.560839e-09	2.471943e-09	2.705607e+01	2.831177e+02
1.760000e-06	5.635679e-09	2.502319e-09	2.742020e+01	2.868608e+02
1.770000e-06	5.709251e-09	2.535298e-09	2.777817e+01	2.905525e+02
1.780000e-06	5.781684e-09	2.568715e-09	2.813059e+01	2.941922e+02
1.790000e-06	5.853139e-09	2.599384e-09	2.847825e+01	2.977793e+02
1.800000e-06	5.923614e-09	2.628364e-09	2.882115e+01	3.013132e+02
1.810000e-06	5.993095e-09	2.657106e-09	2.915920e+01	3.047931e+02
1.820000e-06	6.061632e-09	2.685827e-09	2.949267e+01	3.082185e+02
1.830000e-06	6.129159e-09	2.713776e-09	2.982122e+01	3.115887e+02
1.840000e-06	6.195445e-09	2.739704e-09	3.014374e+01	3.149032e+02
1.850000e-06	6.260454e-09	2.765959e-09	3.046004e+01	3.181613e+02
1.860000e-06	6.324391e-09	2.794143e-09	3.077113e+01	3.213625e+02
1.870000e-06	6.387325e-09	2.824176e-09	3.107733e+01	3.245062e+02
1.880000e-06	6.449219e-09	2.853136e-09	3.137847e+01	3.275918e+02
1.890000e-06	6.510114e-09	2.878403e-09	3.167476e+01	3.306188e+02
1.900000e-06	6.570008e-09	2.901707e-09	3.196617e+01	3.335866e+02
1.910000e-06	6.628651e-09	2.924329e-09	3.225150e+01	3.364947e+02
1.920000e-06	6.685869e-09	2.947426e-09	3.252989e+01	3.393426e+02
1.930000e-06	6.741843e-09	2.970980e-09	3.280223e+01	3.421297e+02
1.940000e-06	6.796703e-09	2.993683e-09	3.306915e+01	3.448557e+02
1.950000e-06	6.850375e-09	3.015664e-09	3.333030e+01	3.475199e+02
1.960000e-06	6.902730e-09	3.036849e-09	3.358503e+01	3.501219e+02
1.970000e-06	6.953561e-09	3.057894e-09	3.383235e+01	3.526612e+02
1.980000e-06	7.002808e-09	3.077644e-09	3.407196e+01	3.551374e+02
1.990000e-06	7.050715e-09	3.094936e-09	3.430505e+01	3.575501e+02
2.000000e-06	7.097426e-09	3.110811e-09	3.453232e+01	3.598987e+02
2.010000e-06	7.142955e-09	3.126522e-09	3.475384e+01	3.621829e+02
2.020000e-06	7.187364e-09	3.143119e-09	3.496991e+01	3.644023e+02
2.030000e-06	7.230529e-09	3.160173e-09	3.517994e+01	3.665565e+02
2.040000e-06	7.272245e-09	3.176557e-09	3.538290e+01	3.686450e+02
2.050000e-06	7.312589e-09	3.191122e-09	3.557920e+01	3.706676e+02
2.060000e-06	7.351723e-09	3.204198e-09	3.576960e+01	3.726238e+02
2.070000e-06	7.389654e-09	3.217314e-09	3.595416e+01	3.745133e+02
2.080000e-06	7.426402e-09	3.230743e-09	3.613295e+01	3.763358e+02
2.090000e-06	7.461912e-09	3.244008e-09	3.630573e+01	3.780909e+02
2.100000e-06	7.495964e-09	3.255293e-09	3.647141e+01	3.797783e+02
2.110000e-06	7.528574e-09	3.264460e-09	3.663007e+01	3.813978e+02
2.120000e-06	7.559939e-09	3.273490e-09	3.678268e+01	3.829489e+02
2.130000e-06	7.590073e-09	3.283573e-09	3.692930e+01	3.844315e+02
2.140000e-06	7.618996e-09	3.294095e-09	3.707002e+01	3.858453e+02
2.150000e-06	7.646639e-09	3.303518e-09	3.720452e+01	3.871900e+02
2.160000e-06	7.672748e-09	3.311860e-09	3.733155e+01	3.884654e+02
2.170000e-06	7.697327e-09	3.319717e-09	3.745115e+01	3.896712e+02
2.180000e-06	7.720563e-09	3.326842e-09	3.756420e+01	3.908073e+02
2.190000e-06	7.742512e-09	3.332498e-09	3.767099e+01	3.918734e+02
2.200000e-06	7.763262e-09	3.336288e-09	3.777195e+01	3.928694e+02
2.210000e-06	7.782798e-09	3.339963e-09	3.786701e+01	3.937950e+02
2.220000e-06	7.800954e-09	3.344920e-09	3.795534e+01	3.946502e+02
2.230000e-06	7.817664e-09	3.350935e-09	3.803665e+01	3.954347e+02
2.240000e-06	7.832916e-09	3.356840e-09	3.811086e+01	3.961483e+02
2.250000e-06	7.846700e-09	3.360425e-09	3.817792e+01	3.967911e+02
2.260000e-06	7.858999e-09	3.361923e-09	3.823777e+01	3.973628e+02
2.270000e-06	7.869685e-09	3.363188e-09	3.828976e+01	3.978634e+02
2.280000e-06	7.878754e-09	3.364003e-09	3.833389e+01	3.982928e+02
2.290000e-06	7.886423e-09	3.364017e-09	3.837120e+01	3.986508e+02
2.300000e-06	7.892781e-09	3.363104e-09	3.840214e+01	3.989375e+02
2.310000e-06	7.897851e-09	3.361770e-09	3.842680e+01	3.991527e+02
2.320000e-06	7.901627e-09	3.361151e-09	3.844518e+01	3.992965e+02
2.330000e-06	7.903901e-09	3.359866e-09	3.845624e+01	3.993688e+02
2.340000e-06	7.904662e-09	3.357493e-09	3.845995e+01	3.993696e+02
2.350000e-06	7.904111e-09	3.354550e-09	3.845727e+01	3.992989e+02
2.360000e-06	7.902306e-09	3.352855e-09	3.844849e+01	3.991568e+02
2.370000e-06	7.899316e-09	3.352090e-09	3.843394e+01	3.989431e+02
2.380000e-06	7.895122e-09	3.351029e-09	3.841353e+01	3.986580e+02
2.390000e-06	7.889474e-09	3.347800e-09	3.838606e+01	3.983016e+02
2.400000e-06	7.882376e-09	3.341516e-09	3.835152e+01	3.978739e+02
2.410000e-06	7.874077e-09	3.336412e-09	3.831114e+01	3.973749e+02
2.420000e-06	7.864635e-09	3.334705e-09	3.826521e+01	3.968047e+02
2.430000e-06	7.853900e-09	3.349160e-09	3.821298e+01	3.961636e+02
2.440000e-06	7.841402e-09	3.348621e-09	3.815217e+01	3.954515e+02
2.450000e-06	7.826631e-09	3.340451e-09	3.808030e+01	3.946686e+02
2.460000e-06	7.809805e-09	3.312046e-09	3.799844e+01	3.938151e+02
2.470000e-06	7.791872e-09	3.290191e-09	3.791118e+01	3.928910e+02
2.480000e-06	7.773458e-09	3.283643e-09	3.782159e+01	3.918966e+02
2.490000e-06	7.753992e-09	3.240904e-09	3.772689e+01	3.908321e+02
2.500000e-06	7.732627e-09	3.256499e-09	3.762294e+01	3.896975e+02
2.510000e-06	7.709757e-09	3.306321e-09	3.751166e+01	3.884933e+02
2.520000e-06	7.685844e-09	3.269188e-09	3.739531e+01	3.872194e+02
2.530000e-06	7.660448e-09	3.255997e-09	3.727175e+01	3.858763e+02
2.540000e-06	7.633702e-09	3.324393e-09	3.714162e+01	3.844640e+02
2.550000e-06	7.605885e-09	3.304508e-09	3.700628e+01	3.829830e+02
2.560000e-06	7.576476e-09	3.286655e-09	3.686319e+01	3.814333e+02
2.570000e-06	7.545530e-09	3.336918e-09	3.671263e+01	3.798154e+02
2.580000e-06	7.513486e-09	3.299501e-09	3.655672e+01	3.781295e+02
2.590000e-06	7.480089e-09	3.278064e-09	3.639423e+01	3.763759e+02
2.600000e-06	7.445313e-09	3.301104e-09	3.622503e+01	3.745550e+02
2.610000e-06	7.409373e-09	3.238453e-09	3.605016e+01	3.726669e+02
2.620000e-06	7.371995e-09	3.217890e-09	3.586830e+01	3.707122e+02
2.630000e-06	7.333150e-09	3.236398e-09	3.567930e+01	3.686911e+02
2.640000e-06	7.293051e-09	3.199438e-09	3.548420e+01	3.666040e+02
2.650000e-06	7.251706e-09	3.223293e-09	3.528304e+01	3.644513e+02
2.660000e-06	7.209241e-09	3.202376e-09	3.507643e+01	3.622334e+02
2.670000e-06	7.165610e-09	3.111882e-09	3.486414e+01	3.599506e+02
2.680000e-06	7.120682e-09	3.121449e-09	3.464555e+01	3.576033e+02
2.690000e-06	7.074508e-09	3.101538e-09	3.442089e+01	3.551921e+02
2.700000e-06	7.026959e-09	3.077871e-09	3.418955e+01	3.527173e+02
2.710000e-06	6.978044e-09	3.101601e-09	3.395155e+01	3.501793e+02
2.720000e-06	6.927919e-09	3.053952e-09	3.370767e+01	3.475787e+02
2.730000e-06	6.876522e-09	3.024557e-09	3.345760e+01	3.449159e+02
2.740000e-06	6.823692e-09	2.997858e-09	3.320056e+01	3.421913e+02
2.750000e-06	6.769347e-09	2.955588e-09	3.293614e+01	3.394055e+02
2.760000e-06	6.713673e-09	2.937779e-09	3.266527e+01	3.365589e+02
2.770000e-06	6.656855e-09	2.898389e-09	3.238882e+01	3.336521e+02
2.780000e-06	6.598898e-09	2.892622e-09	3.210683e+01	3.306856e+02
2.790000e-06	6.539891e-09	2.885608e-09	3.181974e+01	3.276599e+02
2.800000e-06	6.479821e-09	2.860866e-09	3.152747e+01	3.245755e+02
2.810000e-06	6.418511e-09	2.832734e-09	3.122917e+01	3.214331e+02
2.820000e-06	6.355897e-09	2.760895e-09	3.092452e+01	3.182332e+02
2.830000e-06	6.292091e-09	2.722915e-09	3.061407e+01	3.149763e+02
2.840000e-06	6.227225e-09	2.701814e-09	3.029847e+01	3.116630e+02
2.850000e-06	6.161295e-09	2.686440e-09	2.997769e+01	3.082940e+02
2.860000e-06	6.094325e-09	2.679760e-09	2.965185e+01	3.048698e+02
2.870000e-06	6.026313e-09	2.630525e-09	2.932094e+01	3.013910e+02
2.880000e-06	5.957063e-09	2.591709e-09	2.898401e+01	2.978583e+02
2.890000e-06	5.886557e-09	2.554195e-09	2.864096e+01	2.942723e+02
2.900000e-06	5.814981e-09	2.520033e-09	2.829271e+01	2.906337e+02
2.910000e-06	5.742463e-09	2.495024e-09	2.793988e+01	2.869431e+02
2.920000e-06	5.668970e-09	2.452156e-09	2.758230e+01	2.832011e+02
2.930000e-06	5.594443e-09	2.426234e-09	2.721969e+01	2.794085e+02
2.940000e-06	5.518831e-09	2.395831e-09	2.685180e+01	2.755659e+02
2.950000e-06	5.441996e-09	2.362811e-09	2.647797e+01	2.716739e+02
2.960000e-06	5.363916e-09	2.322327e-09	2.609807e+01	2.677334e+02
2.970000e-06	5.284737e-09	2.268400e-09	2.571283e+01	2.637450e+02
2.980000e-06	5.204663e-09	2.237033e-09	2.532323e+01	2.597094e+02
2.990000e-06	5.123787e-09	2.211647e-09	2.492973e+01	2.556274e+02
3.000000e-06	5.042085e-09	2.190790e-09	2.453221e+01	2.514996e+02
3.010000e-06	4.959599e-09	2.156015e-09	2.413088e+01	2.473269e+02
3.020000e-06	4.876339e-09	2.103127e-09	2.372578e+01	2.431099e+02
3.030000e-06	4.792258e-09	2.056385e-09	2.331669e+01	2.388494e+02
3.040000e-06	4.707271e-09	2.012162e-09	2.290319e+01	2.345463e+02
3.050000e-06	4.621310e-09	1.979727e-09	2.248495e+01	2.302012e+02
3.060000e-06	4.534448e-09	1.945088e-09	2.206232e+01	2.258149e+02
3.070000e-06	4.446790e-09	1.908505e-09	2.163582e+01	2.213883e+02
3.080000e-06	4.358389e-09	1.876395e-09	2.120571e+01	2.169220e+02
3.090000e-06	4.269230e-09	1.837767e-09	2.077191e+01	2.124170e+02
3.100000e-06	4.179337e-09	1.795111e-09	2.033454e+01	2.078741e+02
3.110000e-06	4.088826e-09	1.740685e-09	1.989416e+01	2.032939e+02
3.120000e-06	3.997748e-09	1.687997e-09	1.945103e+01	1.986775e+02
3.130000e-06	3.906053e-09	1.648241e-09	1.900488e+01	1.940255e+02
3.140000e-06	3.813600e-09	1.616729e-09	1.855506e+01	1.893389e+02
3.150000e-06	3.720348e-09	1.587469e-09	1.810134e+01	1.846184e+02
3.160000e-06	3.626331e-09	1.545478e-09	1.764391e+01	1.798649e+02
3.170000e-06	3.531587e-09	1.496190e-09	1.718293e+01	1.750793e+02
3.180000e-06	3.436180e-09	1.448318e-09	1.671873e+01	1.702624e+02
3.190000e-06	3.340155e-09	1.405026e-09	1.625153e+01	1.654152e+02
3.200000e-06	3.243612e-09	1.365492e-09	1.578180e+01	1.605383e+02
3.210000e-06	3.146590e-09	1.321836e-09	1.530974e+01	1.556328e+02
3.220000e-06	3.049069e-09	1.276550e-09	1.483526e+01	1.506996e+02
3.230000e-06	2.951026e-09	1.231640e-09	1.435823e+01	1.457394e+02
3.240000e-06	2.852456e-09	1.188188e-09	1.387864e+01	1.407532e+02
3.250000e-06	2.753434e-09	1.146812e-09	1.339685e+01	1.357419e+02
3.260000e-06	2.654039e-09	1.102449e-09	1.291324e+01	1.307063e+02
3.270000e-06	2.554297e-09	1.057584e-09	1.242795e+01	1.256475e+02
3.280000e-06	2.454148e-09	1.014670e-09	1.194068e+01	1.205662e+02
3.290000e-06	2.353495e-09	9.705392e-10	1.145095e+01	1.154634e+02
3.300000e-06	2.252322e-09	9.221963e-10	1.095870e+01	1.103401e+02
3.310000e-06	2.150667e-09	8.695915e-10	1.046411e+01	1.051971e+02
3.320000e-06	2.048525e-09	8.200442e-10	9.967133e+00	1.000353e+02
3.330000e-06	1.945899e-09	7.773020e-10	9.467810e+00	9.485575e+01
3.340000e-06	1.842842e-09	7.385392e-10	8.966391e+00	8.965929e+01
3.350000e-06	1.739445e-09	6.976609e-10	8.463314e+00	8.444688e+01
3.360000e-06	1.635795e-09	6.496524e-10	7.959007e+00	7.921945e+01
3.370000e-06	1.531901e-09	5.987388e-10	7.453514e+00	7.397793e+01
3.380000e-06	1.427751e-09	5.490528e-10	6.946774e+00	6.872327e+01
3.390000e-06	1.323369e-09	5.013701e-10	6.438904e+00	6.345641e+01
3.400000e-06	1.218785e-09	4.538112e-10	5.930056e+00	5.817830e+01
3.410000e-06	1.114041e-09	4.048774e-10	5.420428e+00	5.288987e+01
3.420000e-06	1.009123e-09	3.593659e-10	4.909952e+00	4.759208e+01
3.430000e-06	9.040190e-10	3.162353e-10	4.398570e+00	4.228588e+01
3.440000e-06	7.987745e-10	2.715619e-10	3.886505e+00	3.697223e+01
3.450000e-06	6.933886e-10	2.236501e-10	3.373753e+00	3.165206e+01
3.460000e-06	5.878617e-10	1.719324e-10	2.860314e+00	2.632635e+01
3.470000e-06	4.822244e-10	1.220342e-10	2.346339e+00	2.099604e+01
3.480000e-06	3.765147e-10	7.546366e-11	1.832011e+00	1.566208e+01
3.490000e-06	2.707577e-10	3.001256e-11	1.317452e+00	1.032545e+01
3.500000e-06	1.649653e-10	-1.663455e-11	8.027223e-01	4.987081e+00
3.510000e-06	5.913570e-11	-6.554552e-11	2.878106e-01	-3.520533e-01
3.520000e-06	-4.671385e-11	-1.122926e-10	-2.271978e-01	-5.691000e+00
3.530000e-06	-1.525443e-10	-1.559275e-10	-7.421135e-01	-1.102880e+01
3.540000e-06	-2.583405e-10	-1.984230e-10	-1.256862e+00	-1.636450e+01
3.550000e-06	-3.640901e-10	-2.432035e-10	-1.771385e+00	-2.169714e+01
3.560000e-06	-4.697703e-10	-2.924884e-10	-2.285569e+00	-2.702576e+01
3.570000e-06	-5.753560e-10	-3.421363e-10	-2.799294e+00	-3.234941e+01
3.580000e-06	-6.808120e-10	-3.902277e-10	-3.312388e+00	-3.766714e+01
3.590000e-06	-7.861392e-10	-4.361717e-10	-3.824856e+00	-4.297799e+01
3.600000e-06	-8.913235e-10	-4.804356e-10	-4.336627e+00	-4.828100e+01
3.610000e-06	-9.963154e-10	-5.245502e-10	-4.847463e+00	-5.357523e+01
3.620000e-06	-1.101115e-09	-5.679570e-10	-5.357362e+00	-5.885972e+01
3.630000e-06	-1.205720e-09	-6.125355e-10	-5.866317e+00	-6.413354e+01
3.640000e-06	-1.310128e-09	-6.589520e-10	-6.374310e+00	-6.939573e+01
3.650000e-06	-1.414312e-09	-7.064978e-10	-6.881218e+00	-7.464534e+01
3.660000e-06	-1.518254e-09	-7.541191e-10	-7.386946e+00	-7.988145e+01
3.670000e-06	-1.621938e-09	-8.000611e-10	-7.891418e+00	-8.510310e+01
3.680000e-06	-1.725303e-09	-8.447035e-10	-8.394338e+00	-9.030937e+01
3.690000e-06	-1.828321e-09	-8.871413e-10	-8.895568e+00	-9.549931e+01
3.700000e-06	-1.930967e-09	-9.278725e-10	-9.394989e+00	-1.006720e+02
3.710000e-06	-2.033175e-09	-9.683251e-10	-9.892282e+00	-1.058265e+02
3.720000e-06	-2.134884e-09	-1.009614e-09	-1.038715e+01	-1.109619e+02
3.730000e-06	-2.236085e-09	-1.053893e-09	-1.087954e+01	-1.160773e+02
3.740000e-06	-2.336789e-09	-1.099325e-09	-1.136951e+01	-1.211718e+02
3.750000e-06	-2.437003e-09	-1.144690e-09	-1.185710e+01	-1.262443e+02
3.760000e-06	-2.536784e-09	-1.189145e-09	-1.234258e+01	-1.312942e+02
3.770000e-06	-2.636152e-09	-1.232122e-09	-1.282606e+01	-1.363203e+02
3.780000e-06	-2.735111e-09	-1.273791e-09	-1.330753e+01	-1.413219e+02
3.790000e-06	-2.833669e-09	-1.313763e-09	-1.378707e+01	-1.462980e+02
3.800000e-06	-2.931783e-09	-1.353153e-09	-1.426444e+01	-1.512477e+02
3.810000e-06	-3.029398e-09	-1.392140e-09	-1.473938e+01	-1.561702e+02
3.820000e-06	-3.126477e-09	-1.432174e-09	-1.521172e+01	-1.610646e+02
3.830000e-06	-3.223040e-09	-1.473663e-09	-1.568155e+01	-1.659299e+02
3.840000e-06	-3.319138e-09	-1.513576e-09	-1.614911e+01	-1.707654e+02
3.850000e-06	-3.414775e-09	-1.552046e-09	-1.661443e+01	-1.755701e+02
3.860000e-06	-3.509891e-09	-1.591117e-09	-1.707721e+01	-1.803432e+02
3.870000e-06	-3.604362e-09	-1.632217e-09	-1.753686e+01	-1.850838e+02
3.880000e-06	-3.698032e-09	-1.673861e-09	-1.799261e+01	-1.897911e+02
3.890000e-06	-3.790846e-09	-1.714203e-09	-1.844420e+01	-1.944643e+02
3.900000e-06	-3.882876e-09	-1.752803e-09	-1.889197e+01	-1.991024e+02
3.910000e-06	-3.974219e-09	-1.788773e-09	-1.933639e+01	-2.037047e+02
3.920000e-06	-4.064912e-09	-1.823999e-09	-1.977766e+01	-2.082704e+02
3.930000e-06	-4.154891e-09	-1.859571e-09	-2.021545e+01	-2.127986e+02
3.940000e-06	-4.244103e-09	-1.895695e-09	-2.064951e+01	-2.172885e+02
3.950000e-06	-4.332580e-09	-1.933207e-09	-2.107999e+01	-2.217393e+02
3.960000e-06	-4.420404e-09	-1.971461e-09	-2.150730e+01	-2.261502e+02
3.970000e-06	-4.507588e-09	-2.009328e-09	-2.193149e+01	-2.305204e+02
3.980000e-06	-4.593980e-09	-2.044747e-09	-2.235183e+01	-2.348491e+02
3.990000e-06	-4.679384e-09	-2.077169e-09	-2.276736e+01	-2.391356e+02
4.000000e-06	-4.763764e-09	-2.109877e-09	-2.317791e+01	-2.433791e+02
4.010000e-06	-4.847280e-09	-2.143753e-09	-2.358426e+01	-2.475788e+02
4.020000e-06	-4.930048e-09	-2.179262e-09	-2.398697e+01	-2.517340e+02
4.030000e-06	-5.012025e-09	-2.216481e-09	-2.438582e+01	-2.558440e+02
4.040000e-06	-5.093160e-09	-2.253240e-09	-2.478058e+01	-2.599079e+02
4.050000e-06	-5.173466e-09	-2.287617e-09	-2.517131e+01	-2.639250e+02
4.060000e-06	-5.252970e-09	-2.319334e-09	-2.555814e+01	-2.678948e+02
4.070000e-06	-5.331568e-09	-2.350304e-09	-2.594056e+01	-2.718163e+02
4.080000e-06	-5.409009e-09	-2.380665e-09	-2.631735e+01	-2.756890e+02
4.090000e-06	-5.485171e-09	-2.410396e-09	-2.668791e+01	-2.795121e+02
4.100000e-06	-5.560191e-09	-2.440340e-09	-2.705292e+01	-2.832849e+02
4.110000e-06	-5.634206e-09	-2.470392e-09	-2.741304e+01	-2.870068e+02
4.120000e-06	-5.707264e-09	-2.501100e-09	-2.776850e+01	-2.906771e+02
4.130000e-06	-5.779416e-09	-2.531524e-09	-2.811955e+01	-2.942952e+02
4.140000e-06	-5.850666e-09	-2.560667e-09	-2.846622e+01	-2.978604e+02
4.150000e-06	-5.920850e-09	-2.589202e-09	-2.880770e+01	-3.013720e+02
4.160000e-06	-5.989766e-09	-2.616692e-09	-2.914301e+01	-3.048294e+02
4.170000e-06	-6.057516e-09	-2.641964e-09	-2.947265e+01	-3.082320e+02
4.180000e-06	-6.124300e-09	-2.664881e-09	-2.979758e+01	-3.115793e+02
4.190000e-06	-6.190112e-09	-2.687496e-09	-3.011779e+01	-3.148705e+02
4.200000e-06	-6.254905e-09	-2.711615e-09	-3.043304e+01	-3.181052e+02
4.210000e-06	-6.318688e-09	-2.736903e-09	-3.074338e+01	-3.212826e+02
4.220000e-06	-6.381370e-09	-2.762792e-09	-3.104835e+01	-3.244023e+02
4.230000e-06	-6.442731e-09	-2.788380e-09	-3.134690e+01	-3.274637e+02
4.240000e-06	-6.502791e-09	-2.813332e-09	-3.163913e+01	-3.304663e+02
4.250000e-06	-6.561794e-09	-2.837404e-09	-3.192621e+01	-3.334095e+02
4.260000e-06	-6.619729e-09	-2.860026e-09	-3.220809e+01	-3.362927e+02
4.270000e-06	-6.676504e-09	-2.881064e-09	-3.248433e+01	-3.391155e+02
4.280000e-06	-6.732150e-09	-2.900867e-09	-3.275507e+01	-3.418774e+02
4.290000e-06	-6.786550e-09	-2.920991e-09	-3.301975e+01	-3.445778e+02
4.300000e-06	-6.839453e-09	-2.942125e-09	-3.327715e+01	-3.472163e+02
4.310000e-06	-6.890912e-09	-2.964080e-09	-3.352753e+01	-3.497924e+02
4.320000e-06	-6.941068e-09	-2.985218e-09	-3.377156e+01	-3.523056e+02
4.330000e-06	-6.989764e-09	-3.004564e-09	-3.400849e+01	-3.547556e+02
4.340000e-06	-7.036901e-09	-3.023094e-09	-3.423784e+01	-3.571418e+02
4.350000e-06	-7.082720e-09	-3.041167e-09	-3.446077e+01	-3.594638e+02
4.360000e-06	-7.127453e-09	-3.058714e-09	-3.467842e+01	-3.617212e+02
4.370000e-06	-7.171173e-09	-3.074836e-09	-3.489114e+01	-3.639136e+02
4.380000e-06	-7.213874e-09	-3.089453e-09	-3.509890e+01	-3.660406e+02
4.390000e-06	-7.255405e-09	-3.104387e-09	-3.530097e+01	-3.681019e+02
4.400000e-06	-7.295727e-09	-3.121374e-09	-3.549715e+01	-3.700970e+02
4.410000e-06	-7.334890e-09	-3.139027e-09	-3.568770e+01	-3.720256e+02
4.420000e-06	-7.372688e-09	-3.153942e-09	-3.587161e+01	-3.738874e+02
4.430000e-06	-7.408982e-09	-3.167011e-09	-3.604820e+01	-3.756820e+02
4.440000e-06	-7.443990e-09	-3.181222e-09	-3.621853e+01	-3.774091e+02
4.450000e-06	-7.477777e-09	-3.195841e-09	-3.638292e+01	-3.790684e+02
4.460000e-06	-7.510281e-09	-3.208024e-09	-3.654107e+01	-3.806595e+02
4.470000e-06	-7.541522e-09	-3.217465e-09	-3.669307e+01	-3.821823e+02
4.480000e-06	-7.571317e-09	-3.227010e-09	-3.683804e+01	-3.836364e+02
4.490000e-06	-7.599596e-09	-3.238059e-09	-3.697563e+01	-3.850216e+02
4.500000e-06	-7.626566e-09	-3.249859e-09	-3.710685e+01	-3.863376e+02
4.510000e-06	-7.652245e-09	-3.260060e-09	-3.723180e+01	-3.875842e+02
4.520000e-06	-7.676615e-09	-3.268349e-09	-3.735037e+01	-3.887611e+02
4.530000e-06	-7.699724e-09	-3.276956e-09	-3.746281e+01	-3.898682e+02
4.540000e-06	-7.721387e-09	-3.287159e-09	-3.756821e+01	-3.909053e+02
4.550000e-06	-7.741547e-09	-3.297588e-09	-3.766630e+01	-3.918721e+02
4.560000e-06	-7.760393e-09	-3.304937e-09	-3.775799e+01	-3.927685e+02
4.570000e-06	-7.777984e-09	-3.309542e-09	-3.784358e+01	-3.935944e+02
4.580000e-06	-7.794289e-09	-3.313279e-09	-3.792292e+01	-3.943495e+02
4.590000e-06	-7.809191e-09	-3.317287e-09	-3.799542e+01	-3.950338e+02
4.600000e-06	-7.822433e-09	-3.322449e-09	-3.805985e+01	-3.956472e+02
4.610000e-06	-7.834044e-09	-3.328383e-09	-3.811635e+01	-3.961894e+02
4.620000e-06	-7.844244e-09	-3.334653e-09	-3.816598e+01	-3.966605e+02
4.630000e-06	-7.853110e-09	-3.340436e-09	-3.820911e+01	-3.970603e+02
4.640000e-06	-7.860686e-09	-3.345063e-09	-3.824598e+01	-3.973887e+02
4.650000e-06	-7.866844e-09	-3.348775e-09	-3.827594e+01	-3.976458e+02
4.660000e-06	-7.871465e-09	-3.350566e-09	-3.829842e+01	-3.978314e+02
4.670000e-06	-7.874717e-09	-3.350241e-09	-3.831425e+01	-3.979456e+02
4.680000e-06	-7.876704e-09	-3.349243e-09	-3.832391e+01	-3.979883e+02
4.690000e-06	-7.877409e-09	-3.348479e-09	-3.832735e+01	-3.979594e+02
