# Temperatura_=_20.0
# Concentracion g/m^3_=_10000.0
# C_Vs_to_Am_M_A/Vsm_=_116720831517.84952
# pendiente_HvsI_1/m_=_3716.3
# ordenada_HvsI_A/m_=_1297.0
# frecuencia_Hz_=_213117.95941858683
# Promedio de 21 ciclos

Tiempo_(s)	Campo_(V.s)	Magnetizacion_(V.s)	Campo_(kA/m)	Magnetizacion_(A/m)
0.000000e+00	-7.175822e-09	-3.062744e-09	-3.464423e+01	-3.630631e+02
1.000000e-08	-7.175329e-09	-3.062486e-09	-3.464185e+01	-3.629528e+02
2.000000e-08	-7.173578e-09	-3.060147e-09	-3.463339e+01	-3.627773e+02
3.000000e-08	-7.170351e-09	-3.057177e-09	-3.461781e+01	-3.625367e+02
4.000000e-08	-7.165946e-09	-3.052169e-09	-3.459655e+01	-3.622309e+02
5.000000e-08	-7.160508e-09	-3.046288e-09	-3.457029e+01	-3.618601e+02
6.000000e-08	-7.153879e-09	-3.043595e-09	-3.453829e+01	-3.614243e+02
7.000000e-08	-7.146103e-09	-3.048066e-09	-3.450075e+01	-3.609235e+02
8.000000e-08	-7.137173e-09	-3.046178e-09	-3.445764e+01	-3.603580e+02
9.000000e-08	-7.126578e-09	-3.001349e-09	-3.440648e+01	-3.597277e+02
1.000000e-07	-7.113992e-09	-2.958621e-09	-3.434572e+01	-3.590328e+02
1.100000e-07	-7.099696e-09	-2.970431e-09	-3.427670e+01	-3.582734e+02
1.200000e-07	-7.084092e-09	-3.047579e-09	-3.420136e+01	-3.574496e+02
1.300000e-07	-7.067445e-09	-3.034295e-09	-3.412100e+01	-3.565617e+02
1.400000e-07	-7.049607e-09	-2.928135e-09	-3.403488e+01	-3.556097e+02
1.500000e-07	-7.030442e-09	-3.005603e-09	-3.394235e+01	-3.545939e+02
1.600000e-07	-7.010379e-09	-3.057482e-09	-3.384548e+01	-3.535143e+02
1.700000e-07	-6.989444e-09	-2.915564e-09	-3.374441e+01	-3.523713e+02
1.800000e-07	-6.967096e-09	-2.947199e-09	-3.363652e+01	-3.511649e+02
1.900000e-07	-6.943596e-09	-3.092549e-09	-3.352306e+01	-3.498955e+02
2.000000e-07	-6.919245e-09	-2.989127e-09	-3.340550e+01	-3.485632e+02
2.100000e-07	-6.893400e-09	-2.962112e-09	-3.328072e+01	-3.471684e+02
2.200000e-07	-6.865974e-09	-3.077986e-09	-3.314831e+01	-3.457111e+02
2.300000e-07	-6.837469e-09	-2.954614e-09	-3.301069e+01	-3.441918e+02
2.400000e-07	-6.807794e-09	-2.908706e-09	-3.286742e+01	-3.426107e+02
2.500000e-07	-6.776999e-09	-2.990937e-09	-3.271875e+01	-3.409680e+02
2.600000e-07	-6.745275e-09	-2.887801e-09	-3.256559e+01	-3.392640e+02
2.700000e-07	-6.712283e-09	-2.864059e-09	-3.240631e+01	-3.374991e+02
2.800000e-07	-6.677831e-09	-2.952158e-09	-3.223997e+01	-3.356736e+02
2.900000e-07	-6.642151e-09	-2.890954e-09	-3.206771e+01	-3.337878e+02
3.000000e-07	-6.605307e-09	-2.849244e-09	-3.188983e+01	-3.318420e+02
3.100000e-07	-6.567270e-09	-2.848550e-09	-3.170620e+01	-3.298367e+02
3.200000e-07	-6.528116e-09	-2.778005e-09	-3.151717e+01	-3.277720e+02
3.300000e-07	-6.487989e-09	-2.795413e-09	-3.132343e+01	-3.256485e+02
3.400000e-07	-6.446830e-09	-2.821427e-09	-3.112472e+01	-3.234665e+02
3.500000e-07	-6.404245e-09	-2.757255e-09	-3.091913e+01	-3.212264e+02
3.600000e-07	-6.360262e-09	-2.748619e-09	-3.070678e+01	-3.189285e+02
3.700000e-07	-6.315174e-09	-2.748488e-09	-3.048910e+01	-3.165734e+02
3.800000e-07	-6.268974e-09	-2.696771e-09	-3.026605e+01	-3.141614e+02
3.900000e-07	-6.221683e-09	-2.676014e-09	-3.003774e+01	-3.116930e+02
4.000000e-07	-6.173361e-09	-2.653212e-09	-2.980444e+01	-3.091685e+02
4.100000e-07	-6.123741e-09	-2.620394e-09	-2.956488e+01	-3.065885e+02
4.200000e-07	-6.072584e-09	-2.616688e-09	-2.931790e+01	-3.039535e+02
4.300000e-07	-6.020089e-09	-2.613627e-09	-2.906446e+01	-3.012638e+02
4.400000e-07	-5.966471e-09	-2.577336e-09	-2.880560e+01	-2.985200e+02
4.500000e-07	-5.911804e-09	-2.537015e-09	-2.854167e+01	-2.957225e+02
4.600000e-07	-5.856236e-09	-2.518521e-09	-2.827339e+01	-2.928720e+02
4.700000e-07	-5.799819e-09	-2.489567e-09	-2.800101e+01	-2.899687e+02
4.800000e-07	-5.742241e-09	-2.471813e-09	-2.772303e+01	-2.870134e+02
4.900000e-07	-5.683299e-09	-2.458435e-09	-2.743847e+01	-2.840066e+02
5.000000e-07	-5.623277e-09	-2.421297e-09	-2.714869e+01	-2.809487e+02
5.100000e-07	-5.562393e-09	-2.392328e-09	-2.685474e+01	-2.778403e+02
5.200000e-07	-5.500611e-09	-2.363407e-09	-2.655647e+01	-2.746819e+02
5.300000e-07	-5.437905e-09	-2.333558e-09	-2.625373e+01	-2.714742e+02
5.400000e-07	-5.374318e-09	-2.310911e-09	-2.594673e+01	-2.682178e+02
5.500000e-07	-5.309902e-09	-2.280970e-09	-2.563574e+01	-2.649131e+02
5.600000e-07	-5.244448e-09	-2.251220e-09	-2.531973e+01	-2.615608e+02
5.700000e-07	-5.177710e-09	-2.222864e-09	-2.499753e+01	-2.581615e+02
5.800000e-07	-5.109908e-09	-2.198185e-09	-2.467019e+01	-2.547158e+02
5.900000e-07	-5.041377e-09	-2.165883e-09	-2.433933e+01	-2.512243e+02
6.000000e-07	-4.972092e-09	-2.126413e-09	-2.400482e+01	-2.476877e+02
6.100000e-07	-4.901933e-09	-2.094485e-09	-2.366610e+01	-2.441066e+02
6.200000e-07	-4.830913e-09	-2.064474e-09	-2.332322e+01	-2.404815e+02
6.300000e-07	-4.759118e-09	-2.043489e-09	-2.297661e+01	-2.368133e+02
6.400000e-07	-4.686566e-09	-2.016099e-09	-2.262633e+01	-2.331024e+02
6.500000e-07	-4.613047e-09	-1.973510e-09	-2.227139e+01	-2.293497e+02
6.600000e-07	-4.538393e-09	-1.935464e-09	-2.191096e+01	-2.255557e+02
6.700000e-07	-4.462696e-09	-1.902226e-09	-2.154551e+01	-2.217212e+02
6.800000e-07	-4.386134e-09	-1.873940e-09	-2.117587e+01	-2.178468e+02
6.900000e-07	-4.308814e-09	-1.841643e-09	-2.080258e+01	-2.139332e+02
7.000000e-07	-4.230716e-09	-1.803246e-09	-2.042553e+01	-2.099812e+02
7.100000e-07	-4.151759e-09	-1.768464e-09	-2.004433e+01	-2.059914e+02
7.200000e-07	-4.071849e-09	-1.734901e-09	-1.965853e+01	-2.019646e+02
7.300000e-07	-3.991039e-09	-1.701971e-09	-1.926839e+01	-1.979014e+02
7.400000e-07	-3.909497e-09	-1.663737e-09	-1.887471e+01	-1.938027e+02
7.500000e-07	-3.827303e-09	-1.624504e-09	-1.847789e+01	-1.896690e+02
7.600000e-07	-3.744491e-09	-1.589276e-09	-1.807808e+01	-1.855013e+02
7.700000e-07	-3.661096e-09	-1.554210e-09	-1.767546e+01	-1.813002e+02
7.800000e-07	-3.577183e-09	-1.520758e-09	-1.727033e+01	-1.770665e+02
7.900000e-07	-3.492813e-09	-1.482212e-09	-1.686300e+01	-1.728009e+02
8.000000e-07	-3.407956e-09	-1.440246e-09	-1.645332e+01	-1.685042e+02
8.100000e-07	-3.322557e-09	-1.400795e-09	-1.604102e+01	-1.641772e+02
8.200000e-07	-3.236594e-09	-1.364254e-09	-1.562600e+01	-1.598207e+02
8.300000e-07	-3.150081e-09	-1.331424e-09	-1.520832e+01	-1.554354e+02
8.400000e-07	-3.063045e-09	-1.295574e-09	-1.478812e+01	-1.510221e+02
8.500000e-07	-2.975512e-09	-1.257580e-09	-1.436552e+01	-1.465816e+02
8.600000e-07	-2.887519e-09	-1.218932e-09	-1.394070e+01	-1.421147e+02
8.700000e-07	-2.799092e-09	-1.178532e-09	-1.351377e+01	-1.376223e+02
8.800000e-07	-2.710202e-09	-1.139678e-09	-1.308462e+01	-1.331050e+02
8.900000e-07	-2.620763e-09	-1.099997e-09	-1.265282e+01	-1.285638e+02
9.000000e-07	-2.530691e-09	-1.062580e-09	-1.221796e+01	-1.239994e+02
9.100000e-07	-2.439996e-09	-1.027428e-09	-1.178009e+01	-1.194127e+02
9.200000e-07	-2.348743e-09	-9.913912e-10	-1.133953e+01	-1.148044e+02
9.300000e-07	-2.257003e-09	-9.555781e-10	-1.089662e+01	-1.101755e+02
9.400000e-07	-2.164887e-09	-9.160927e-10	-1.045189e+01	-1.055267e+02
9.500000e-07	-2.072479e-09	-8.751162e-10	-1.000575e+01	-1.008588e+02
9.600000e-07	-1.979796e-09	-8.337181e-10	-9.558287e+00	-9.617279e+01
9.700000e-07	-1.886830e-09	-7.935636e-10	-9.109457e+00	-9.146940e+01
9.800000e-07	-1.793573e-09	-7.564334e-10	-8.659220e+00	-8.674949e+01
9.900000e-07	-1.700032e-09	-7.179528e-10	-8.207614e+00	-8.201393e+01
1.000000e-06	-1.606197e-09	-6.795633e-10	-7.754584e+00	-7.726355e+01
1.010000e-06	-1.512050e-09	-6.414548e-10	-7.300052e+00	-7.249921e+01
1.020000e-06	-1.417619e-09	-6.038563e-10	-6.844148e+00	-6.772175e+01
1.030000e-06	-1.322940e-09	-5.647910e-10	-6.387044e+00	-6.293205e+01
1.040000e-06	-1.228042e-09	-5.208014e-10	-5.928887e+00	-5.813095e+01
1.050000e-06	-1.132969e-09	-4.789056e-10	-5.469885e+00	-5.331932e+01
1.060000e-06	-1.037735e-09	-4.400001e-10	-5.010100e+00	-4.849802e+01
1.070000e-06	-9.423265e-10	-4.040563e-10	-4.549478e+00	-4.366791e+01
1.080000e-06	-8.467688e-10	-3.679808e-10	-4.088134e+00	-3.882987e+01
1.090000e-06	-7.510871e-10	-3.278355e-10	-3.626191e+00	-3.398475e+01
1.100000e-06	-6.552914e-10	-2.879646e-10	-3.163698e+00	-2.913343e+01
1.110000e-06	-5.593922e-10	-2.480961e-10	-2.700704e+00	-2.427677e+01
1.120000e-06	-4.634018e-10	-2.085007e-10	-2.237271e+00	-1.941566e+01
1.130000e-06	-3.673515e-10	-1.665101e-10	-1.773549e+00	-1.455095e+01
1.140000e-06	-2.712626e-10	-1.229479e-10	-1.309640e+00	-9.683521e+00
1.150000e-06	-1.751504e-10	-8.094933e-11	-8.456184e-01	-4.814249e+00
1.160000e-06	-7.901166e-11	-4.002832e-11	-3.814688e-01	5.599552e-02
1.170000e-06	1.716557e-11	-5.557221e-13	8.286656e-02	4.926340e+00
1.180000e-06	1.133410e-10	3.969560e-11	5.471930e-01	9.795910e+00
1.190000e-06	2.094782e-10	8.228632e-11	1.011335e+00	1.466383e+01
1.200000e-06	3.055591e-10	1.246418e-10	1.475206e+00	1.952924e+01
1.210000e-06	4.015799e-10	1.665486e-10	1.938786e+00	2.439125e+01
1.220000e-06	4.975630e-10	2.082740e-10	2.402184e+00	2.924900e+01
1.230000e-06	5.934883e-10	2.503295e-10	2.865303e+00	3.410161e+01
1.240000e-06	6.893131e-10	2.934061e-10	3.327937e+00	3.894822e+01
1.250000e-06	7.850178e-10	3.361794e-10	3.789991e+00	4.378795e+01
1.260000e-06	8.805940e-10	3.790103e-10	4.251424e+00	4.861994e+01
1.270000e-06	9.760221e-10	4.190296e-10	4.712143e+00	5.344332e+01
1.280000e-06	1.071275e-09	4.582131e-10	5.172015e+00	5.825723e+01
1.290000e-06	1.166340e-09	4.992772e-10	5.630981e+00	6.306081e+01
1.300000e-06	1.261204e-09	5.400245e-10	6.088978e+00	6.785318e+01
1.310000e-06	1.355864e-09	5.814083e-10	6.545986e+00	7.263350e+01
1.320000e-06	1.450305e-09	6.236025e-10	7.001939e+00	7.740090e+01
1.330000e-06	1.544493e-09	6.665298e-10	7.456668e+00	8.215454e+01
1.340000e-06	1.638395e-09	7.091307e-10	7.910022e+00	8.689355e+01
1.350000e-06	1.731989e-09	7.500410e-10	8.361883e+00	9.161710e+01
1.360000e-06	1.825284e-09	7.911727e-10	8.812305e+00	9.632432e+01
1.370000e-06	1.918287e-09	8.332746e-10	9.261314e+00	1.010144e+02
1.380000e-06	2.010991e-09	8.758611e-10	9.708883e+00	1.056864e+02
1.390000e-06	2.103408e-09	9.174587e-10	1.015506e+01	1.103397e+02
1.400000e-06	2.195545e-09	9.583708e-10	1.059989e+01	1.149732e+02
1.410000e-06	2.287377e-09	9.991461e-10	1.104325e+01	1.195862e+02
1.420000e-06	2.378825e-09	1.039516e-09	1.148475e+01	1.241780e+02
1.430000e-06	2.469762e-09	1.080280e-09	1.192379e+01	1.287475e+02
1.440000e-06	2.560087e-09	1.121001e-09	1.235987e+01	1.332941e+02
1.450000e-06	2.649752e-09	1.162198e-09	1.279276e+01	1.378169e+02
1.460000e-06	2.738789e-09	1.203019e-09	1.322263e+01	1.423150e+02
1.470000e-06	2.827307e-09	1.242026e-09	1.364998e+01	1.467878e+02
1.480000e-06	2.915380e-09	1.281067e-09	1.407519e+01	1.512344e+02
1.490000e-06	3.003013e-09	1.320811e-09	1.449827e+01	1.556539e+02
1.500000e-06	3.090174e-09	1.361273e-09	1.491908e+01	1.600457e+02
1.510000e-06	3.176851e-09	1.403082e-09	1.533755e+01	1.644088e+02
1.520000e-06	3.263013e-09	1.444754e-09	1.575353e+01	1.687426e+02
1.530000e-06	3.348616e-09	1.485704e-09	1.616682e+01	1.730463e+02
1.540000e-06	3.433672e-09	1.524312e-09	1.657746e+01	1.773190e+02
1.550000e-06	3.518232e-09	1.560860e-09	1.698571e+01	1.815601e+02
1.560000e-06	3.602313e-09	1.596960e-09	1.739164e+01	1.857687e+02
1.570000e-06	3.685847e-09	1.633931e-09	1.779494e+01	1.899441e+02
1.580000e-06	3.768699e-09	1.671703e-09	1.819494e+01	1.940855e+02
1.590000e-06	3.850794e-09	1.708194e-09	1.859129e+01	1.981923e+02
1.600000e-06	3.932187e-09	1.744141e-09	1.898425e+01	2.022636e+02
1.610000e-06	4.012921e-09	1.779984e-09	1.937402e+01	2.062988e+02
1.620000e-06	4.092918e-09	1.816121e-09	1.976024e+01	2.102971e+02
1.630000e-06	4.172111e-09	1.852680e-09	2.014258e+01	2.142578e+02
1.640000e-06	4.250518e-09	1.888020e-09	2.052112e+01	2.181802e+02
1.650000e-06	4.328173e-09	1.921927e-09	2.089603e+01	2.220635e+02
1.660000e-06	4.405090e-09	1.954819e-09	2.126738e+01	2.259072e+02
1.670000e-06	4.481244e-09	1.987954e-09	2.163504e+01	2.297105e+02
1.680000e-06	4.556488e-09	2.021517e-09	2.199832e+01	2.334727e+02
1.690000e-06	4.630611e-09	2.054141e-09	2.235617e+01	2.371931e+02
1.700000e-06	4.703645e-09	2.086417e-09	2.270878e+01	2.408711e+02
1.710000e-06	4.775833e-09	2.118519e-09	2.305729e+01	2.445060e+02
1.720000e-06	4.847274e-09	2.150476e-09	2.340220e+01	2.480973e+02
1.730000e-06	4.917902e-09	2.182000e-09	2.374319e+01	2.516441e+02
1.740000e-06	4.987656e-09	2.211865e-09	2.407995e+01	2.551459e+02
1.750000e-06	5.056575e-09	2.239534e-09	2.441269e+01	2.586021e+02
1.760000e-06	5.124762e-09	2.265618e-09	2.474189e+01	2.620120e+02
1.770000e-06	5.192108e-09	2.292744e-09	2.506703e+01	2.653750e+02
1.780000e-06	5.258335e-09	2.321652e-09	2.538677e+01	2.686906e+02
1.790000e-06	5.323410e-09	2.350173e-09	2.570095e+01	2.719581e+02
1.800000e-06	5.387558e-09	2.377628e-09	2.601065e+01	2.751770e+02
1.810000e-06	5.450885e-09	2.405334e-09	2.631639e+01	2.783466e+02
1.820000e-06	5.513333e-09	2.434143e-09	2.661788e+01	2.814664e+02
1.830000e-06	5.574878e-09	2.462657e-09	2.691501e+01	2.845359e+02
1.840000e-06	5.635594e-09	2.489413e-09	2.720814e+01	2.875544e+02
1.850000e-06	5.695500e-09	2.513705e-09	2.749736e+01	2.905215e+02
1.860000e-06	5.754322e-09	2.536396e-09	2.778135e+01	2.934366e+02
1.870000e-06	5.811818e-09	2.560287e-09	2.805893e+01	2.962992e+02
1.880000e-06	5.868156e-09	2.585258e-09	2.833093e+01	2.991088e+02
1.890000e-06	5.923534e-09	2.609123e-09	2.859829e+01	3.018649e+02
1.900000e-06	5.977940e-09	2.630651e-09	2.886096e+01	3.045669e+02
1.910000e-06	6.031291e-09	2.651402e-09	2.911853e+01	3.072145e+02
1.920000e-06	6.083473e-09	2.673863e-09	2.937046e+01	3.098071e+02
1.930000e-06	6.134259e-09	2.696674e-09	2.961565e+01	3.123442e+02
1.940000e-06	6.183587e-09	2.717048e-09	2.985381e+01	3.148254e+02
1.950000e-06	6.231706e-09	2.733997e-09	3.008612e+01	3.172503e+02
1.960000e-06	6.278773e-09	2.750796e-09	3.031336e+01	3.196184e+02
1.970000e-06	6.324784e-09	2.771024e-09	3.053549e+01	3.219294e+02
1.980000e-06	6.369786e-09	2.792633e-09	3.075276e+01	3.241827e+02
1.990000e-06	6.413852e-09	2.811455e-09	3.096550e+01	3.263780e+02
2.000000e-06	6.456771e-09	2.826258e-09	3.117271e+01	3.285148e+02
2.010000e-06	6.498276e-09	2.839941e-09	3.137309e+01	3.305929e+02
2.020000e-06	6.538552e-09	2.855262e-09	3.156754e+01	3.326118e+02
2.030000e-06	6.577783e-09	2.872175e-09	3.175695e+01	3.345712e+02
2.040000e-06	6.615911e-09	2.888105e-09	3.194103e+01	3.364707e+02
2.050000e-06	6.652965e-09	2.901575e-09	3.211992e+01	3.383100e+02
2.060000e-06	6.689008e-09	2.914665e-09	3.229393e+01	3.400887e+02
2.070000e-06	6.723848e-09	2.929451e-09	3.246214e+01	3.418066e+02
2.080000e-06	6.757273e-09	2.944588e-09	3.262351e+01	3.434632e+02
2.090000e-06	6.789461e-09	2.955329e-09	3.277891e+01	3.450584e+02
2.100000e-06	6.820560e-09	2.962047e-09	3.292905e+01	3.465919e+02
2.110000e-06	6.850536e-09	2.970385e-09	3.307377e+01	3.480633e+02
2.120000e-06	6.879450e-09	2.982796e-09	3.321337e+01	3.494724e+02
2.130000e-06	6.907296e-09	2.996655e-09	3.334781e+01	3.508189e+02
2.140000e-06	6.933778e-09	3.006569e-09	3.347566e+01	3.521027e+02
2.150000e-06	6.958772e-09	3.012296e-09	3.359633e+01	3.533234e+02
2.160000e-06	6.982496e-09	3.018665e-09	3.371087e+01	3.544809e+02
2.170000e-06	7.005056e-09	3.026824e-09	3.381979e+01	3.555749e+02
2.180000e-06	7.026459e-09	3.034539e-09	3.392312e+01	3.566053e+02
2.190000e-06	7.046816e-09	3.039556e-09	3.402140e+01	3.575718e+02
2.200000e-06	7.066091e-09	3.042461e-09	3.411446e+01	3.584744e+02
2.210000e-06	7.084065e-09	3.046158e-09	3.420123e+01	3.593127e+02
2.220000e-06	7.100718e-09	3.051925e-09	3.428163e+01	3.600868e+02
2.230000e-06	7.116028e-09	3.058768e-09	3.435555e+01	3.607964e+02
2.240000e-06	7.129988e-09	3.063377e-09	3.442295e+01	3.614414e+02
2.250000e-06	7.142681e-09	3.065803e-09	3.448423e+01	3.620217e+02
2.260000e-06	7.153954e-09	3.068755e-09	3.453865e+01	3.625373e+02
2.270000e-06	7.163634e-09	3.072575e-09	3.458538e+01	3.629879e+02
2.280000e-06	7.171949e-09	3.075407e-09	3.462553e+01	3.633735e+02
2.290000e-06	7.179098e-09	3.075200e-09	3.466004e+01	3.636941e+02
2.300000e-06	7.185019e-09	3.073306e-09	3.468863e+01	3.639496e+02
2.310000e-06	7.189793e-09	3.072774e-09	3.471168e+01	3.641399e+02
2.320000e-06	7.193435e-09	3.074322e-09	3.472926e+01	3.642651e+02
2.330000e-06	7.195650e-09	3.073955e-09	3.473995e+01	3.643250e+02
2.340000e-06	7.196426e-09	3.070518e-09	3.474370e+01	3.643198e+02
2.350000e-06	7.196025e-09	3.066540e-09	3.474177e+01	3.642493e+02
2.360000e-06	7.194495e-09	3.064936e-09	3.473438e+01	3.641136e+02
2.370000e-06	7.191854e-09	3.065108e-09	3.472163e+01	3.639127e+02
2.380000e-06	7.188214e-09	3.062849e-09	3.470405e+01	3.636467e+02
2.390000e-06	7.183424e-09	3.058210e-09	3.468093e+01	3.633156e+02
2.400000e-06	7.177160e-09	3.051151e-09	3.465069e+01	3.629195e+02
2.410000e-06	7.169629e-09	3.036790e-09	3.461433e+01	3.624584e+02
2.420000e-06	7.161108e-09	3.019305e-09	3.457319e+01	3.619324e+02
2.430000e-06	7.151520e-09	3.060502e-09	3.452690e+01	3.613416e+02
2.440000e-06	7.140475e-09	3.108750e-09	3.447358e+01	3.606861e+02
2.450000e-06	7.127243e-09	3.086251e-09	3.440969e+01	3.599661e+02
2.460000e-06	7.111878e-09	2.980952e-09	3.433551e+01	3.591817e+02
2.470000e-06	7.095568e-09	2.970095e-09	3.425677e+01	3.583329e+02
2.480000e-06	7.079011e-09	3.070925e-09	3.417683e+01	3.574200e+02
2.490000e-06	7.061453e-09	2.977382e-09	3.409207e+01	3.564431e+02
2.500000e-06	7.042372e-09	2.907917e-09	3.399994e+01	3.554025e+02
2.510000e-06	7.022455e-09	3.064696e-09	3.390379e+01	3.542982e+02
2.520000e-06	7.001554e-09	3.037847e-09	3.380288e+01	3.531304e+02
2.530000e-06	6.978711e-09	2.883468e-09	3.369260e+01	3.518995e+02
2.540000e-06	6.954428e-09	3.010930e-09	3.357536e+01	3.506056e+02
2.550000e-06	6.929295e-09	3.047377e-09	3.345402e+01	3.492489e+02
2.560000e-06	6.902810e-09	2.900591e-09	3.332615e+01	3.478297e+02
2.570000e-06	6.875221e-09	3.004618e-09	3.319295e+01	3.463483e+02
2.580000e-06	6.846735e-09	3.036208e-09	3.305543e+01	3.448048e+02
2.590000e-06	6.816579e-09	2.907546e-09	3.290984e+01	3.431997e+02
2.600000e-06	6.784868e-09	3.000483e-09	3.275674e+01	3.415331e+02
2.610000e-06	6.752155e-09	2.983747e-09	3.259880e+01	3.398054e+02
2.620000e-06	6.718178e-09	2.830881e-09	3.243477e+01	3.380168e+02
2.630000e-06	6.683060e-09	2.902312e-09	3.226522e+01	3.361678e+02
2.640000e-06	6.646999e-09	2.870041e-09	3.209112e+01	3.342586e+02
2.650000e-06	6.609466e-09	2.809340e-09	3.190991e+01	3.322895e+02
2.660000e-06	6.570496e-09	2.934788e-09	3.172177e+01	3.302610e+02
2.670000e-06	6.530464e-09	2.864441e-09	3.152850e+01	3.281734e+02
2.680000e-06	6.489333e-09	2.807537e-09	3.132992e+01	3.260270e+02
2.690000e-06	6.447216e-09	2.876766e-09	3.112659e+01	3.238223e+02
2.700000e-06	6.404113e-09	2.786934e-09	3.091849e+01	3.215596e+02
2.710000e-06	6.359955e-09	2.788326e-09	3.070530e+01	3.192394e+02
2.720000e-06	6.314713e-09	2.818356e-09	3.048687e+01	3.168621e+02
2.730000e-06	6.268227e-09	2.739060e-09	3.026244e+01	3.144280e+02
2.740000e-06	6.220593e-09	2.748615e-09	3.003247e+01	3.119377e+02
2.750000e-06	6.171853e-09	2.728047e-09	2.979716e+01	3.093915e+02
2.760000e-06	6.121881e-09	2.688841e-09	2.955590e+01	3.067900e+02
2.770000e-06	6.070785e-09	2.670958e-09	2.930921e+01	3.041336e+02
2.780000e-06	6.018518e-09	2.622632e-09	2.905687e+01	3.014228e+02
2.790000e-06	5.964871e-09	2.624673e-09	2.879787e+01	2.986580e+02
2.800000e-06	5.909922e-09	2.604781e-09	2.853258e+01	2.958397e+02
2.810000e-06	5.853930e-09	2.586749e-09	2.826225e+01	2.929686e+02
2.820000e-06	5.796982e-09	2.562300e-09	2.798731e+01	2.900450e+02
2.830000e-06	5.738987e-09	2.496093e-09	2.770732e+01	2.870695e+02
2.840000e-06	5.680048e-09	2.486811e-09	2.742277e+01	2.840426e+02
2.850000e-06	5.620307e-09	2.465540e-09	2.713434e+01	2.809649e+02
2.860000e-06	5.559523e-09	2.446752e-09	2.684088e+01	2.778370e+02
2.870000e-06	5.497489e-09	2.433807e-09	2.654139e+01	2.746593e+02
2.880000e-06	5.434359e-09	2.372816e-09	2.623660e+01	2.714325e+02
2.890000e-06	5.370364e-09	2.345908e-09	2.592764e+01	2.681571e+02
2.900000e-06	5.305482e-09	2.320127e-09	2.561440e+01	2.648338e+02
2.910000e-06	5.239606e-09	2.290152e-09	2.529635e+01	2.614631e+02
2.920000e-06	5.172845e-09	2.265529e-09	2.497404e+01	2.580456e+02
2.930000e-06	5.105338e-09	2.223401e-09	2.464812e+01	2.545819e+02
2.940000e-06	5.037019e-09	2.201265e-09	2.431828e+01	2.510727e+02
2.950000e-06	4.967567e-09	2.174016e-09	2.398297e+01	2.475186e+02
2.960000e-06	4.896881e-09	2.147749e-09	2.364171e+01	2.439202e+02
2.970000e-06	4.825317e-09	2.111590e-09	2.329621e+01	2.402782e+02
2.980000e-06	4.753032e-09	2.063779e-09	2.294722e+01	2.365932e+02
2.990000e-06	4.679987e-09	2.038968e-09	2.259456e+01	2.328659e+02
3.000000e-06	4.606125e-09	2.008354e-09	2.223797e+01	2.290969e+02
3.010000e-06	4.531394e-09	1.981605e-09	2.187717e+01	2.252870e+02
3.020000e-06	4.455837e-09	1.947706e-09	2.151239e+01	2.214368e+02
3.030000e-06	4.379367e-09	1.903674e-09	2.114320e+01	2.175470e+02
3.040000e-06	4.301903e-09	1.871881e-09	2.076921e+01	2.136183e+02
3.050000e-06	4.223434e-09	1.838715e-09	2.039037e+01	2.096514e+02
3.060000e-06	4.144115e-09	1.811687e-09	2.000743e+01	2.056470e+02
3.070000e-06	4.064167e-09	1.776304e-09	1.962144e+01	2.016058e+02
3.080000e-06	3.983614e-09	1.734783e-09	1.923254e+01	1.975286e+02
3.090000e-06	3.902413e-09	1.694710e-09	1.884051e+01	1.934161e+02
3.100000e-06	3.820492e-09	1.653717e-09	1.844500e+01	1.892690e+02
3.110000e-06	3.737881e-09	1.620730e-09	1.804616e+01	1.850880e+02
3.120000e-06	3.654747e-09	1.581645e-09	1.764480e+01	1.808740e+02
3.130000e-06	3.571176e-09	1.545529e-09	1.724133e+01	1.766277e+02
3.140000e-06	3.487083e-09	1.511811e-09	1.683533e+01	1.723498e+02
3.150000e-06	3.402308e-09	1.476904e-09	1.642604e+01	1.680411e+02
3.160000e-06	3.316745e-09	1.441173e-09	1.601296e+01	1.637024e+02
3.170000e-06	3.230354e-09	1.393170e-09	1.559587e+01	1.593344e+02
3.180000e-06	3.143244e-09	1.347411e-09	1.517531e+01	1.549380e+02
3.190000e-06	3.055629e-09	1.304825e-09	1.475231e+01	1.505139e+02
3.200000e-06	2.967636e-09	1.267800e-09	1.432749e+01	1.460629e+02
3.210000e-06	2.879268e-09	1.235221e-09	1.390085e+01	1.415858e+02
3.220000e-06	2.790415e-09	1.197747e-09	1.347188e+01	1.370835e+02
3.230000e-06	2.700999e-09	1.159728e-09	1.304019e+01	1.325567e+02
3.240000e-06	2.611059e-09	1.117369e-09	1.260597e+01	1.280062e+02
3.250000e-06	2.520681e-09	1.075615e-09	1.216963e+01	1.234329e+02
3.260000e-06	2.429960e-09	1.033290e-09	1.173164e+01	1.188375e+02
3.270000e-06	2.338950e-09	9.884483e-10	1.129225e+01	1.142209e+02
3.280000e-06	2.247633e-09	9.470862e-10	1.085138e+01	1.095840e+02
3.290000e-06	2.155970e-09	9.074094e-10	1.040883e+01	1.049275e+02
3.300000e-06	2.063956e-09	8.709970e-10	9.964601e+00	1.002523e+02
3.310000e-06	1.971624e-09	8.308636e-10	9.518832e+00	9.555926e+01
3.320000e-06	1.878921e-09	7.856081e-10	9.071270e+00	9.084917e+01
3.330000e-06	1.785728e-09	7.411333e-10	8.621344e+00	8.612290e+01
3.340000e-06	1.692003e-09	6.983355e-10	8.168846e+00	8.138129e+01
3.350000e-06	1.597864e-09	6.605358e-10	7.714352e+00	7.662519e+01
3.360000e-06	1.503467e-09	6.204345e-10	7.258611e+00	7.185546e+01
3.370000e-06	1.408791e-09	5.755793e-10	6.801523e+00	6.707295e+01
3.380000e-06	1.313795e-09	5.308313e-10	6.342895e+00	6.227852e+01
3.390000e-06	1.218538e-09	4.870716e-10	5.883003e+00	5.747302e+01
3.400000e-06	1.123118e-09	4.459182e-10	5.422319e+00	5.265733e+01
3.410000e-06	1.027601e-09	4.032532e-10	4.961174e+00	4.783230e+01
3.420000e-06	9.319611e-10	3.594583e-10	4.499432e+00	4.299880e+01
3.430000e-06	8.361692e-10	3.185463e-10	4.036957e+00	3.815769e+01
3.440000e-06	7.402341e-10	2.784110e-10	3.573791e+00	3.330985e+01
3.450000e-06	6.441993e-10	2.373000e-10	3.110144e+00	2.845613e+01
3.460000e-06	5.481038e-10	1.929166e-10	2.646203e+00	2.359743e+01
3.470000e-06	4.519323e-10	1.471507e-10	2.181896e+00	1.873459e+01
3.480000e-06	3.556711e-10	1.028150e-10	1.717156e+00	1.386850e+01
3.490000e-06	2.593431e-10	5.938783e-11	1.252092e+00	9.000029e+00
3.500000e-06	1.629873e-10	1.815295e-11	7.868953e-01	4.130048e+00
3.510000e-06	6.663233e-11	-2.497648e-11	3.217021e-01	-7.405681e-01
3.520000e-06	-2.973590e-11	-6.941846e-11	-1.435551e-01	-5.610947e+00
3.530000e-06	-1.261197e-10	-1.130103e-10	-6.088875e-01	-1.048022e+01
3.540000e-06	-2.224846e-10	-1.565894e-10	-1.074129e+00	-1.534750e+01
3.550000e-06	-3.188159e-10	-1.997227e-10	-1.539208e+00	-2.021193e+01
3.560000e-06	-4.150881e-10	-2.462741e-10	-2.004001e+00	-2.507263e+01
3.570000e-06	-5.112889e-10	-2.926284e-10	-2.468450e+00	-2.992873e+01
3.580000e-06	-6.074198e-10	-3.357520e-10	-2.932562e+00	-3.477936e+01
3.590000e-06	-7.034595e-10	-3.771339e-10	-3.396233e+00	-3.962364e+01
3.600000e-06	-7.993938e-10	-4.182266e-10	-3.859395e+00	-4.446072e+01
3.610000e-06	-8.952019e-10	-4.626444e-10	-4.321948e+00	-4.928973e+01
3.620000e-06	-9.908558e-10	-5.069902e-10	-4.783757e+00	-5.410979e+01
3.630000e-06	-1.086344e-09	-5.493303e-10	-5.244767e+00	-5.892004e+01
3.640000e-06	-1.181664e-09	-5.909870e-10	-5.704961e+00	-6.371963e+01
3.650000e-06	-1.276781e-09	-6.326453e-10	-6.164178e+00	-6.850768e+01
3.660000e-06	-1.371644e-09	-6.764144e-10	-6.622168e+00	-7.328335e+01
3.670000e-06	-1.466213e-09	-7.196690e-10	-7.078737e+00	-7.804578e+01
3.680000e-06	-1.560424e-09	-7.606325e-10	-7.533582e+00	-8.279410e+01
3.690000e-06	-1.654225e-09	-7.995531e-10	-7.986444e+00	-8.752748e+01
3.700000e-06	-1.747593e-09	-8.382313e-10	-8.437217e+00	-9.224506e+01
3.710000e-06	-1.840522e-09	-8.805309e-10	-8.885870e+00	-9.694599e+01
3.720000e-06	-1.933012e-09	-9.247227e-10	-9.332403e+00	-1.016294e+02
3.730000e-06	-2.025120e-09	-9.673898e-10	-9.777091e+00	-1.062946e+02
3.740000e-06	-2.116907e-09	-1.007015e-09	-1.022023e+01	-1.109405e+02
3.750000e-06	-2.208380e-09	-1.043148e-09	-1.066185e+01	-1.155665e+02
3.760000e-06	-2.299533e-09	-1.079751e-09	-1.110193e+01	-1.201716e+02
3.770000e-06	-2.390324e-09	-1.117904e-09	-1.154026e+01	-1.247551e+02
3.780000e-06	-2.480701e-09	-1.158483e-09	-1.197659e+01	-1.293161e+02
3.790000e-06	-2.570629e-09	-1.199852e-09	-1.241076e+01	-1.338538e+02
3.800000e-06	-2.660091e-09	-1.238587e-09	-1.284268e+01	-1.383675e+02
3.810000e-06	-2.749068e-09	-1.276284e-09	-1.327225e+01	-1.428562e+02
3.820000e-06	-2.837561e-09	-1.314389e-09	-1.369949e+01	-1.473191e+02
3.830000e-06	-2.925630e-09	-1.353160e-09	-1.412467e+01	-1.517556e+02
3.840000e-06	-3.013332e-09	-1.389882e-09	-1.454809e+01	-1.561648e+02
3.850000e-06	-3.100641e-09	-1.424720e-09	-1.496961e+01	-1.605458e+02
3.860000e-06	-3.187431e-09	-1.460848e-09	-1.538863e+01	-1.648980e+02
3.870000e-06	-3.273502e-09	-1.498474e-09	-1.580417e+01	-1.692205e+02
3.880000e-06	-3.358718e-09	-1.535520e-09	-1.621558e+01	-1.735125e+02
3.890000e-06	-3.443155e-09	-1.569319e-09	-1.662324e+01	-1.777733e+02
3.900000e-06	-3.526997e-09	-1.602073e-09	-1.702802e+01	-1.820022e+02
3.910000e-06	-3.610342e-09	-1.637090e-09	-1.743040e+01	-1.861983e+02
3.920000e-06	-3.693165e-09	-1.673414e-09	-1.783026e+01	-1.903609e+02
3.930000e-06	-3.775390e-09	-1.709247e-09	-1.822724e+01	-1.944893e+02
3.940000e-06	-3.856968e-09	-1.742527e-09	-1.862109e+01	-1.985827e+02
3.950000e-06	-3.937881e-09	-1.775156e-09	-1.901173e+01	-2.026404e+02
3.960000e-06	-4.018149e-09	-1.808115e-09	-1.939926e+01	-2.066617e+02
3.970000e-06	-4.097851e-09	-1.842141e-09	-1.978405e+01	-2.106458e+02
3.980000e-06	-4.176942e-09	-1.877148e-09	-2.016590e+01	-2.145920e+02
3.990000e-06	-4.255128e-09	-1.910009e-09	-2.054337e+01	-2.184997e+02
4.000000e-06	-4.332164e-09	-1.940773e-09	-2.091529e+01	-2.223680e+02
4.010000e-06	-4.408157e-09	-1.970414e-09	-2.128218e+01	-2.261964e+02
4.020000e-06	-4.483312e-09	-1.999966e-09	-2.164502e+01	-2.299842e+02
4.030000e-06	-4.557674e-09	-2.029338e-09	-2.200404e+01	-2.337306e+02
4.040000e-06	-4.631248e-09	-2.058710e-09	-2.235925e+01	-2.374350e+02
4.050000e-06	-4.704042e-09	-2.090026e-09	-2.271069e+01	-2.410967e+02
4.060000e-06	-4.776093e-09	-2.123992e-09	-2.305855e+01	-2.447150e+02
4.070000e-06	-4.847442e-09	-2.157245e-09	-2.340301e+01	-2.482894e+02
4.080000e-06	-4.917937e-09	-2.185691e-09	-2.374336e+01	-2.518192e+02
4.090000e-06	-4.987317e-09	-2.209247e-09	-2.407832e+01	-2.553037e+02
4.100000e-06	-5.055628e-09	-2.231716e-09	-2.440812e+01	-2.587423e+02
4.110000e-06	-5.123108e-09	-2.256792e-09	-2.473390e+01	-2.621345e+02
4.120000e-06	-5.189803e-09	-2.285056e-09	-2.505590e+01	-2.654795e+02
4.130000e-06	-5.255654e-09	-2.314961e-09	-2.537382e+01	-2.687769e+02
4.140000e-06	-5.320645e-09	-2.344714e-09	-2.568760e+01	-2.720259e+02
4.150000e-06	-5.384785e-09	-2.373684e-09	-2.599726e+01	-2.752260e+02
4.160000e-06	-5.448089e-09	-2.400771e-09	-2.630288e+01	-2.783768e+02
4.170000e-06	-5.510324e-09	-2.424612e-09	-2.660335e+01	-2.814774e+02
4.180000e-06	-5.571275e-09	-2.444880e-09	-2.689762e+01	-2.845276e+02
4.190000e-06	-5.631186e-09	-2.463595e-09	-2.718686e+01	-2.875266e+02
4.200000e-06	-5.690273e-09	-2.484413e-09	-2.747213e+01	-2.904739e+02
4.210000e-06	-5.748440e-09	-2.508458e-09	-2.775295e+01	-2.933690e+02
4.220000e-06	-5.805593e-09	-2.534218e-09	-2.802888e+01	-2.962115e+02
4.230000e-06	-5.861771e-09	-2.558707e-09	-2.830010e+01	-2.990007e+02
4.240000e-06	-5.916998e-09	-2.580345e-09	-2.856673e+01	-3.017363e+02
4.250000e-06	-5.970991e-09	-2.600841e-09	-2.882741e+01	-3.044176e+02
4.260000e-06	-6.023549e-09	-2.621608e-09	-2.908115e+01	-3.070442e+02
4.270000e-06	-6.074917e-09	-2.641038e-09	-2.932915e+01	-3.096157e+02
4.280000e-06	-6.125203e-09	-2.656817e-09	-2.957193e+01	-3.121315e+02
4.290000e-06	-6.174220e-09	-2.670760e-09	-2.980858e+01	-3.145913e+02
4.300000e-06	-6.221763e-09	-2.687609e-09	-3.003811e+01	-3.169946e+02
4.310000e-06	-6.268035e-09	-2.709197e-09	-3.026151e+01	-3.193409e+02
4.320000e-06	-6.313327e-09	-2.732128e-09	-3.048018e+01	-3.216299e+02
4.330000e-06	-6.357672e-09	-2.752240e-09	-3.069427e+01	-3.238611e+02
4.340000e-06	-6.401147e-09	-2.768757e-09	-3.090416e+01	-3.260341e+02
4.350000e-06	-6.443709e-09	-2.784419e-09	-3.110965e+01	-3.281486e+02
4.360000e-06	-6.485185e-09	-2.800315e-09	-3.130989e+01	-3.302041e+02
4.370000e-06	-6.525593e-09	-2.815502e-09	-3.150498e+01	-3.322004e+02
4.380000e-06	-6.565039e-09	-2.828753e-09	-3.169542e+01	-3.341369e+02
4.390000e-06	-6.603263e-09	-2.840934e-09	-3.187996e+01	-3.360135e+02
4.400000e-06	-6.640015e-09	-2.855505e-09	-3.205740e+01	-3.378296e+02
4.410000e-06	-6.675590e-09	-2.871892e-09	-3.222915e+01	-3.395852e+02
4.420000e-06	-6.710131e-09	-2.887605e-09	-3.239591e+01	-3.412797e+02
4.430000e-06	-6.743508e-09	-2.899300e-09	-3.255705e+01	-3.429129e+02
4.440000e-06	-6.775763e-09	-2.908214e-09	-3.271278e+01	-3.444845e+02
4.450000e-06	-6.806900e-09	-2.918800e-09	-3.286310e+01	-3.459943e+02
4.460000e-06	-6.836666e-09	-2.931905e-09	-3.300681e+01	-3.474419e+02
4.470000e-06	-6.865024e-09	-2.946347e-09	-3.314372e+01	-3.488272e+02
4.480000e-06	-6.892229e-09	-2.957967e-09	-3.327506e+01	-3.501498e+02
4.490000e-06	-6.918290e-09	-2.966064e-09	-3.340088e+01	-3.514095e+02
4.500000e-06	-6.943129e-09	-2.972847e-09	-3.352080e+01	-3.526060e+02
4.510000e-06	-6.966870e-09	-2.980027e-09	-3.363542e+01	-3.537393e+02
4.520000e-06	-6.989440e-09	-2.989114e-09	-3.374439e+01	-3.548090e+02
4.530000e-06	-7.010541e-09	-2.998263e-09	-3.384626e+01	-3.558150e+02
4.540000e-06	-7.030312e-09	-3.006890e-09	-3.394172e+01	-3.567572e+02
4.550000e-06	-7.048980e-09	-3.015259e-09	-3.403184e+01	-3.576352e+02
4.560000e-06	-7.066496e-09	-3.022450e-09	-3.411641e+01	-3.584490e+02
4.570000e-06	-7.082859e-09	-3.027685e-09	-3.419541e+01	-3.591985e+02
4.580000e-06	-7.098008e-09	-3.030012e-09	-3.426855e+01	-3.598834e+02
4.590000e-06	-7.111615e-09	-3.031222e-09	-3.433424e+01	-3.605037e+02
4.600000e-06	-7.123639e-09	-3.033894e-09	-3.439229e+01	-3.610593e+02
4.610000e-06	-7.134362e-09	-3.040098e-09	-3.444406e+01	-3.615500e+02
4.620000e-06	-7.143865e-09	-3.048102e-09	-3.448994e+01	-3.619758e+02
4.630000e-06	-7.152196e-09	-3.053853e-09	-3.453016e+01	-3.623366e+02
4.640000e-06	-7.159400e-09	-3.057726e-09	-3.456494e+01	-3.626323e+02
4.650000e-06	-7.165228e-09	-3.059380e-09	-3.459308e+01	-3.628629e+02
4.660000e-06	-7.169595e-09	-3.059165e-09	-3.461417e+01	-3.630283e+02
4.670000e-06	-7.172772e-09	-3.058325e-09	-3.462950e+01	-3.631285e+02
4.680000e-06	-7.174834e-09	-3.058010e-09	-3.463946e+01	-3.631636e+02
4.690000e-06	-7.175700e-09	-3.060268e-09	-3.464364e+01	-3.631334e+02
