# Temperatura_=_20.0
# Concentracion g/m^3_=_10000.0
# C_Vs_to_Am_M_A/Vsm_=_116720831517.84952
# pendiente_HvsI_1/m_=_3716.3
# ordenada_HvsI_A/m_=_1297.0
# frecuencia_Hz_=_81156.92919594224
# Promedio de 23 ciclos

Tiempo_(s)	Campo_(V.s)	Magnetizacion_(V.s)	Campo_(kA/m)	Magnetizacion_(A/m)
0.000000e+00	-5.150089e-09	-2.235305e-09	-2.729777e+01	-2.554361e+02
1.000000e-08	-5.150152e-09	-2.208647e-09	-2.729810e+01	-2.553850e+02
2.000000e-08	-5.150062e-09	-2.104250e-09	-2.729763e+01	-2.553272e+02
3.000000e-08	-5.149873e-09	-2.099694e-09	-2.729662e+01	-2.552628e+02
4.000000e-08	-5.149620e-09	-2.141466e-09	-2.729528e+01	-2.551918e+02
5.000000e-08	-5.149285e-09	-2.161496e-09	-2.729351e+01	-2.551141e+02
6.000000e-08	-5.148877e-09	-2.269603e-09	-2.729134e+01	-2.550297e+02
7.000000e-08	-5.148402e-09	-2.326843e-09	-2.728883e+01	-2.549388e+02
8.000000e-08	-5.147841e-09	-2.303069e-09	-2.728585e+01	-2.548412e+02
9.000000e-08	-5.147183e-09	-2.261032e-09	-2.728236e+01	-2.547370e+02
1.000000e-07	-5.146430e-09	-2.177262e-09	-2.727837e+01	-2.546261e+02
1.100000e-07	-5.145581e-09	-2.100720e-09	-2.727387e+01	-2.545086e+02
1.200000e-07	-5.144645e-09	-2.069607e-09	-2.726891e+01	-2.543845e+02
1.300000e-07	-5.143592e-09	-2.137550e-09	-2.726333e+01	-2.542538e+02
1.400000e-07	-5.142386e-09	-2.225003e-09	-2.725694e+01	-2.541165e+02
1.500000e-07	-5.141030e-09	-2.267546e-09	-2.724975e+01	-2.539725e+02
1.600000e-07	-5.139521e-09	-2.261296e-09	-2.724175e+01	-2.538220e+02
1.700000e-07	-5.137838e-09	-2.205021e-09	-2.723283e+01	-2.536648e+02
1.800000e-07	-5.135965e-09	-2.164865e-09	-2.722290e+01	-2.535011e+02
1.900000e-07	-5.133905e-09	-2.124457e-09	-2.721198e+01	-2.533307e+02
2.000000e-07	-5.131623e-09	-2.128920e-09	-2.719989e+01	-2.531538e+02
2.100000e-07	-5.129104e-09	-2.172522e-09	-2.718654e+01	-2.529703e+02
2.200000e-07	-5.126363e-09	-2.214316e-09	-2.717201e+01	-2.527802e+02
2.300000e-07	-5.123396e-09	-2.234716e-09	-2.715628e+01	-2.525835e+02
2.400000e-07	-5.120234e-09	-2.190140e-09	-2.713952e+01	-2.523802e+02
2.500000e-07	-5.116861e-09	-2.131870e-09	-2.712164e+01	-2.521704e+02
2.600000e-07	-5.113264e-09	-2.098562e-09	-2.710258e+01	-2.519540e+02
2.700000e-07	-5.109486e-09	-2.129557e-09	-2.708255e+01	-2.517311e+02
2.800000e-07	-5.105556e-09	-2.176929e-09	-2.706172e+01	-2.515016e+02
2.900000e-07	-5.101496e-09	-2.210223e-09	-2.704020e+01	-2.512655e+02
3.000000e-07	-5.097314e-09	-2.213497e-09	-2.701804e+01	-2.510230e+02
3.100000e-07	-5.093027e-09	-2.174424e-09	-2.699531e+01	-2.507739e+02
3.200000e-07	-5.088650e-09	-2.129402e-09	-2.697211e+01	-2.505182e+02
3.300000e-07	-5.084200e-09	-2.095699e-09	-2.694853e+01	-2.502561e+02
3.400000e-07	-5.079685e-09	-2.104206e-09	-2.692459e+01	-2.499874e+02
3.500000e-07	-5.075111e-09	-2.133343e-09	-2.690035e+01	-2.497123e+02
3.600000e-07	-5.070473e-09	-2.170592e-09	-2.687577e+01	-2.494306e+02
3.700000e-07	-5.065770e-09	-2.187986e-09	-2.685084e+01	-2.491425e+02
3.800000e-07	-5.060973e-09	-2.172432e-09	-2.682541e+01	-2.488478e+02
3.900000e-07	-5.056076e-09	-2.140062e-09	-2.679946e+01	-2.485467e+02
4.000000e-07	-5.051081e-09	-2.110626e-09	-2.677298e+01	-2.482392e+02
4.100000e-07	-5.045962e-09	-2.108402e-09	-2.674585e+01	-2.479251e+02
4.200000e-07	-5.040711e-09	-2.117929e-09	-2.671802e+01	-2.476047e+02
4.300000e-07	-5.035319e-09	-2.140356e-09	-2.668943e+01	-2.472777e+02
4.400000e-07	-5.029783e-09	-2.154474e-09	-2.666009e+01	-2.469444e+02
4.500000e-07	-5.024084e-09	-2.149948e-09	-2.662989e+01	-2.466046e+02
4.600000e-07	-5.018217e-09	-2.127309e-09	-2.659879e+01	-2.462584e+02
4.700000e-07	-5.012207e-09	-2.105307e-09	-2.656693e+01	-2.459058e+02
4.800000e-07	-5.006050e-09	-2.106841e-09	-2.653430e+01	-2.455468e+02
4.900000e-07	-4.999766e-09	-2.118962e-09	-2.650099e+01	-2.451814e+02
5.000000e-07	-4.993381e-09	-2.134751e-09	-2.646714e+01	-2.448096e+02
5.100000e-07	-4.986888e-09	-2.138297e-09	-2.643273e+01	-2.444315e+02
5.200000e-07	-4.980289e-09	-2.131174e-09	-2.639775e+01	-2.440470e+02
5.300000e-07	-4.973576e-09	-2.114185e-09	-2.636217e+01	-2.436561e+02
5.400000e-07	-4.966744e-09	-2.101724e-09	-2.632595e+01	-2.432590e+02
5.500000e-07	-4.959796e-09	-2.102196e-09	-2.628913e+01	-2.428554e+02
5.600000e-07	-4.952718e-09	-2.107799e-09	-2.625162e+01	-2.424456e+02
5.700000e-07	-4.945500e-09	-2.117280e-09	-2.621335e+01	-2.420295e+02
5.800000e-07	-4.938152e-09	-2.123517e-09	-2.617440e+01	-2.416070e+02
5.900000e-07	-4.930656e-09	-2.125144e-09	-2.613467e+01	-2.411783e+02
6.000000e-07	-4.922981e-09	-2.111429e-09	-2.609399e+01	-2.407433e+02
6.100000e-07	-4.915174e-09	-2.094316e-09	-2.605261e+01	-2.403020e+02
6.200000e-07	-4.907242e-09	-2.086307e-09	-2.601057e+01	-2.398545e+02
6.300000e-07	-4.899170e-09	-2.088852e-09	-2.596778e+01	-2.394007e+02
6.400000e-07	-4.890987e-09	-2.096434e-09	-2.592441e+01	-2.389408e+02
6.500000e-07	-4.882702e-09	-2.099415e-09	-2.588050e+01	-2.384746e+02
6.600000e-07	-4.874345e-09	-2.097538e-09	-2.583620e+01	-2.380021e+02
6.700000e-07	-4.865925e-09	-2.089366e-09	-2.579157e+01	-2.375235e+02
6.800000e-07	-4.857426e-09	-2.085809e-09	-2.574652e+01	-2.370388e+02
6.900000e-07	-4.848858e-09	-2.085530e-09	-2.570111e+01	-2.365478e+02
7.000000e-07	-4.840237e-09	-2.087230e-09	-2.565541e+01	-2.360507e+02
7.100000e-07	-4.831556e-09	-2.088551e-09	-2.560940e+01	-2.355475e+02
7.200000e-07	-4.822795e-09	-2.084040e-09	-2.556296e+01	-2.350381e+02
7.300000e-07	-4.813926e-09	-2.074545e-09	-2.551595e+01	-2.345226e+02
7.400000e-07	-4.804956e-09	-2.062157e-09	-2.546841e+01	-2.340010e+02
7.500000e-07	-4.795874e-09	-2.056685e-09	-2.542027e+01	-2.334733e+02
7.600000e-07	-4.786657e-09	-2.055216e-09	-2.537141e+01	-2.329396e+02
7.700000e-07	-4.777285e-09	-2.056071e-09	-2.532174e+01	-2.323997e+02
7.800000e-07	-4.767725e-09	-2.056134e-09	-2.527106e+01	-2.318539e+02
7.900000e-07	-4.757949e-09	-2.055174e-09	-2.521925e+01	-2.313020e+02
8.000000e-07	-4.747956e-09	-2.051212e-09	-2.516628e+01	-2.307441e+02
8.100000e-07	-4.737772e-09	-2.039631e-09	-2.511230e+01	-2.301802e+02
8.200000e-07	-4.727372e-09	-2.026481e-09	-2.505718e+01	-2.296102e+02
8.300000e-07	-4.716733e-09	-2.014819e-09	-2.500079e+01	-2.290344e+02
8.400000e-07	-4.705876e-09	-2.010883e-09	-2.494324e+01	-2.284525e+02
8.500000e-07	-4.694831e-09	-2.012034e-09	-2.488470e+01	-2.278647e+02
8.600000e-07	-4.683588e-09	-2.013266e-09	-2.482511e+01	-2.272710e+02
8.700000e-07	-4.672130e-09	-2.010153e-09	-2.476437e+01	-2.266714e+02
8.800000e-07	-4.660485e-09	-2.002467e-09	-2.470264e+01	-2.260659e+02
8.900000e-07	-4.648690e-09	-1.994278e-09	-2.464013e+01	-2.254545e+02
9.000000e-07	-4.636770e-09	-1.985367e-09	-2.457695e+01	-2.248372e+02
9.100000e-07	-4.624731e-09	-1.978077e-09	-2.451313e+01	-2.242141e+02
9.200000e-07	-4.612555e-09	-1.970049e-09	-2.444860e+01	-2.235851e+02
9.300000e-07	-4.600263e-09	-1.962649e-09	-2.438344e+01	-2.229503e+02
9.400000e-07	-4.587881e-09	-1.956990e-09	-2.431781e+01	-2.223098e+02
9.500000e-07	-4.575400e-09	-1.952710e-09	-2.425166e+01	-2.216634e+02
9.600000e-07	-4.562824e-09	-1.948689e-09	-2.418500e+01	-2.210113e+02
9.700000e-07	-4.550142e-09	-1.943853e-09	-2.411778e+01	-2.203534e+02
9.800000e-07	-4.537371e-09	-1.939453e-09	-2.405009e+01	-2.196898e+02
9.900000e-07	-4.524508e-09	-1.934708e-09	-2.398191e+01	-2.190204e+02
1.000000e-06	-4.511528e-09	-1.930883e-09	-2.391311e+01	-2.183454e+02
1.010000e-06	-4.498427e-09	-1.923648e-09	-2.384367e+01	-2.176647e+02
1.020000e-06	-4.485203e-09	-1.912390e-09	-2.377358e+01	-2.169783e+02
1.030000e-06	-4.471845e-09	-1.900620e-09	-2.370277e+01	-2.162863e+02
1.040000e-06	-4.458337e-09	-1.891671e-09	-2.363118e+01	-2.155887e+02
1.050000e-06	-4.444686e-09	-1.887325e-09	-2.355882e+01	-2.148854e+02
1.060000e-06	-4.430889e-09	-1.884793e-09	-2.348569e+01	-2.141765e+02
1.070000e-06	-4.416923e-09	-1.883839e-09	-2.341166e+01	-2.134621e+02
1.080000e-06	-4.402813e-09	-1.882292e-09	-2.333687e+01	-2.127421e+02
1.090000e-06	-4.388601e-09	-1.878988e-09	-2.326154e+01	-2.120166e+02
1.100000e-06	-4.374269e-09	-1.872314e-09	-2.318557e+01	-2.112856e+02
1.110000e-06	-4.359816e-09	-1.862404e-09	-2.310897e+01	-2.105491e+02
1.120000e-06	-4.345255e-09	-1.851570e-09	-2.303179e+01	-2.098071e+02
1.130000e-06	-4.330567e-09	-1.841276e-09	-2.295394e+01	-2.090596e+02
1.140000e-06	-4.315748e-09	-1.832539e-09	-2.287539e+01	-2.083067e+02
1.150000e-06	-4.300815e-09	-1.825390e-09	-2.279624e+01	-2.075484e+02
1.160000e-06	-4.285773e-09	-1.822807e-09	-2.271651e+01	-2.067847e+02
1.170000e-06	-4.270609e-09	-1.823696e-09	-2.263613e+01	-2.060155e+02
1.180000e-06	-4.255299e-09	-1.824434e-09	-2.255498e+01	-2.052411e+02
1.190000e-06	-4.239838e-09	-1.821362e-09	-2.247303e+01	-2.044613e+02
1.200000e-06	-4.224241e-09	-1.813305e-09	-2.239036e+01	-2.036761e+02
1.210000e-06	-4.208497e-09	-1.802667e-09	-2.230691e+01	-2.028857e+02
1.220000e-06	-4.192539e-09	-1.792425e-09	-2.222233e+01	-2.020900e+02
1.230000e-06	-4.176362e-09	-1.784945e-09	-2.213658e+01	-2.012890e+02
1.240000e-06	-4.160056e-09	-1.778403e-09	-2.205015e+01	-2.004828e+02
1.250000e-06	-4.143599e-09	-1.772594e-09	-2.196292e+01	-1.996714e+02
1.260000e-06	-4.126942e-09	-1.767825e-09	-2.187463e+01	-1.988548e+02
1.270000e-06	-4.110080e-09	-1.763937e-09	-2.178526e+01	-1.980330e+02
1.280000e-06	-4.093068e-09	-1.760614e-09	-2.169509e+01	-1.972061e+02
1.290000e-06	-4.075945e-09	-1.756336e-09	-2.160432e+01	-1.963740e+02
1.300000e-06	-4.058679e-09	-1.749944e-09	-2.151281e+01	-1.955368e+02
1.310000e-06	-4.041287e-09	-1.740378e-09	-2.142062e+01	-1.946945e+02
1.320000e-06	-4.023791e-09	-1.729971e-09	-2.132789e+01	-1.938472e+02
1.330000e-06	-4.006189e-09	-1.720296e-09	-2.123459e+01	-1.929948e+02
1.340000e-06	-3.988472e-09	-1.710712e-09	-2.114068e+01	-1.921374e+02
1.350000e-06	-3.970653e-09	-1.701131e-09	-2.104623e+01	-1.912750e+02
1.360000e-06	-3.952781e-09	-1.692160e-09	-2.095150e+01	-1.904076e+02
1.370000e-06	-3.934852e-09	-1.685875e-09	-2.085647e+01	-1.895352e+02
1.380000e-06	-3.916838e-09	-1.682625e-09	-2.076099e+01	-1.886580e+02
1.390000e-06	-3.898777e-09	-1.680785e-09	-2.066526e+01	-1.877758e+02
1.400000e-06	-3.880647e-09	-1.676001e-09	-2.056916e+01	-1.868887e+02
1.410000e-06	-3.862446e-09	-1.662904e-09	-2.047269e+01	-1.859968e+02
1.420000e-06	-3.844197e-09	-1.643902e-09	-2.037596e+01	-1.851000e+02
1.430000e-06	-3.825887e-09	-1.624947e-09	-2.027891e+01	-1.841984e+02
1.440000e-06	-3.807528e-09	-1.611202e-09	-2.018160e+01	-1.832920e+02
1.450000e-06	-3.789120e-09	-1.604354e-09	-2.008403e+01	-1.823809e+02
1.460000e-06	-3.770661e-09	-1.600770e-09	-1.998619e+01	-1.814650e+02
1.470000e-06	-3.752134e-09	-1.596311e-09	-1.988798e+01	-1.805443e+02
1.480000e-06	-3.733534e-09	-1.590731e-09	-1.978939e+01	-1.796190e+02
1.490000e-06	-3.714857e-09	-1.586372e-09	-1.969040e+01	-1.786890e+02
1.500000e-06	-3.696086e-09	-1.580022e-09	-1.959090e+01	-1.777544e+02
1.510000e-06	-3.677223e-09	-1.566997e-09	-1.949092e+01	-1.768151e+02
1.520000e-06	-3.658304e-09	-1.548952e-09	-1.939064e+01	-1.758712e+02
1.530000e-06	-3.639292e-09	-1.532489e-09	-1.928987e+01	-1.749228e+02
1.540000e-06	-3.620134e-09	-1.522353e-09	-1.918832e+01	-1.739698e+02
1.550000e-06	-3.600862e-09	-1.516536e-09	-1.908617e+01	-1.730122e+02
1.560000e-06	-3.581479e-09	-1.511694e-09	-1.898344e+01	-1.720502e+02
1.570000e-06	-3.561977e-09	-1.506018e-09	-1.888007e+01	-1.710837e+02
1.580000e-06	-3.542371e-09	-1.499900e-09	-1.877615e+01	-1.701127e+02
1.590000e-06	-3.522643e-09	-1.494816e-09	-1.867158e+01	-1.691373e+02
1.600000e-06	-3.502785e-09	-1.488518e-09	-1.856632e+01	-1.681575e+02
1.610000e-06	-3.482824e-09	-1.478221e-09	-1.846052e+01	-1.671734e+02
1.620000e-06	-3.462768e-09	-1.464119e-09	-1.835422e+01	-1.661849e+02
1.630000e-06	-3.442639e-09	-1.448274e-09	-1.824752e+01	-1.651920e+02
1.640000e-06	-3.422439e-09	-1.433695e-09	-1.814045e+01	-1.641949e+02
1.650000e-06	-3.402173e-09	-1.422257e-09	-1.803303e+01	-1.631934e+02
1.660000e-06	-3.381839e-09	-1.413686e-09	-1.792526e+01	-1.621878e+02
1.670000e-06	-3.361445e-09	-1.407597e-09	-1.781716e+01	-1.611779e+02
1.680000e-06	-3.341007e-09	-1.404751e-09	-1.770883e+01	-1.601638e+02
1.690000e-06	-3.320533e-09	-1.402769e-09	-1.760031e+01	-1.591456e+02
1.700000e-06	-3.300040e-09	-1.397263e-09	-1.749168e+01	-1.581232e+02
1.710000e-06	-3.279514e-09	-1.385373e-09	-1.738289e+01	-1.570967e+02
1.720000e-06	-3.258957e-09	-1.367154e-09	-1.727393e+01	-1.560661e+02
1.730000e-06	-3.238373e-09	-1.347127e-09	-1.716482e+01	-1.550314e+02
1.740000e-06	-3.217749e-09	-1.331762e-09	-1.705550e+01	-1.539927e+02
1.750000e-06	-3.197101e-09	-1.325550e-09	-1.694606e+01	-1.529500e+02
1.760000e-06	-3.176431e-09	-1.326586e-09	-1.683650e+01	-1.519033e+02
1.770000e-06	-3.155704e-09	-1.329043e-09	-1.672664e+01	-1.508527e+02
1.780000e-06	-3.134923e-09	-1.327659e-09	-1.661649e+01	-1.497981e+02
1.790000e-06	-3.114089e-09	-1.320670e-09	-1.650606e+01	-1.487396e+02
1.800000e-06	-3.093199e-09	-1.309038e-09	-1.639533e+01	-1.476773e+02
1.810000e-06	-3.072241e-09	-1.294115e-09	-1.628425e+01	-1.466111e+02
1.820000e-06	-3.051205e-09	-1.278287e-09	-1.617275e+01	-1.455411e+02
1.830000e-06	-3.030089e-09	-1.263122e-09	-1.606082e+01	-1.444673e+02
1.840000e-06	-3.008890e-09	-1.250917e-09	-1.594846e+01	-1.433898e+02
1.850000e-06	-2.987614e-09	-1.245388e-09	-1.583568e+01	-1.423085e+02
1.860000e-06	-2.966241e-09	-1.245860e-09	-1.572240e+01	-1.412235e+02
1.870000e-06	-2.944759e-09	-1.246341e-09	-1.560854e+01	-1.401349e+02
1.880000e-06	-2.923166e-09	-1.241079e-09	-1.549409e+01	-1.390426e+02
1.890000e-06	-2.901484e-09	-1.229320e-09	-1.537916e+01	-1.379466e+02
1.900000e-06	-2.879730e-09	-1.214341e-09	-1.526386e+01	-1.368471e+02
1.910000e-06	-2.857888e-09	-1.199964e-09	-1.514808e+01	-1.357440e+02
1.920000e-06	-2.835958e-09	-1.187913e-09	-1.503184e+01	-1.346374e+02
1.930000e-06	-2.813942e-09	-1.176468e-09	-1.491515e+01	-1.335273e+02
1.940000e-06	-2.791842e-09	-1.166765e-09	-1.479801e+01	-1.324137e+02
1.950000e-06	-2.769658e-09	-1.164127e-09	-1.468042e+01	-1.312967e+02
1.960000e-06	-2.747394e-09	-1.167385e-09	-1.456242e+01	-1.301762e+02
1.970000e-06	-2.725069e-09	-1.167056e-09	-1.444408e+01	-1.290524e+02
1.980000e-06	-2.702679e-09	-1.156450e-09	-1.432541e+01	-1.279252e+02
1.990000e-06	-2.680232e-09	-1.137964e-09	-1.420643e+01	-1.267946e+02
2.000000e-06	-2.657729e-09	-1.120011e-09	-1.408715e+01	-1.256608e+02
2.010000e-06	-2.635186e-09	-1.109635e-09	-1.396766e+01	-1.245237e+02
2.020000e-06	-2.612597e-09	-1.105560e-09	-1.384793e+01	-1.233833e+02
2.030000e-06	-2.589949e-09	-1.100214e-09	-1.372789e+01	-1.222398e+02
2.040000e-06	-2.567245e-09	-1.091703e-09	-1.360754e+01	-1.210930e+02
2.050000e-06	-2.544487e-09	-1.081739e-09	-1.348691e+01	-1.199431e+02
2.060000e-06	-2.521681e-09	-1.070781e-09	-1.336603e+01	-1.187901e+02
2.070000e-06	-2.498827e-09	-1.057782e-09	-1.324490e+01	-1.176340e+02
2.080000e-06	-2.475944e-09	-1.041492e-09	-1.312361e+01	-1.164748e+02
2.090000e-06	-2.453016e-09	-1.027037e-09	-1.300208e+01	-1.153126e+02
2.100000e-06	-2.430016e-09	-1.020609e-09	-1.288017e+01	-1.141474e+02
2.110000e-06	-2.406938e-09	-1.021583e-09	-1.275784e+01	-1.129792e+02
2.120000e-06	-2.383794e-09	-1.020929e-09	-1.263517e+01	-1.118080e+02
2.130000e-06	-2.360588e-09	-1.009730e-09	-1.251217e+01	-1.106340e+02
2.140000e-06	-2.337303e-09	-9.906648e-10	-1.238875e+01	-1.094571e+02
2.150000e-06	-2.313930e-09	-9.731977e-10	-1.226486e+01	-1.082773e+02
2.160000e-06	-2.290484e-09	-9.620657e-10	-1.214059e+01	-1.070947e+02
2.170000e-06	-2.266990e-09	-9.544443e-10	-1.201606e+01	-1.059093e+02
2.180000e-06	-2.243420e-09	-9.457887e-10	-1.189112e+01	-1.047212e+02
2.190000e-06	-2.219771e-09	-9.364785e-10	-1.176577e+01	-1.035303e+02
2.200000e-06	-2.196062e-09	-9.294181e-10	-1.164011e+01	-1.023368e+02
2.210000e-06	-2.172266e-09	-9.242062e-10	-1.151398e+01	-1.011405e+02
2.220000e-06	-2.148405e-09	-9.149246e-10	-1.138751e+01	-9.994168e+01
2.230000e-06	-2.124485e-09	-8.990062e-10	-1.126072e+01	-9.874022e+01
2.240000e-06	-2.100508e-09	-8.802408e-10	-1.113363e+01	-9.753618e+01
2.250000e-06	-2.076478e-09	-8.647436e-10	-1.100626e+01	-9.632961e+01
2.260000e-06	-2.052397e-09	-8.553296e-10	-1.087862e+01	-9.512052e+01
2.270000e-06	-2.028271e-09	-8.491767e-10	-1.075074e+01	-9.390896e+01
2.280000e-06	-2.004102e-09	-8.431424e-10	-1.062263e+01	-9.269495e+01
2.290000e-06	-1.979893e-09	-8.382963e-10	-1.049431e+01	-9.147853e+01
2.300000e-06	-1.955631e-09	-8.354723e-10	-1.036571e+01	-9.025972e+01
2.310000e-06	-1.931323e-09	-8.308171e-10	-1.023688e+01	-8.903857e+01
2.320000e-06	-1.906981e-09	-8.207304e-10	-1.010785e+01	-8.781509e+01
2.330000e-06	-1.882602e-09	-8.031881e-10	-9.978629e+00	-8.658933e+01
2.340000e-06	-1.858195e-09	-7.799503e-10	-9.849265e+00	-8.536131e+01
2.350000e-06	-1.833775e-09	-7.591925e-10	-9.719826e+00	-8.413107e+01
2.360000e-06	-1.809323e-09	-7.471353e-10	-9.590221e+00	-8.289863e+01
2.370000e-06	-1.784831e-09	-7.422007e-10	-9.460398e+00	-8.166404e+01
2.380000e-06	-1.760323e-09	-7.396465e-10	-9.330498e+00	-8.042732e+01
2.390000e-06	-1.735805e-09	-7.358862e-10	-9.200543e+00	-7.918850e+01
2.400000e-06	-1.711271e-09	-7.321047e-10	-9.070499e+00	-7.794762e+01
2.410000e-06	-1.686720e-09	-7.275792e-10	-8.940366e+00	-7.670471e+01
2.420000e-06	-1.662137e-09	-7.179401e-10	-8.810066e+00	-7.545980e+01
2.430000e-06	-1.637525e-09	-7.001259e-10	-8.679610e+00	-7.421292e+01
2.440000e-06	-1.612891e-09	-6.774215e-10	-8.549043e+00	-7.296411e+01
2.450000e-06	-1.588234e-09	-6.581048e-10	-8.418348e+00	-7.171340e+01
2.460000e-06	-1.563561e-09	-6.479811e-10	-8.287570e+00	-7.046082e+01
2.470000e-06	-1.538878e-09	-6.476316e-10	-8.156739e+00	-6.920640e+01
2.480000e-06	-1.514174e-09	-6.502540e-10	-8.025796e+00	-6.795018e+01
2.490000e-06	-1.489445e-09	-6.494767e-10	-7.894722e+00	-6.669219e+01
2.500000e-06	-1.464677e-09	-6.421957e-10	-7.763440e+00	-6.543246e+01
2.510000e-06	-1.439877e-09	-6.279391e-10	-7.631992e+00	-6.417102e+01
2.520000e-06	-1.415068e-09	-6.094176e-10	-7.500489e+00	-6.290792e+01
2.530000e-06	-1.390236e-09	-5.888874e-10	-7.368872e+00	-6.164317e+01
2.540000e-06	-1.365367e-09	-5.709914e-10	-7.237052e+00	-6.037681e+01
2.550000e-06	-1.340446e-09	-5.621448e-10	-7.104963e+00	-5.910888e+01
2.560000e-06	-1.315483e-09	-5.622793e-10	-6.972646e+00	-5.783941e+01
2.570000e-06	-1.290479e-09	-5.638643e-10	-6.840112e+00	-5.656843e+01
2.580000e-06	-1.265448e-09	-5.603318e-10	-6.707437e+00	-5.529598e+01
2.590000e-06	-1.240412e-09	-5.509468e-10	-6.574736e+00	-5.402208e+01
2.600000e-06	-1.215357e-09	-5.378687e-10	-6.441933e+00	-5.274678e+01
2.610000e-06	-1.190251e-09	-5.233344e-10	-6.308859e+00	-5.147010e+01
2.620000e-06	-1.165105e-09	-5.088881e-10	-6.175575e+00	-5.019207e+01
2.630000e-06	-1.139921e-09	-4.948981e-10	-6.042089e+00	-4.891274e+01
2.640000e-06	-1.114696e-09	-4.835626e-10	-5.908388e+00	-4.763213e+01
2.650000e-06	-1.089459e-09	-4.761469e-10	-5.774619e+00	-4.635028e+01
2.660000e-06	-1.064212e-09	-4.715982e-10	-5.640798e+00	-4.506722e+01
2.670000e-06	-1.038940e-09	-4.664815e-10	-5.506845e+00	-4.378298e+01
2.680000e-06	-1.013619e-09	-4.547991e-10	-5.372632e+00	-4.249760e+01
2.690000e-06	-9.882625e-10	-4.389884e-10	-5.238232e+00	-4.121111e+01
2.700000e-06	-9.628849e-10	-4.240652e-10	-5.103719e+00	-3.992354e+01
2.710000e-06	-9.374539e-10	-4.114983e-10	-4.968923e+00	-3.863494e+01
2.720000e-06	-9.119774e-10	-3.993479e-10	-4.833887e+00	-3.734532e+01
2.730000e-06	-8.864776e-10	-3.846501e-10	-4.698726e+00	-3.605473e+01
2.740000e-06	-8.609422e-10	-3.695158e-10	-4.563377e+00	-3.476319e+01
2.750000e-06	-8.353822e-10	-3.572403e-10	-4.427898e+00	-3.347075e+01
2.760000e-06	-8.097785e-10	-3.466379e-10	-4.292187e+00	-3.217744e+01
2.770000e-06	-7.841102e-10	-3.349130e-10	-4.156134e+00	-3.088328e+01
2.780000e-06	-7.584337e-10	-3.216150e-10	-4.020037e+00	-2.958831e+01
2.790000e-06	-7.327589e-10	-3.086357e-10	-3.883949e+00	-2.829258e+01
2.800000e-06	-7.070427e-10	-2.982412e-10	-3.747642e+00	-2.699610e+01
2.810000e-06	-6.812969e-10	-2.899962e-10	-3.611177e+00	-2.569891e+01
2.820000e-06	-6.555330e-10	-2.805527e-10	-3.474617e+00	-2.440106e+01
2.830000e-06	-6.297306e-10	-2.675736e-10	-3.337853e+00	-2.310256e+01
2.840000e-06	-6.039224e-10	-2.534216e-10	-3.201058e+00	-2.180346e+01
2.850000e-06	-5.781108e-10	-2.401110e-10	-3.064246e+00	-2.050379e+01
2.860000e-06	-5.522521e-10	-2.273709e-10	-2.927183e+00	-1.920358e+01
2.870000e-06	-5.263520e-10	-2.140658e-10	-2.789901e+00	-1.790287e+01
2.880000e-06	-5.004265e-10	-2.010169e-10	-2.652484e+00	-1.660168e+01
2.890000e-06	-4.744943e-10	-1.896858e-10	-2.515032e+00	-1.530006e+01
2.900000e-06	-4.485747e-10	-1.812099e-10	-2.377647e+00	-1.399804e+01
2.910000e-06	-4.226398e-10	-1.750389e-10	-2.240180e+00	-1.269565e+01
2.920000e-06	-3.966672e-10	-1.669969e-10	-2.102514e+00	-1.139293e+01
2.930000e-06	-3.706766e-10	-1.535268e-10	-1.964752e+00	-1.008990e+01
2.940000e-06	-3.446753e-10	-1.364620e-10	-1.826934e+00	-8.786613e+00
2.950000e-06	-3.186671e-10	-1.196095e-10	-1.689079e+00	-7.483089e+00
2.960000e-06	-2.926544e-10	-1.037183e-10	-1.551200e+00	-6.179367e+00
2.970000e-06	-2.666427e-10	-8.881389e-11	-1.413327e+00	-4.875479e+00
2.980000e-06	-2.406359e-10	-7.613178e-11	-1.275479e+00	-3.571460e+00
2.990000e-06	-2.146043e-10	-6.698503e-11	-1.137500e+00	-2.267344e+00
3.000000e-06	-1.885236e-10	-5.963463e-11	-9.992601e-01	-9.631646e-01
3.010000e-06	-1.624086e-10	-5.064213e-11	-8.608388e-01	3.410442e-01
3.020000e-06	-1.363045e-10	-3.735661e-11	-7.224755e-01	1.645248e+00
3.030000e-06	-1.102139e-10	-2.010396e-11	-5.841839e-01	2.949414e+00
3.040000e-06	-8.409484e-11	-3.187754e-12	-4.457411e-01	4.253508e+00
3.050000e-06	-5.798866e-11	1.166959e-11	-3.073666e-01	5.557495e+00
3.060000e-06	-3.190792e-11	2.520631e-11	-1.691271e-01	6.861342e+00
3.070000e-06	-5.820831e-12	3.750833e-11	-3.085404e-02	8.165015e+00
3.080000e-06	2.026933e-11	4.895251e-11	1.074353e-01	9.468480e+00
3.090000e-06	4.638039e-11	5.798411e-11	2.458354e-01	1.077170e+01
3.100000e-06	7.248202e-11	6.446289e-11	3.841856e-01	1.207465e+01
3.110000e-06	9.856356e-11	7.148831e-11	5.224294e-01	1.337729e+01
3.120000e-06	1.246501e-10	8.191021e-11	6.606994e-01	1.467958e+01
3.130000e-06	1.507230e-10	9.619554e-11	7.988973e-01	1.598150e+01
3.140000e-06	1.767610e-10	1.137530e-10	9.369103e-01	1.728301e+01
3.150000e-06	2.027983e-10	1.313168e-10	1.074919e+00	1.858407e+01
3.160000e-06	2.288621e-10	1.461947e-10	1.213069e+00	1.988465e+01
3.170000e-06	2.549333e-10	1.578313e-10	1.351258e+00	2.118472e+01
3.180000e-06	2.809633e-10	1.657128e-10	1.489228e+00	2.248424e+01
3.190000e-06	3.069688e-10	1.707911e-10	1.627069e+00	2.378318e+01
3.200000e-06	3.329586e-10	1.748181e-10	1.764826e+00	2.508151e+01
3.210000e-06	3.589174e-10	1.811478e-10	1.902420e+00	2.637919e+01
3.220000e-06	3.848896e-10	1.923662e-10	2.040084e+00	2.767619e+01
3.230000e-06	4.108838e-10	2.082126e-10	2.177865e+00	2.897248e+01
3.240000e-06	4.368570e-10	2.249437e-10	2.315534e+00	3.026801e+01
3.250000e-06	4.627843e-10	2.402153e-10	2.452960e+00	3.156276e+01
3.260000e-06	4.886849e-10	2.539307e-10	2.590245e+00	3.285670e+01
3.270000e-06	5.145502e-10	2.659225e-10	2.727342e+00	3.414979e+01
3.280000e-06	5.403874e-10	2.753217e-10	2.864291e+00	3.544199e+01
3.290000e-06	5.661918e-10	2.814389e-10	3.001066e+00	3.673327e+01
3.300000e-06	5.919809e-10	2.866409e-10	3.137759e+00	3.802361e+01
3.310000e-06	6.177406e-10	2.937900e-10	3.274297e+00	3.931296e+01
3.320000e-06	6.434422e-10	3.052625e-10	3.410527e+00	4.060129e+01
3.330000e-06	6.691347e-10	3.213768e-10	3.546709e+00	4.188857e+01
3.340000e-06	6.948314e-10	3.393039e-10	3.682913e+00	4.317477e+01
3.350000e-06	7.205041e-10	3.556507e-10	3.818990e+00	4.445985e+01
3.360000e-06	7.461418e-10	3.686730e-10	3.954881e+00	4.574377e+01
3.370000e-06	7.717460e-10	3.797568e-10	4.090595e+00	4.702652e+01
3.380000e-06	7.973403e-10	3.900698e-10	4.226256e+00	4.830804e+01
3.390000e-06	8.229190e-10	3.983194e-10	4.361834e+00	4.958831e+01
3.400000e-06	8.484560e-10	4.047017e-10	4.497192e+00	5.086730e+01
3.410000e-06	8.739560e-10	4.133667e-10	4.632353e+00	5.214497e+01
3.420000e-06	8.994195e-10	4.271344e-10	4.767321e+00	5.342128e+01
3.430000e-06	9.248405e-10	4.443777e-10	4.902063e+00	5.469621e+01
3.440000e-06	9.502211e-10	4.629997e-10	5.036592e+00	5.596973e+01
3.450000e-06	9.755746e-10	4.801696e-10	5.170977e+00	5.724179e+01
3.460000e-06	1.000881e-09	4.944153e-10	5.305114e+00	5.851237e+01
3.470000e-06	1.026176e-09	5.067601e-10	5.439187e+00	5.978144e+01
3.480000e-06	1.051463e-09	5.166893e-10	5.573222e+00	6.104895e+01
3.490000e-06	1.076702e-09	5.236901e-10	5.706995e+00	6.231488e+01
3.500000e-06	1.101889e-09	5.295294e-10	5.840498e+00	6.357919e+01
3.510000e-06	1.127035e-09	5.378539e-10	5.973783e+00	6.484186e+01
3.520000e-06	1.152133e-09	5.493990e-10	6.106813e+00	6.610284e+01
3.530000e-06	1.177201e-09	5.637663e-10	6.239689e+00	6.736211e+01
3.540000e-06	1.202270e-09	5.798733e-10	6.372565e+00	6.861963e+01
3.550000e-06	1.227313e-09	5.949182e-10	6.505301e+00	6.987537e+01
3.560000e-06	1.252305e-09	6.079451e-10	6.637774e+00	7.112930e+01
3.570000e-06	1.277244e-09	6.185415e-10	6.769960e+00	7.238139e+01
3.580000e-06	1.302154e-09	6.272614e-10	6.901993e+00	7.363160e+01
3.590000e-06	1.327028e-09	6.366692e-10	7.033836e+00	7.487989e+01
3.600000e-06	1.351862e-09	6.483921e-10	7.165467e+00	7.612625e+01
3.610000e-06	1.376665e-09	6.608064e-10	7.296937e+00	7.737063e+01
3.620000e-06	1.401448e-09	6.720093e-10	7.428295e+00	7.861300e+01
3.630000e-06	1.426221e-09	6.825785e-10	7.559604e+00	7.985333e+01
3.640000e-06	1.450975e-09	6.945445e-10	7.690810e+00	8.109159e+01
3.650000e-06	1.475693e-09	7.081841e-10	7.821828e+00	8.232775e+01
3.660000e-06	1.500380e-09	7.200406e-10	7.952680e+00	8.356177e+01
3.670000e-06	1.525055e-09	7.296311e-10	8.083471e+00	8.479362e+01
3.680000e-06	1.549720e-09	7.393783e-10	8.214203e+00	8.602327e+01
3.690000e-06	1.574363e-09	7.484948e-10	8.344823e+00	8.725069e+01
3.700000e-06	1.598986e-09	7.567627e-10	8.475335e+00	8.847585e+01
3.710000e-06	1.623593e-09	7.640507e-10	8.605765e+00	8.969871e+01
3.720000e-06	1.648185e-09	7.716295e-10	8.736112e+00	9.091924e+01
3.730000e-06	1.672759e-09	7.826966e-10	8.866364e+00	9.213741e+01
3.740000e-06	1.697311e-09	7.967799e-10	8.996501e+00	9.335319e+01
3.750000e-06	1.721830e-09	8.118389e-10	9.126462e+00	9.456655e+01
3.760000e-06	1.746309e-09	8.259332e-10	9.256215e+00	9.577745e+01
3.770000e-06	1.770765e-09	8.378059e-10	9.385839e+00	9.698587e+01
3.780000e-06	1.795210e-09	8.477941e-10	9.515409e+00	9.819177e+01
3.790000e-06	1.819627e-09	8.560431e-10	9.644834e+00	9.939512e+01
3.800000e-06	1.844009e-09	8.620176e-10	9.774068e+00	1.005959e+02
3.810000e-06	1.868359e-09	8.660321e-10	9.903135e+00	1.017941e+02
3.820000e-06	1.892670e-09	8.715639e-10	1.003199e+01	1.029896e+02
3.830000e-06	1.916939e-09	8.820196e-10	1.016063e+01	1.041824e+02
3.840000e-06	1.941168e-09	8.960748e-10	1.028905e+01	1.053726e+02
3.850000e-06	1.965356e-09	9.086472e-10	1.041726e+01	1.065600e+02
3.860000e-06	1.989487e-09	9.178834e-10	1.054517e+01	1.077446e+02
3.870000e-06	2.013567e-09	9.270522e-10	1.067280e+01	1.089264e+02
3.880000e-06	2.037595e-09	9.377715e-10	1.080016e+01	1.101055e+02
3.890000e-06	2.061557e-09	9.464644e-10	1.092717e+01	1.112816e+02
3.900000e-06	2.085460e-09	9.485512e-10	1.105386e+01	1.124549e+02
3.910000e-06	2.109309e-09	9.479589e-10	1.118027e+01	1.136252e+02
3.920000e-06	2.133091e-09	9.525579e-10	1.130633e+01	1.147926e+02
3.930000e-06	2.156797e-09	9.650830e-10	1.143198e+01	1.159570e+02
3.940000e-06	2.180443e-09	9.816194e-10	1.155731e+01	1.171184e+02
3.950000e-06	2.204037e-09	9.972361e-10	1.168237e+01	1.182768e+02
3.960000e-06	2.227584e-09	1.011255e-09	1.180718e+01	1.194321e+02
3.970000e-06	2.251048e-09	1.022721e-09	1.193156e+01	1.205843e+02
3.980000e-06	2.274392e-09	1.031899e-09	1.205529e+01	1.217334e+02
3.990000e-06	2.297684e-09	1.038144e-09	1.217875e+01	1.228793e+02
4.000000e-06	2.320939e-09	1.041773e-09	1.230201e+01	1.240220e+02
4.010000e-06	2.344123e-09	1.046246e-09	1.242489e+01	1.251615e+02
4.020000e-06	2.367238e-09	1.054003e-09	1.254741e+01	1.262977e+02
4.030000e-06	2.390282e-09	1.066776e-09	1.266956e+01	1.274307e+02
4.040000e-06	2.413259e-09	1.081778e-09	1.279134e+01	1.285603e+02
4.050000e-06	2.436178e-09	1.096459e-09	1.291282e+01	1.296866e+02
4.060000e-06	2.459037e-09	1.109477e-09	1.303399e+01	1.308096e+02
4.070000e-06	2.481845e-09	1.119370e-09	1.315488e+01	1.319291e+02
4.080000e-06	2.504609e-09	1.128073e-09	1.327554e+01	1.330452e+02
4.090000e-06	2.527313e-09	1.135776e-09	1.339588e+01	1.341579e+02
4.100000e-06	2.549965e-09	1.141985e-09	1.351595e+01	1.352671e+02
4.110000e-06	2.572576e-09	1.148595e-09	1.363580e+01	1.363728e+02
4.120000e-06	2.595143e-09	1.156462e-09	1.375541e+01	1.374749e+02
4.130000e-06	2.617642e-09	1.166913e-09	1.387466e+01	1.385735e+02
4.140000e-06	2.640083e-09	1.180240e-09	1.399362e+01	1.396684e+02
4.150000e-06	2.662488e-09	1.194575e-09	1.411237e+01	1.407598e+02
4.160000e-06	2.684841e-09	1.207758e-09	1.423085e+01	1.418474e+02
4.170000e-06	2.707127e-09	1.217727e-09	1.434898e+01	1.429314e+02
4.180000e-06	2.729343e-09	1.226077e-09	1.446673e+01	1.440117e+02
4.190000e-06	2.751494e-09	1.235868e-09	1.458414e+01	1.450883e+02
4.200000e-06	2.773597e-09	1.247036e-09	1.470130e+01	1.461610e+02
4.210000e-06	2.795629e-09	1.256245e-09	1.481808e+01	1.472300e+02
4.220000e-06	2.817575e-09	1.262618e-09	1.493440e+01	1.482952e+02
4.230000e-06	2.839450e-09	1.268470e-09	1.505035e+01	1.493565e+02
4.240000e-06	2.861231e-09	1.278443e-09	1.516580e+01	1.504139e+02
4.250000e-06	2.882907e-09	1.294438e-09	1.528069e+01	1.514674e+02
4.260000e-06	2.904485e-09	1.310641e-09	1.539506e+01	1.525170e+02
4.270000e-06	2.925974e-09	1.319629e-09	1.550896e+01	1.535626e+02
4.280000e-06	2.947382e-09	1.321711e-09	1.562244e+01	1.546043e+02
4.290000e-06	2.968707e-09	1.324746e-09	1.573547e+01	1.556419e+02
4.300000e-06	2.989936e-09	1.332647e-09	1.584799e+01	1.566755e+02
4.310000e-06	3.011062e-09	1.342015e-09	1.595997e+01	1.577050e+02
4.320000e-06	3.032108e-09	1.348532e-09	1.607152e+01	1.587304e+02
4.330000e-06	3.053106e-09	1.354263e-09	1.618282e+01	1.597517e+02
4.340000e-06	3.074028e-09	1.363119e-09	1.629372e+01	1.607688e+02
4.350000e-06	3.094857e-09	1.375962e-09	1.640412e+01	1.617818e+02
4.360000e-06	3.115630e-09	1.389033e-09	1.651422e+01	1.627906e+02
4.370000e-06	3.136372e-09	1.397353e-09	1.662417e+01	1.637951e+02
4.380000e-06	3.157083e-09	1.403733e-09	1.673395e+01	1.647954e+02
4.390000e-06	3.177752e-09	1.412091e-09	1.684350e+01	1.657914e+02
4.400000e-06	3.198376e-09	1.421557e-09	1.695282e+01	1.667831e+02
4.410000e-06	3.218972e-09	1.426823e-09	1.706199e+01	1.677704e+02
4.420000e-06	3.239543e-09	1.427857e-09	1.717102e+01	1.687534e+02
4.430000e-06	3.260086e-09	1.431425e-09	1.727991e+01	1.697321e+02
4.440000e-06	3.280599e-09	1.442273e-09	1.738863e+01	1.707063e+02
4.450000e-06	3.301082e-09	1.459900e-09	1.749720e+01	1.716761e+02
4.460000e-06	3.321526e-09	1.475923e-09	1.760557e+01	1.726414e+02
4.470000e-06	3.341923e-09	1.484569e-09	1.771368e+01	1.736022e+02
4.480000e-06	3.362273e-09	1.487005e-09	1.782154e+01	1.745585e+02
4.490000e-06	3.382564e-09	1.488233e-09	1.792910e+01	1.755103e+02
4.500000e-06	3.402797e-09	1.493033e-09	1.803634e+01	1.764576e+02
4.510000e-06	3.422974e-09	1.500012e-09	1.814328e+01	1.774002e+02
4.520000e-06	3.443070e-09	1.505456e-09	1.824980e+01	1.783382e+02
4.530000e-06	3.463062e-09	1.510332e-09	1.835577e+01	1.792717e+02
4.540000e-06	3.482971e-09	1.518197e-09	1.846130e+01	1.802004e+02
4.550000e-06	3.502764e-09	1.529990e-09	1.856621e+01	1.811245e+02
4.560000e-06	3.522413e-09	1.541160e-09	1.867036e+01	1.820438e+02
4.570000e-06	3.541950e-09	1.547929e-09	1.877391e+01	1.829585e+02
4.580000e-06	3.561379e-09	1.553239e-09	1.887689e+01	1.838684e+02
4.590000e-06	3.580709e-09	1.560114e-09	1.897935e+01	1.847735e+02
4.600000e-06	3.599935e-09	1.566684e-09	1.908126e+01	1.856738e+02
4.610000e-06	3.619046e-09	1.568629e-09	1.918255e+01	1.865693e+02
4.620000e-06	3.638030e-09	1.568127e-09	1.928318e+01	1.874599e+02
4.630000e-06	3.656861e-09	1.571207e-09	1.938299e+01	1.883457e+02
4.640000e-06	3.675583e-09	1.579987e-09	1.948222e+01	1.892265e+02
4.650000e-06	3.694237e-09	1.595234e-09	1.958110e+01	1.901025e+02
4.660000e-06	3.712825e-09	1.611226e-09	1.967963e+01	1.909735e+02
4.670000e-06	3.731348e-09	1.624403e-09	1.977780e+01	1.918396e+02
4.680000e-06	3.749780e-09	1.636397e-09	1.987550e+01	1.927007e+02
4.690000e-06	3.768125e-09	1.645674e-09	1.997274e+01	1.935567e+02
4.700000e-06	3.786422e-09	1.652096e-09	2.006972e+01	1.944078e+02
4.710000e-06	3.804667e-09	1.653909e-09	2.016643e+01	1.952538e+02
4.720000e-06	3.822854e-09	1.654878e-09	2.026283e+01	1.960947e+02
4.730000e-06	3.840989e-09	1.660913e-09	2.035895e+01	1.969305e+02
4.740000e-06	3.859067e-09	1.673511e-09	2.045477e+01	1.977612e+02
4.750000e-06	3.877074e-09	1.689892e-09	2.055022e+01	1.985868e+02
4.760000e-06	3.895034e-09	1.704818e-09	2.064542e+01	1.994072e+02
4.770000e-06	3.912938e-09	1.716467e-09	2.074031e+01	2.002224e+02
4.780000e-06	3.930755e-09	1.723825e-09	2.083475e+01	2.010325e+02
4.790000e-06	3.948484e-09	1.728035e-09	2.092872e+01	2.018373e+02
4.800000e-06	3.966121e-09	1.729646e-09	2.102220e+01	2.026368e+02
4.810000e-06	3.983708e-09	1.730393e-09	2.111543e+01	2.034311e+02
4.820000e-06	4.001218e-09	1.733351e-09	2.120824e+01	2.042202e+02
4.830000e-06	4.018611e-09	1.741015e-09	2.130043e+01	2.050039e+02
4.840000e-06	4.035883e-09	1.754046e-09	2.139197e+01	2.057823e+02
4.850000e-06	4.053041e-09	1.768041e-09	2.148292e+01	2.065553e+02
4.860000e-06	4.070099e-09	1.778952e-09	2.157334e+01	2.073230e+02
4.870000e-06	4.087012e-09	1.786262e-09	2.166298e+01	2.080852e+02
4.880000e-06	4.103769e-09	1.792681e-09	2.175180e+01	2.088421e+02
4.890000e-06	4.120345e-09	1.800766e-09	2.183966e+01	2.095936e+02
4.900000e-06	4.136710e-09	1.808527e-09	2.192640e+01	2.103396e+02
4.910000e-06	4.152907e-09	1.812550e-09	2.201225e+01	2.110801e+02
4.920000e-06	4.168974e-09	1.815797e-09	2.209742e+01	2.118152e+02
4.930000e-06	4.184886e-09	1.823772e-09	2.218176e+01	2.125448e+02
4.940000e-06	4.200628e-09	1.836759e-09	2.226519e+01	2.132688e+02
4.950000e-06	4.216216e-09	1.851212e-09	2.234782e+01	2.139873e+02
4.960000e-06	4.231642e-09	1.859854e-09	2.242959e+01	2.147002e+02
4.970000e-06	4.246882e-09	1.863659e-09	2.251036e+01	2.154076e+02
4.980000e-06	4.261966e-09	1.867092e-09	2.259031e+01	2.161093e+02
4.990000e-06	4.276947e-09	1.870779e-09	2.266972e+01	2.168055e+02
5.000000e-06	4.291830e-09	1.875359e-09	2.274861e+01	2.174960e+02
5.010000e-06	4.306621e-09	1.879279e-09	2.282701e+01	2.181809e+02
5.020000e-06	4.321320e-09	1.885249e-09	2.290492e+01	2.188601e+02
5.030000e-06	4.335909e-09	1.891908e-09	2.298225e+01	2.195336e+02
5.040000e-06	4.350385e-09	1.898542e-09	2.305898e+01	2.202014e+02
5.050000e-06	4.364769e-09	1.905477e-09	2.313522e+01	2.208635e+02
5.060000e-06	4.379049e-09	1.911225e-09	2.321091e+01	2.215198e+02
5.070000e-06	4.393180e-09	1.918549e-09	2.328581e+01	2.221704e+02
5.080000e-06	4.407176e-09	1.927694e-09	2.335999e+01	2.228152e+02
5.090000e-06	4.421034e-09	1.937591e-09	2.343345e+01	2.234542e+02
5.100000e-06	4.434739e-09	1.941904e-09	2.350609e+01	2.240875e+02
5.110000e-06	4.448312e-09	1.939094e-09	2.357803e+01	2.247149e+02
5.120000e-06	4.461759e-09	1.934195e-09	2.364931e+01	2.253364e+02
5.130000e-06	4.475077e-09	1.934274e-09	2.371990e+01	2.259521e+02
5.140000e-06	4.488249e-09	1.945234e-09	2.378972e+01	2.265620e+02
5.150000e-06	4.501278e-09	1.960562e-09	2.385878e+01	2.271659e+02
5.160000e-06	4.514203e-09	1.972622e-09	2.392728e+01	2.277640e+02
5.170000e-06	4.527021e-09	1.978217e-09	2.399523e+01	2.283561e+02
5.180000e-06	4.539741e-09	1.979482e-09	2.406265e+01	2.289423e+02
5.190000e-06	4.552380e-09	1.979329e-09	2.412964e+01	2.295226e+02
5.200000e-06	4.564940e-09	1.978517e-09	2.419621e+01	2.300969e+02
5.210000e-06	4.577412e-09	1.978689e-09	2.426232e+01	2.306652e+02
5.220000e-06	4.589787e-09	1.981883e-09	2.432791e+01	2.312275e+02
5.230000e-06	4.602046e-09	1.989507e-09	2.439289e+01	2.317838e+02
5.240000e-06	4.614190e-09	1.999516e-09	2.445726e+01	2.323341e+02
5.250000e-06	4.626212e-09	2.008273e-09	2.452098e+01	2.328783e+02
5.260000e-06	4.638102e-09	2.013015e-09	2.458400e+01	2.334165e+02
5.270000e-06	4.649846e-09	2.016249e-09	2.464625e+01	2.339487e+02
5.280000e-06	4.661425e-09	2.021243e-09	2.470762e+01	2.344747e+02
5.290000e-06	4.672837e-09	2.027661e-09	2.476812e+01	2.349947e+02
5.300000e-06	4.684056e-09	2.034134e-09	2.482758e+01	2.355085e+02
5.310000e-06	4.695059e-09	2.036922e-09	2.488590e+01	2.360163e+02
5.320000e-06	4.705843e-09	2.035457e-09	2.494306e+01	2.365179e+02
5.330000e-06	4.716392e-09	2.034910e-09	2.499898e+01	2.370134e+02
5.340000e-06	4.726724e-09	2.040127e-09	2.505374e+01	2.375027e+02
5.350000e-06	4.736875e-09	2.050601e-09	2.510755e+01	2.379858e+02
5.360000e-06	4.746826e-09	2.061351e-09	2.516029e+01	2.384627e+02
5.370000e-06	4.756576e-09	2.068736e-09	2.521197e+01	2.389335e+02
5.380000e-06	4.766140e-09	2.072671e-09	2.526266e+01	2.393980e+02
5.390000e-06	4.775531e-09	2.075627e-09	2.531244e+01	2.398564e+02
5.400000e-06	4.784780e-09	2.077629e-09	2.536146e+01	2.403085e+02
5.410000e-06	4.793885e-09	2.079011e-09	2.540972e+01	2.407543e+02
5.420000e-06	4.802867e-09	2.081520e-09	2.545733e+01	2.411939e+02
5.430000e-06	4.811747e-09	2.085517e-09	2.550440e+01	2.416272e+02
5.440000e-06	4.820540e-09	2.092508e-09	2.555100e+01	2.420543e+02
5.450000e-06	4.829271e-09	2.101814e-09	2.559729e+01	2.424751e+02
5.460000e-06	4.837935e-09	2.109829e-09	2.564321e+01	2.428895e+02
5.470000e-06	4.846524e-09	2.114504e-09	2.568873e+01	2.432977e+02
5.480000e-06	4.855057e-09	2.119136e-09	2.573396e+01	2.436995e+02
5.490000e-06	4.863529e-09	2.124733e-09	2.577887e+01	2.440950e+02
5.500000e-06	4.871935e-09	2.129368e-09	2.582342e+01	2.444841e+02
5.510000e-06	4.880257e-09	2.132020e-09	2.586754e+01	2.448669e+02
5.520000e-06	4.888481e-09	2.131551e-09	2.591112e+01	2.452434e+02
5.530000e-06	4.896599e-09	2.131099e-09	2.595415e+01	2.456135e+02
5.540000e-06	4.904602e-09	2.133856e-09	2.599657e+01	2.459771e+02
5.550000e-06	4.912472e-09	2.139779e-09	2.603829e+01	2.463344e+02
5.560000e-06	4.920204e-09	2.146583e-09	2.607927e+01	2.466853e+02
5.570000e-06	4.927802e-09	2.151863e-09	2.611954e+01	2.470298e+02
5.580000e-06	4.935265e-09	2.156135e-09	2.615910e+01	2.473679e+02
5.590000e-06	4.942602e-09	2.160839e-09	2.619799e+01	2.476995e+02
5.600000e-06	4.949794e-09	2.165285e-09	2.623611e+01	2.480247e+02
5.610000e-06	4.956842e-09	2.166341e-09	2.627347e+01	2.483435e+02
5.620000e-06	4.963771e-09	2.163123e-09	2.631019e+01	2.486558e+02
5.630000e-06	4.970598e-09	2.159447e-09	2.634638e+01	2.489616e+02
5.640000e-06	4.977331e-09	2.159546e-09	2.638207e+01	2.492610e+02
5.650000e-06	4.983948e-09	2.164961e-09	2.641714e+01	2.495539e+02
5.660000e-06	4.990439e-09	2.172602e-09	2.645155e+01	2.498403e+02
5.670000e-06	4.996826e-09	2.178649e-09	2.648540e+01	2.501202e+02
5.680000e-06	5.003093e-09	2.182316e-09	2.651862e+01	2.503937e+02
5.690000e-06	5.009229e-09	2.184692e-09	2.655115e+01	2.506606e+02
5.700000e-06	5.015227e-09	2.185382e-09	2.658294e+01	2.509210e+02
5.710000e-06	5.021059e-09	2.183268e-09	2.661385e+01	2.511749e+02
5.720000e-06	5.026745e-09	2.179596e-09	2.664399e+01	2.514222e+02
5.730000e-06	5.032314e-09	2.176697e-09	2.667350e+01	2.516631e+02
5.740000e-06	5.037744e-09	2.177652e-09	2.670228e+01	2.518973e+02
5.750000e-06	5.043028e-09	2.182029e-09	2.673030e+01	2.521251e+02
5.760000e-06	5.048178e-09	2.187233e-09	2.675759e+01	2.523463e+02
5.770000e-06	5.053200e-09	2.191778e-09	2.678421e+01	2.525609e+02
5.780000e-06	5.058115e-09	2.193933e-09	2.681026e+01	2.527690e+02
5.790000e-06	5.062939e-09	2.194612e-09	2.683583e+01	2.529705e+02
5.800000e-06	5.067692e-09	2.194397e-09	2.686102e+01	2.531654e+02
5.810000e-06	5.072376e-09	2.192412e-09	2.688585e+01	2.533538e+02
5.820000e-06	5.077003e-09	2.188732e-09	2.691037e+01	2.535355e+02
5.830000e-06	5.081588e-09	2.184539e-09	2.693468e+01	2.537107e+02
5.840000e-06	5.086105e-09	2.183432e-09	2.695862e+01	2.538793e+02
5.850000e-06	5.090539e-09	2.187532e-09	2.698212e+01	2.540413e+02
5.860000e-06	5.094907e-09	2.193399e-09	2.700527e+01	2.541967e+02
5.870000e-06	5.099204e-09	2.196508e-09	2.702805e+01	2.543455e+02
5.880000e-06	5.103390e-09	2.196353e-09	2.705024e+01	2.544877e+02
5.890000e-06	5.107437e-09	2.195819e-09	2.707169e+01	2.546232e+02
5.900000e-06	5.111376e-09	2.196255e-09	2.709257e+01	2.547522e+02
5.910000e-06	5.115152e-09	2.194868e-09	2.711258e+01	2.548745e+02
5.920000e-06	5.118726e-09	2.190773e-09	2.713153e+01	2.549902e+02
5.930000e-06	5.122140e-09	2.187785e-09	2.714963e+01	2.550993e+02
5.940000e-06	5.125349e-09	2.187616e-09	2.716663e+01	2.552018e+02
5.950000e-06	5.128314e-09	2.191264e-09	2.718235e+01	2.552976e+02
5.960000e-06	5.131054e-09	2.198855e-09	2.719687e+01	2.553868e+02
5.970000e-06	5.133579e-09	2.205706e-09	2.721026e+01	2.554693e+02
5.980000e-06	5.135885e-09	2.209850e-09	2.722248e+01	2.555453e+02
5.990000e-06	5.137978e-09	2.212888e-09	2.723357e+01	2.556145e+02
6.000000e-06	5.139862e-09	2.214875e-09	2.724356e+01	2.556772e+02
6.010000e-06	5.141544e-09	2.213834e-09	2.725247e+01	2.557332e+02
6.020000e-06	5.143044e-09	2.209857e-09	2.726043e+01	2.557825e+02
6.030000e-06	5.144377e-09	2.206042e-09	2.726749e+01	2.558252e+02
6.040000e-06	5.145555e-09	2.204189e-09	2.727373e+01	2.558612e+02
6.050000e-06	5.146581e-09	2.206730e-09	2.727917e+01	2.558907e+02
6.060000e-06	5.147477e-09	2.213169e-09	2.728392e+01	2.559134e+02
6.070000e-06	5.148286e-09	2.218268e-09	2.728821e+01	2.559295e+02
6.080000e-06	5.149025e-09	2.220200e-09	2.729213e+01	2.559390e+02
6.090000e-06	5.149696e-09	2.221957e-09	2.729568e+01	2.559418e+02
6.100000e-06	5.150303e-09	2.225581e-09	2.729890e+01	2.559379e+02
6.110000e-06	5.150850e-09	2.225346e-09	2.730180e+01	2.559274e+02
6.120000e-06	5.151335e-09	2.213962e-09	2.730437e+01	2.559103e+02
6.130000e-06	5.151747e-09	2.198178e-09	2.730656e+01	2.558865e+02
6.140000e-06	5.152078e-09	2.201344e-09	2.730831e+01	2.558561e+02
6.150000e-06	5.152330e-09	2.217228e-09	2.730965e+01	2.558190e+02
6.160000e-06	5.152503e-09	2.217726e-09	2.731056e+01	2.557752e+02
6.170000e-06	5.152568e-09	2.266436e-09	2.731091e+01	2.557248e+02
6.180000e-06	5.152489e-09	2.350216e-09	2.731049e+01	2.556678e+02
6.190000e-06	5.152246e-09	2.339202e-09	2.730920e+01	2.556041e+02
6.200000e-06	5.151810e-09	2.299071e-09	2.730689e+01	2.555338e+02
6.210000e-06	5.151170e-09	2.256518e-09	2.730349e+01	2.554569e+02
6.220000e-06	5.150362e-09	2.141949e-09	2.729921e+01	2.553733e+02
6.230000e-06	5.149413e-09	2.096606e-09	2.729418e+01	2.552831e+02
6.240000e-06	5.148339e-09	2.124601e-09	2.728849e+01	2.551862e+02
6.250000e-06	5.147137e-09	2.188414e-09	2.728212e+01	2.550827e+02
6.260000e-06	5.145821e-09	2.284274e-09	2.727514e+01	2.549726e+02
6.270000e-06	5.144416e-09	2.344150e-09	2.726770e+01	2.548558e+02
6.280000e-06	5.142915e-09	2.350320e-09	2.725974e+01	2.547325e+02
6.290000e-06	5.141319e-09	2.267629e-09	2.725128e+01	2.546025e+02
6.300000e-06	5.139639e-09	2.192825e-09	2.724237e+01	2.544659e+02
6.310000e-06	5.137856e-09	2.158651e-09	2.723292e+01	2.543227e+02
6.320000e-06	5.135953e-09	2.178533e-09	2.722284e+01	2.541729e+02
6.330000e-06	5.133915e-09	2.227932e-09	2.721203e+01	2.540164e+02
6.340000e-06	5.131725e-09	2.259746e-09	2.720043e+01	2.538534e+02
6.350000e-06	5.129391e-09	2.286579e-09	2.718805e+01	2.536838e+02
6.360000e-06	5.126909e-09	2.252634e-09	2.717490e+01	2.535076e+02
6.370000e-06	5.124291e-09	2.201212e-09	2.716103e+01	2.533248e+02
6.380000e-06	5.121557e-09	2.165564e-09	2.714653e+01	2.531354e+02
6.390000e-06	5.118697e-09	2.174420e-09	2.713137e+01	2.529394e+02
6.400000e-06	5.115721e-09	2.221040e-09	2.711560e+01	2.527369e+02
6.410000e-06	5.112624e-09	2.262113e-09	2.709918e+01	2.525278e+02
6.420000e-06	5.109427e-09	2.268907e-09	2.708224e+01	2.523121e+02
6.430000e-06	5.106181e-09	2.226609e-09	2.706503e+01	2.520899e+02
6.440000e-06	5.102875e-09	2.180776e-09	2.704751e+01	2.518612e+02
6.450000e-06	5.099487e-09	2.143454e-09	2.702955e+01	2.516258e+02
6.460000e-06	5.096023e-09	2.146461e-09	2.701119e+01	2.513840e+02
6.470000e-06	5.092493e-09	2.184368e-09	2.699248e+01	2.511356e+02
6.480000e-06	5.088890e-09	2.227559e-09	2.697338e+01	2.508807e+02
6.490000e-06	5.085208e-09	2.244070e-09	2.695387e+01	2.506193e+02
6.500000e-06	5.081434e-09	2.220492e-09	2.693387e+01	2.503513e+02
6.510000e-06	5.077532e-09	2.184243e-09	2.691318e+01	2.500769e+02
6.520000e-06	5.073486e-09	2.148326e-09	2.689174e+01	2.497960e+02
6.530000e-06	5.069276e-09	2.139562e-09	2.686942e+01	2.495085e+02
6.540000e-06	5.064862e-09	2.152826e-09	2.684602e+01	2.492146e+02
6.550000e-06	5.060249e-09	2.178381e-09	2.682157e+01	2.489142e+02
6.560000e-06	5.055440e-09	2.193505e-09	2.679609e+01	2.486074e+02
6.570000e-06	5.050405e-09	2.187210e-09	2.676940e+01	2.482941e+02
6.580000e-06	5.045138e-09	2.171204e-09	2.674148e+01	2.479743e+02
6.590000e-06	5.039646e-09	2.148918e-09	2.671237e+01	2.476481e+02
6.600000e-06	5.033905e-09	2.138225e-09	2.668194e+01	2.473154e+02
6.610000e-06	5.027929e-09	2.140199e-09	2.665026e+01	2.469764e+02
6.620000e-06	5.021755e-09	2.155159e-09	2.661754e+01	2.466309e+02
6.630000e-06	5.015391e-09	2.163477e-09	2.658381e+01	2.462790e+02
6.640000e-06	5.008845e-09	2.159219e-09	2.654911e+01	2.459207e+02
6.650000e-06	5.002144e-09	2.148102e-09	2.651359e+01	2.455560e+02
6.660000e-06	4.995295e-09	2.132834e-09	2.647729e+01	2.451849e+02
6.670000e-06	4.988305e-09	2.126547e-09	2.644024e+01	2.448075e+02
6.680000e-06	4.981214e-09	2.131302e-09	2.640265e+01	2.444237e+02
6.690000e-06	4.974044e-09	2.147285e-09	2.636465e+01	2.440335e+02
6.700000e-06	4.966786e-09	2.153743e-09	2.632618e+01	2.436371e+02
6.710000e-06	4.959443e-09	2.146705e-09	2.628725e+01	2.432342e+02
6.720000e-06	4.952028e-09	2.131132e-09	2.624795e+01	2.428251e+02
6.730000e-06	4.944559e-09	2.114594e-09	2.620837e+01	2.424096e+02
6.740000e-06	4.937022e-09	2.106019e-09	2.616842e+01	2.419879e+02
6.750000e-06	4.929407e-09	2.107037e-09	2.612805e+01	2.415599e+02
6.760000e-06	4.921705e-09	2.118597e-09	2.608723e+01	2.411256e+02
6.770000e-06	4.913892e-09	2.126350e-09	2.604582e+01	2.406850e+02
6.780000e-06	4.905989e-09	2.128212e-09	2.600393e+01	2.402381e+02
6.790000e-06	4.897993e-09	2.121884e-09	2.596155e+01	2.397851e+02
6.800000e-06	4.889864e-09	2.110061e-09	2.591846e+01	2.393258e+02
6.810000e-06	4.881574e-09	2.099694e-09	2.587452e+01	2.388602e+02
6.820000e-06	4.873126e-09	2.094628e-09	2.582974e+01	2.383885e+02
6.830000e-06	4.864524e-09	2.095744e-09	2.578414e+01	2.379106e+02
6.840000e-06	4.855787e-09	2.093888e-09	2.573783e+01	2.374265e+02
6.850000e-06	4.846935e-09	2.090107e-09	2.569092e+01	2.369362e+02
6.860000e-06	4.837961e-09	2.085419e-09	2.564335e+01	2.364398e+02
6.870000e-06	4.828862e-09	2.080994e-09	2.559512e+01	2.359372e+02
6.880000e-06	4.819643e-09	2.079631e-09	2.554625e+01	2.354285e+02
6.890000e-06	4.810323e-09	2.083884e-09	2.549685e+01	2.349137e+02
6.900000e-06	4.800917e-09	2.088608e-09	2.544700e+01	2.343928e+02
6.910000e-06	4.791416e-09	2.085948e-09	2.539664e+01	2.338658e+02
6.920000e-06	4.781814e-09	2.077757e-09	2.534575e+01	2.333327e+02
6.930000e-06	4.772105e-09	2.065690e-09	2.529428e+01	2.327935e+02
6.940000e-06	4.762304e-09	2.055543e-09	2.524234e+01	2.322483e+02
6.950000e-06	4.752393e-09	2.050514e-09	2.518980e+01	2.316971e+02
6.960000e-06	4.742323e-09	2.051993e-09	2.513643e+01	2.311398e+02
6.970000e-06	4.732107e-09	2.055360e-09	2.508227e+01	2.305766e+02
6.980000e-06	4.721761e-09	2.054704e-09	2.502744e+01	2.300073e+02
6.990000e-06	4.711285e-09	2.048931e-09	2.497191e+01	2.294321e+02
7.000000e-06	4.700675e-09	2.038054e-09	2.491567e+01	2.288509e+02
7.010000e-06	4.689937e-09	2.028188e-09	2.485876e+01	2.282638e+02
7.020000e-06	4.679058e-09	2.020771e-09	2.480109e+01	2.276707e+02
7.030000e-06	4.668039e-09	2.015296e-09	2.474269e+01	2.270717e+02
7.040000e-06	4.656904e-09	2.010504e-09	2.468366e+01	2.264669e+02
7.050000e-06	4.645654e-09	2.007505e-09	2.462404e+01	2.258561e+02
7.060000e-06	4.634304e-09	2.005037e-09	2.456387e+01	2.252395e+02
7.070000e-06	4.622868e-09	1.998963e-09	2.450326e+01	2.246170e+02
7.080000e-06	4.611331e-09	1.989992e-09	2.444211e+01	2.239887e+02
7.090000e-06	4.599671e-09	1.979629e-09	2.438031e+01	2.233545e+02
7.100000e-06	4.587893e-09	1.972053e-09	2.431788e+01	2.227146e+02
7.110000e-06	4.575972e-09	1.967773e-09	2.425469e+01	2.220688e+02
7.120000e-06	4.563911e-09	1.965292e-09	2.419076e+01	2.214173e+02
7.130000e-06	4.551736e-09	1.959729e-09	2.412623e+01	2.207601e+02
7.140000e-06	4.539420e-09	1.948524e-09	2.406095e+01	2.200971e+02
7.150000e-06	4.526939e-09	1.935578e-09	2.399479e+01	2.194284e+02
7.160000e-06	4.514292e-09	1.925998e-09	2.392776e+01	2.187540e+02
7.170000e-06	4.501469e-09	1.922068e-09	2.385979e+01	2.180739e+02
7.180000e-06	4.488452e-09	1.919088e-09	2.379079e+01	2.173881e+02
7.190000e-06	4.475217e-09	1.914990e-09	2.372064e+01	2.166967e+02
7.200000e-06	4.461754e-09	1.909837e-09	2.364929e+01	2.159997e+02
7.210000e-06	4.448101e-09	1.904160e-09	2.357692e+01	2.152971e+02
7.220000e-06	4.434230e-09	1.897110e-09	2.350340e+01	2.145888e+02
7.230000e-06	4.420130e-09	1.887382e-09	2.342866e+01	2.138750e+02
7.240000e-06	4.405853e-09	1.875187e-09	2.335298e+01	2.131556e+02
7.250000e-06	4.391416e-09	1.864003e-09	2.327646e+01	2.124307e+02
7.260000e-06	4.376779e-09	1.860144e-09	2.319888e+01	2.117003e+02
7.270000e-06	4.361967e-09	1.862459e-09	2.312037e+01	2.109644e+02
7.280000e-06	4.347037e-09	1.864451e-09	2.304124e+01	2.102229e+02
7.290000e-06	4.331989e-09	1.861285e-09	2.296147e+01	2.094761e+02
7.300000e-06	4.316849e-09	1.855435e-09	2.288122e+01	2.087238e+02
7.310000e-06	4.301639e-09	1.851143e-09	2.280060e+01	2.079660e+02
7.320000e-06	4.286373e-09	1.846434e-09	2.271969e+01	2.072029e+02
7.330000e-06	4.271038e-09	1.835931e-09	2.263841e+01	2.064344e+02
7.340000e-06	4.255641e-09	1.820458e-09	2.255679e+01	2.056605e+02
7.350000e-06	4.240200e-09	1.807901e-09	2.247495e+01	2.048812e+02
7.360000e-06	4.224707e-09	1.802045e-09	2.239283e+01	2.040967e+02
7.370000e-06	4.209158e-09	1.800297e-09	2.231041e+01	2.033068e+02
7.380000e-06	4.193546e-09	1.797872e-09	2.222766e+01	2.025117e+02
7.390000e-06	4.177854e-09	1.793320e-09	2.214449e+01	2.017113e+02
7.400000e-06	4.162082e-09	1.788351e-09	2.206089e+01	2.009057e+02
7.410000e-06	4.146222e-09	1.782451e-09	2.197683e+01	2.000948e+02
7.420000e-06	4.130263e-09	1.773345e-09	2.189223e+01	1.992787e+02
7.430000e-06	4.114182e-09	1.760950e-09	2.180700e+01	1.984575e+02
7.440000e-06	4.097971e-09	1.747204e-09	2.172108e+01	1.976311e+02
7.450000e-06	4.081650e-09	1.737476e-09	2.163456e+01	1.967996e+02
7.460000e-06	4.065196e-09	1.734248e-09	2.154735e+01	1.959630e+02
7.470000e-06	4.048609e-09	1.732278e-09	2.145943e+01	1.951212e+02
7.480000e-06	4.031915e-09	1.727599e-09	2.137095e+01	1.942744e+02
7.490000e-06	4.015102e-09	1.719778e-09	2.128183e+01	1.934226e+02
7.500000e-06	3.998170e-09	1.712147e-09	2.119208e+01	1.925657e+02
7.510000e-06	3.981145e-09	1.707463e-09	2.110184e+01	1.917039e+02
7.520000e-06	3.964040e-09	1.701477e-09	2.101118e+01	1.908370e+02
7.530000e-06	3.946850e-09	1.688807e-09	2.092006e+01	1.899652e+02
7.540000e-06	3.929578e-09	1.671282e-09	2.082851e+01	1.890885e+02
7.550000e-06	3.912232e-09	1.657373e-09	2.073658e+01	1.882068e+02
7.560000e-06	3.894829e-09	1.651342e-09	2.064433e+01	1.873202e+02
7.570000e-06	3.877366e-09	1.649200e-09	2.055177e+01	1.864288e+02
7.580000e-06	3.859833e-09	1.644137e-09	2.045883e+01	1.855326e+02
7.590000e-06	3.842219e-09	1.633968e-09	2.036547e+01	1.846315e+02
7.600000e-06	3.824517e-09	1.623611e-09	2.027164e+01	1.837256e+02
7.610000e-06	3.806727e-09	1.616210e-09	2.017735e+01	1.828150e+02
7.620000e-06	3.788834e-09	1.609081e-09	2.008251e+01	1.818996e+02
7.630000e-06	3.770843e-09	1.597247e-09	1.998715e+01	1.809795e+02
7.640000e-06	3.752749e-09	1.580954e-09	1.989124e+01	1.800547e+02
7.650000e-06	3.734549e-09	1.567373e-09	1.979477e+01	1.791252e+02
7.660000e-06	3.716242e-09	1.560352e-09	1.969774e+01	1.781910e+02
7.670000e-06	3.697824e-09	1.556457e-09	1.960012e+01	1.772522e+02
7.680000e-06	3.679297e-09	1.551072e-09	1.950191e+01	1.763088e+02
7.690000e-06	3.660640e-09	1.542487e-09	1.940303e+01	1.753609e+02
7.700000e-06	3.641852e-09	1.532423e-09	1.930344e+01	1.744084e+02
7.710000e-06	3.622963e-09	1.522628e-09	1.920332e+01	1.734513e+02
7.720000e-06	3.603998e-09	1.513200e-09	1.910280e+01	1.724898e+02
7.730000e-06	3.584964e-09	1.500299e-09	1.900191e+01	1.715237e+02
7.740000e-06	3.565856e-09	1.483389e-09	1.890063e+01	1.705532e+02
7.750000e-06	3.546680e-09	1.469331e-09	1.879899e+01	1.695783e+02
7.760000e-06	3.527453e-09	1.460605e-09	1.869708e+01	1.685990e+02
7.770000e-06	3.508181e-09	1.453648e-09	1.859492e+01	1.676153e+02
7.780000e-06	3.488863e-09	1.443638e-09	1.849253e+01	1.666272e+02
7.790000e-06	3.469520e-09	1.431733e-09	1.839000e+01	1.656348e+02
7.800000e-06	3.450157e-09	1.422904e-09	1.828737e+01	1.646381e+02
7.810000e-06	3.430754e-09	1.417515e-09	1.818453e+01	1.636372e+02
7.820000e-06	3.411317e-09	1.411648e-09	1.808150e+01	1.626319e+02
7.830000e-06	3.391845e-09	1.399453e-09	1.797829e+01	1.616225e+02
7.840000e-06	3.372322e-09	1.382829e-09	1.787481e+01	1.606089e+02
7.850000e-06	3.352755e-09	1.366733e-09	1.777110e+01	1.595910e+02
7.860000e-06	3.333151e-09	1.354352e-09	1.766719e+01	1.585691e+02
7.870000e-06	3.313511e-09	1.345295e-09	1.756308e+01	1.575430e+02
7.880000e-06	3.293805e-09	1.336098e-09	1.745864e+01	1.565128e+02
7.890000e-06	3.274016e-09	1.329611e-09	1.735374e+01	1.554786e+02
7.900000e-06	3.254164e-09	1.326533e-09	1.724852e+01	1.544403e+02
7.910000e-06	3.234233e-09	1.323850e-09	1.714288e+01	1.533980e+02
7.920000e-06	3.214185e-09	1.316131e-09	1.703661e+01	1.523518e+02
7.930000e-06	3.194015e-09	1.300805e-09	1.692970e+01	1.513015e+02
7.940000e-06	3.173718e-09	1.281284e-09	1.682212e+01	1.502474e+02
7.950000e-06	3.153282e-09	1.263163e-09	1.671380e+01	1.491893e+02
7.960000e-06	3.132723e-09	1.251997e-09	1.660483e+01	1.481274e+02
7.970000e-06	3.112052e-09	1.246532e-09	1.649526e+01	1.470616e+02
7.980000e-06	3.091234e-09	1.243649e-09	1.638492e+01	1.459920e+02
7.990000e-06	3.070277e-09	1.241485e-09	1.627384e+01	1.449186e+02
8.000000e-06	3.049202e-09	1.238114e-09	1.616213e+01	1.438415e+02
8.010000e-06	3.027969e-09	1.232979e-09	1.604959e+01	1.427606e+02
8.020000e-06	3.006545e-09	1.223490e-09	1.593603e+01	1.416760e+02
8.030000e-06	2.984964e-09	1.208794e-09	1.582164e+01	1.405877e+02
8.040000e-06	2.963255e-09	1.192964e-09	1.570658e+01	1.394958e+02
8.050000e-06	2.941428e-09	1.179916e-09	1.559088e+01	1.384002e+02
8.060000e-06	2.919457e-09	1.170438e-09	1.547442e+01	1.373011e+02
8.070000e-06	2.897340e-09	1.163695e-09	1.535720e+01	1.361984e+02
8.080000e-06	2.875114e-09	1.156770e-09	1.523939e+01	1.350921e+02
8.090000e-06	2.852777e-09	1.149106e-09	1.512099e+01	1.339823e+02
8.100000e-06	2.830336e-09	1.142791e-09	1.500205e+01	1.328691e+02
8.110000e-06	2.807798e-09	1.135935e-09	1.488258e+01	1.317524e+02
8.120000e-06	2.785148e-09	1.125856e-09	1.476253e+01	1.306323e+02
8.130000e-06	2.762390e-09	1.111512e-09	1.464190e+01	1.295088e+02
8.140000e-06	2.739566e-09	1.094419e-09	1.452092e+01	1.283819e+02
8.150000e-06	2.716672e-09	1.080162e-09	1.439957e+01	1.272517e+02
8.160000e-06	2.693693e-09	1.072392e-09	1.427777e+01	1.261182e+02
8.170000e-06	2.670643e-09	1.070123e-09	1.415560e+01	1.249815e+02
8.180000e-06	2.647544e-09	1.068735e-09	1.403317e+01	1.238414e+02
8.190000e-06	2.624392e-09	1.062776e-09	1.391045e+01	1.226982e+02
8.200000e-06	2.601185e-09	1.051702e-09	1.378744e+01	1.215518e+02
8.210000e-06	2.577938e-09	1.037316e-09	1.366422e+01	1.204022e+02
8.220000e-06	2.554661e-09	1.023994e-09	1.354085e+01	1.192495e+02
8.230000e-06	2.531351e-09	1.014192e-09	1.341729e+01	1.180937e+02
8.240000e-06	2.508010e-09	1.006811e-09	1.329357e+01	1.169348e+02
8.250000e-06	2.484649e-09	1.000276e-09	1.316975e+01	1.157729e+02
8.260000e-06	2.461258e-09	9.904180e-10	1.304577e+01	1.146080e+02
8.270000e-06	2.437847e-09	9.784066e-10	1.292168e+01	1.134401e+02
8.280000e-06	2.414417e-09	9.649947e-10	1.279749e+01	1.122692e+02
8.290000e-06	2.390960e-09	9.500533e-10	1.267316e+01	1.110955e+02
8.300000e-06	2.367474e-09	9.372183e-10	1.254867e+01	1.099188e+02
8.310000e-06	2.343957e-09	9.279311e-10	1.242402e+01	1.087393e+02
8.320000e-06	2.320416e-09	9.212710e-10	1.229924e+01	1.075570e+02
8.330000e-06	2.296839e-09	9.137531e-10	1.217427e+01	1.063719e+02
8.340000e-06	2.273219e-09	9.034460e-10	1.204907e+01	1.051841e+02
8.350000e-06	2.249559e-09	8.907461e-10	1.192367e+01	1.039935e+02
8.360000e-06	2.225863e-09	8.760933e-10	1.179807e+01	1.028002e+02
8.370000e-06	2.202141e-09	8.608479e-10	1.167233e+01	1.016042e+02
8.380000e-06	2.178380e-09	8.473150e-10	1.154639e+01	1.004056e+02
8.390000e-06	2.154584e-09	8.365184e-10	1.142025e+01	9.920437e+01
8.400000e-06	2.130747e-09	8.282681e-10	1.129391e+01	9.800059e+01
8.410000e-06	2.106849e-09	8.221908e-10	1.116724e+01	9.679425e+01
8.420000e-06	2.082897e-09	8.153553e-10	1.104029e+01	9.558541e+01
8.430000e-06	2.058885e-09	8.046932e-10	1.091301e+01	9.437409e+01
8.440000e-06	2.034802e-09	7.889070e-10	1.078536e+01	9.316031e+01
8.450000e-06	2.010667e-09	7.695962e-10	1.065743e+01	9.194412e+01
8.460000e-06	1.986481e-09	7.524494e-10	1.052924e+01	9.072554e+01
8.470000e-06	1.962250e-09	7.401564e-10	1.040080e+01	8.950460e+01
8.480000e-06	1.937968e-09	7.312435e-10	1.027209e+01	8.828134e+01
8.490000e-06	1.913596e-09	7.240975e-10	1.014291e+01	8.705579e+01
8.500000e-06	1.889146e-09	7.196712e-10	1.001332e+01	8.582798e+01
8.510000e-06	1.864624e-09	7.179182e-10	9.883342e+00	8.459795e+01
8.520000e-06	1.840043e-09	7.138906e-10	9.753051e+00	8.336572e+01
8.530000e-06	1.815428e-09	7.029593e-10	9.622578e+00	8.213132e+01
8.540000e-06	1.790765e-09	6.847557e-10	9.491855e+00	8.089479e+01
8.550000e-06	1.766046e-09	6.645271e-10	9.360834e+00	7.965617e+01
8.560000e-06	1.741277e-09	6.474047e-10	9.229548e+00	7.841547e+01
8.570000e-06	1.716446e-09	6.358507e-10	9.097932e+00	7.717274e+01
8.580000e-06	1.691567e-09	6.287369e-10	8.966063e+00	7.592801e+01
8.590000e-06	1.666674e-09	6.229341e-10	8.834115e+00	7.468131e+01
8.600000e-06	1.641732e-09	6.175843e-10	8.701915e+00	7.343267e+01
8.610000e-06	1.616722e-09	6.112693e-10	8.569348e+00	7.218213e+01
8.620000e-06	1.591660e-09	6.031501e-10	8.436512e+00	7.092971e+01
8.630000e-06	1.566568e-09	5.910738e-10	8.303508e+00	6.967545e+01
8.640000e-06	1.541450e-09	5.764828e-10	8.170372e+00	6.841939e+01
8.650000e-06	1.516308e-09	5.630193e-10	8.037113e+00	6.716155e+01
8.660000e-06	1.491138e-09	5.511190e-10	7.903700e+00	6.590197e+01
8.670000e-06	1.465936e-09	5.403827e-10	7.770117e+00	6.464068e+01
8.680000e-06	1.440702e-09	5.311313e-10	7.636365e+00	6.337771e+01
8.690000e-06	1.415431e-09	5.246748e-10	7.502418e+00	6.211309e+01
8.700000e-06	1.390128e-09	5.205401e-10	7.368298e+00	6.084687e+01
8.710000e-06	1.364800e-09	5.167135e-10	7.234053e+00	5.957907e+01
8.720000e-06	1.339424e-09	5.101283e-10	7.099547e+00	5.830972e+01
8.730000e-06	1.314006e-09	5.001103e-10	6.964821e+00	5.703886e+01
8.740000e-06	1.288585e-09	4.864082e-10	6.830079e+00	5.576653e+01
8.750000e-06	1.263147e-09	4.692769e-10	6.695245e+00	5.449274e+01
8.760000e-06	1.237675e-09	4.519529e-10	6.560229e+00	5.321755e+01
8.770000e-06	1.212168e-09	4.382370e-10	6.425031e+00	5.194097e+01
8.780000e-06	1.186658e-09	4.308423e-10	6.289818e+00	5.066305e+01
8.790000e-06	1.161123e-09	4.279757e-10	6.154473e+00	4.938381e+01
8.800000e-06	1.135558e-09	4.266076e-10	6.018968e+00	4.810329e+01
8.810000e-06	1.109984e-09	4.225344e-10	5.883413e+00	4.682153e+01
8.820000e-06	1.084383e-09	4.117029e-10	5.747717e+00	4.553855e+01
8.830000e-06	1.058750e-09	3.959339e-10	5.611847e+00	4.425440e+01
8.840000e-06	1.033097e-09	3.788796e-10	5.475878e+00	4.296909e+01
8.850000e-06	1.007435e-09	3.628223e-10	5.339854e+00	4.168268e+01
8.860000e-06	9.817316e-10	3.493461e-10	5.203617e+00	4.039518e+01
8.870000e-06	9.559988e-10	3.394893e-10	5.067222e+00	3.910664e+01
8.880000e-06	9.302601e-10	3.320783e-10	4.930795e+00	3.781708e+01
8.890000e-06	9.044964e-10	3.264304e-10	4.794236e+00	3.652655e+01
8.900000e-06	8.786955e-10	3.212227e-10	4.657480e+00	3.523507e+01
8.910000e-06	8.528646e-10	3.134780e-10	4.520565e+00	3.394267e+01
8.920000e-06	8.270092e-10	3.015151e-10	4.383520e+00	3.264940e+01
8.930000e-06	8.011393e-10	2.850919e-10	4.246398e+00	3.135528e+01
8.940000e-06	7.752446e-10	2.678090e-10	4.109144e+00	3.006036e+01
8.950000e-06	7.493389e-10	2.529062e-10	3.971832e+00	2.876465e+01
8.960000e-06	7.234271e-10	2.402344e-10	3.834488e+00	2.746820e+01
8.970000e-06	6.974796e-10	2.294936e-10	3.696955e+00	2.617104e+01
8.980000e-06	6.715037e-10	2.191755e-10	3.559271e+00	2.487320e+01
8.990000e-06	6.455224e-10	2.079600e-10	3.421559e+00	2.357473e+01
9.000000e-06	6.195319e-10	1.960532e-10	3.283798e+00	2.227564e+01
9.010000e-06	5.935225e-10	1.844344e-10	3.145936e+00	2.097597e+01
9.020000e-06	5.674957e-10	1.741320e-10	3.007983e+00	1.967577e+01
9.030000e-06	5.414573e-10	1.639708e-10	2.869968e+00	1.837506e+01
9.040000e-06	5.154042e-10	1.509423e-10	2.731875e+00	1.707387e+01
9.050000e-06	4.893215e-10	1.343110e-10	2.593625e+00	1.577224e+01
9.060000e-06	4.632044e-10	1.168548e-10	2.455193e+00	1.447021e+01
9.070000e-06	4.371123e-10	1.013965e-10	2.316893e+00	1.316780e+01
9.080000e-06	4.110460e-10	8.908708e-11	2.178730e+00	1.186506e+01
9.090000e-06	3.849484e-10	7.904117e-11	2.040401e+00	1.056201e+01
9.100000e-06	3.588268e-10	7.115418e-11	1.901945e+00	9.258693e+00
9.110000e-06	3.326975e-10	6.331853e-11	1.763448e+00	7.955137e+00
9.120000e-06	3.065593e-10	5.193978e-11	1.624904e+00	6.651378e+00
9.130000e-06	2.804072e-10	3.623625e-11	1.486286e+00	5.347450e+00
9.140000e-06	2.542528e-10	1.856765e-11	1.347656e+00	4.043387e+00
9.150000e-06	2.280878e-10	3.101757e-12	1.208970e+00	2.739223e+00
9.160000e-06	2.019194e-10	-9.532763e-12	1.070266e+00	1.434992e+00
9.170000e-06	1.757391e-10	-2.139969e-11	9.314985e-01	1.307265e-01
9.180000e-06	1.495407e-10	-3.432137e-11	7.926348e-01	-1.173538e+00
9.190000e-06	1.233424e-10	-4.662428e-11	6.537726e-01	-2.477768e+00
9.200000e-06	9.714661e-11	-5.597566e-11	5.149231e-01	-3.781930e+00
9.210000e-06	7.095505e-11	-6.197542e-11	3.760962e-01	-5.085990e+00
9.220000e-06	4.476139e-11	-6.765302e-11	2.372581e-01	-6.389913e+00
9.230000e-06	1.858222e-11	-7.675564e-11	9.849678e-02	-7.693667e+00
9.240000e-06	-7.587379e-12	-8.896815e-11	-4.021381e-02	-8.997217e+00
9.250000e-06	-3.377788e-11	-1.045510e-10	-1.790350e-01	-1.030053e+01
9.260000e-06	-5.997089e-11	-1.217636e-10	-3.178696e-01	-1.160357e+01
9.270000e-06	-8.614868e-11	-1.369589e-10	-4.566236e-01	-1.290630e+01
9.280000e-06	-1.123162e-10	-1.470645e-10	-5.953230e-01	-1.420870e+01
9.290000e-06	-1.384918e-10	-1.514680e-10	-7.340652e-01	-1.551072e+01
9.300000e-06	-1.646706e-10	-1.536665e-10	-8.728247e-01	-1.681234e+01
9.310000e-06	-1.908296e-10	-1.578133e-10	-1.011479e+00	-1.811351e+01
9.320000e-06	-2.169762e-10	-1.656330e-10	-1.150067e+00	-1.941421e+01
9.330000e-06	-2.431280e-10	-1.785241e-10	-1.288683e+00	-2.071440e+01
9.340000e-06	-2.692734e-10	-1.951756e-10	-1.427266e+00	-2.201405e+01
9.350000e-06	-2.953977e-10	-2.124154e-10	-1.565736e+00	-2.331312e+01
9.360000e-06	-3.215188e-10	-2.284433e-10	-1.704190e+00	-2.461158e+01
9.370000e-06	-3.476467e-10	-2.408111e-10	-1.842679e+00	-2.590940e+01
9.380000e-06	-3.737700e-10	-2.502579e-10	-1.981144e+00	-2.720654e+01
9.390000e-06	-3.998780e-10	-2.575925e-10	-2.119528e+00	-2.850297e+01
9.400000e-06	-4.259846e-10	-2.637740e-10	-2.257905e+00	-2.979865e+01
9.410000e-06	-4.520765e-10	-2.693288e-10	-2.396203e+00	-3.109356e+01
9.420000e-06	-4.781310e-10	-2.746812e-10	-2.534304e+00	-3.238765e+01
9.430000e-06	-5.041846e-10	-2.816302e-10	-2.672399e+00	-3.368090e+01
9.440000e-06	-5.302197e-10	-2.949921e-10	-2.810397e+00	-3.497327e+01
9.450000e-06	-5.562347e-10	-3.159307e-10	-2.948288e+00	-3.626472e+01
9.460000e-06	-5.822414e-10	-3.381942e-10	-3.086135e+00	-3.755523e+01
9.470000e-06	-6.082138e-10	-3.558318e-10	-3.223800e+00	-3.884476e+01
9.480000e-06	-6.341661e-10	-3.636295e-10	-3.361359e+00	-4.013327e+01
9.490000e-06	-6.601000e-10	-3.641713e-10	-3.498820e+00	-4.142074e+01
9.500000e-06	-6.860030e-10	-3.639014e-10	-3.636118e+00	-4.270712e+01
9.510000e-06	-7.118899e-10	-3.672101e-10	-3.773330e+00	-4.399239e+01
9.520000e-06	-7.377667e-10	-3.749420e-10	-3.910489e+00	-4.527652e+01
9.530000e-06	-7.636231e-10	-3.877640e-10	-4.047539e+00	-4.655946e+01
9.540000e-06	-7.894623e-10	-4.071795e-10	-4.184499e+00	-4.784119e+01
9.550000e-06	-8.152779e-10	-4.303920e-10	-4.321333e+00	-4.912167e+01
9.560000e-06	-8.410823e-10	-4.507282e-10	-4.458108e+00	-5.040087e+01
9.570000e-06	-8.668895e-10	-4.602816e-10	-4.594897e+00	-5.167876e+01
9.580000e-06	-8.926620e-10	-4.606631e-10	-4.731503e+00	-5.295529e+01
9.590000e-06	-9.183696e-10	-4.606317e-10	-4.867764e+00	-5.423045e+01
9.600000e-06	-9.440551e-10	-4.663811e-10	-5.003909e+00	-5.550420e+01
9.610000e-06	-9.697513e-10	-4.788392e-10	-5.140110e+00	-5.677649e+01
9.620000e-06	-9.954382e-10	-4.944753e-10	-5.276263e+00	-5.804731e+01
9.630000e-06	-1.021096e-09	-5.106272e-10	-5.412259e+00	-5.931661e+01
9.640000e-06	-1.046715e-09	-5.259049e-10	-5.548055e+00	-6.058437e+01
9.650000e-06	-1.072293e-09	-5.398964e-10	-5.683629e+00	-6.185055e+01
9.660000e-06	-1.097845e-09	-5.514278e-10	-5.819065e+00	-6.311512e+01
9.670000e-06	-1.123378e-09	-5.601225e-10	-5.954399e+00	-6.437804e+01
9.680000e-06	-1.148886e-09	-5.681007e-10	-6.089606e+00	-6.563928e+01
9.690000e-06	-1.174375e-09	-5.772698e-10	-6.224709e+00	-6.689882e+01
9.700000e-06	-1.199855e-09	-5.887819e-10	-6.359764e+00	-6.815661e+01
9.710000e-06	-1.225319e-09	-5.997983e-10	-6.494734e+00	-6.941262e+01
9.720000e-06	-1.250743e-09	-6.090955e-10	-6.629491e+00	-7.066683e+01
9.730000e-06	-1.276125e-09	-6.197955e-10	-6.764026e+00	-7.191919e+01
9.740000e-06	-1.301491e-09	-6.337897e-10	-6.898477e+00	-7.316968e+01
9.750000e-06	-1.326850e-09	-6.497483e-10	-7.032894e+00	-7.441827e+01
9.760000e-06	-1.352188e-09	-6.643371e-10	-7.167198e+00	-7.566491e+01
9.770000e-06	-1.377497e-09	-6.768347e-10	-7.301342e+00	-7.690959e+01
9.780000e-06	-1.402773e-09	-6.881813e-10	-7.435318e+00	-7.815226e+01
9.790000e-06	-1.428010e-09	-6.987908e-10	-7.569088e+00	-7.939290e+01
9.800000e-06	-1.453217e-09	-7.079105e-10	-7.702693e+00	-8.063147e+01
9.810000e-06	-1.478382e-09	-7.146271e-10	-7.836080e+00	-8.186793e+01
9.820000e-06	-1.503502e-09	-7.201489e-10	-7.969230e+00	-8.310227e+01
9.830000e-06	-1.528581e-09	-7.262172e-10	-8.102160e+00	-8.433444e+01
9.840000e-06	-1.553624e-09	-7.365452e-10	-8.234898e+00	-8.556441e+01
9.850000e-06	-1.578637e-09	-7.510647e-10	-8.367479e+00	-8.679216e+01
9.860000e-06	-1.603620e-09	-7.654582e-10	-8.499900e+00	-8.801765e+01
9.870000e-06	-1.628559e-09	-7.772660e-10	-8.632084e+00	-8.924084e+01
9.880000e-06	-1.653442e-09	-7.874808e-10	-8.763976e+00	-9.046171e+01
9.890000e-06	-1.678278e-09	-7.967517e-10	-8.895617e+00	-9.168022e+01
9.900000e-06	-1.703054e-09	-8.028304e-10	-9.026942e+00	-9.289635e+01
9.910000e-06	-1.727786e-09	-8.055887e-10	-9.158034e+00	-9.411005e+01
9.920000e-06	-1.752461e-09	-8.076588e-10	-9.288822e+00	-9.532131e+01
9.930000e-06	-1.777072e-09	-8.147647e-10	-9.419273e+00	-9.653008e+01
9.940000e-06	-1.801631e-09	-8.289380e-10	-9.549445e+00	-9.773634e+01
9.950000e-06	-1.826139e-09	-8.454262e-10	-9.679348e+00	-9.894006e+01
9.960000e-06	-1.850596e-09	-8.586104e-10	-9.808982e+00	-1.001412e+02
9.970000e-06	-1.875004e-09	-8.677593e-10	-9.938356e+00	-1.013397e+02
9.980000e-06	-1.899350e-09	-8.763740e-10	-1.006740e+01	-1.025356e+02
9.990000e-06	-1.923619e-09	-8.849030e-10	-1.019603e+01	-1.037288e+02
1.000000e-05	-1.947832e-09	-8.905116e-10	-1.032437e+01	-1.049194e+02
1.001000e-05	-1.971980e-09	-8.921935e-10	-1.045237e+01	-1.061072e+02
1.002000e-05	-1.996062e-09	-8.950648e-10	-1.058001e+01	-1.072922e+02
1.003000e-05	-2.020098e-09	-9.043249e-10	-1.070742e+01	-1.084744e+02
1.004000e-05	-2.044074e-09	-9.201356e-10	-1.083450e+01	-1.096538e+02
1.005000e-05	-2.067984e-09	-9.381943e-10	-1.096123e+01	-1.108304e+02
1.006000e-05	-2.091836e-09	-9.506790e-10	-1.108766e+01	-1.120041e+02
1.007000e-05	-2.115619e-09	-9.571890e-10	-1.121372e+01	-1.131748e+02
1.008000e-05	-2.139358e-09	-9.636885e-10	-1.133955e+01	-1.143426e+02
1.009000e-05	-2.163074e-09	-9.723919e-10	-1.146525e+01	-1.155075e+02
1.010000e-05	-2.186764e-09	-9.802082e-10	-1.159082e+01	-1.166693e+02
1.011000e-05	-2.210411e-09	-9.845859e-10	-1.171616e+01	-1.178281e+02
1.012000e-05	-2.234002e-09	-9.892271e-10	-1.184120e+01	-1.189838e+02
1.013000e-05	-2.257564e-09	-9.980086e-10	-1.196609e+01	-1.201364e+02
1.014000e-05	-2.281111e-09	-1.010350e-09	-1.209090e+01	-1.212859e+02
1.015000e-05	-2.304621e-09	-1.021603e-09	-1.221551e+01	-1.224323e+02
1.016000e-05	-2.328106e-09	-1.029327e-09	-1.234000e+01	-1.235754e+02
1.017000e-05	-2.351579e-09	-1.038127e-09	-1.246441e+01	-1.247153e+02
1.018000e-05	-2.375015e-09	-1.050918e-09	-1.258863e+01	-1.258520e+02
1.019000e-05	-2.398425e-09	-1.065992e-09	-1.271272e+01	-1.269854e+02
1.020000e-05	-2.421828e-09	-1.076781e-09	-1.283676e+01	-1.281155e+02
1.021000e-05	-2.445213e-09	-1.079528e-09	-1.296071e+01	-1.292423e+02
1.022000e-05	-2.468578e-09	-1.080368e-09	-1.308456e+01	-1.303657e+02
1.023000e-05	-2.491920e-09	-1.086427e-09	-1.320829e+01	-1.314857e+02
1.024000e-05	-2.515217e-09	-1.099248e-09	-1.333177e+01	-1.326023e+02
1.025000e-05	-2.538463e-09	-1.114157e-09	-1.345498e+01	-1.337155e+02
1.026000e-05	-2.561673e-09	-1.126921e-09	-1.357801e+01	-1.348251e+02
1.027000e-05	-2.584856e-09	-1.137724e-09	-1.370089e+01	-1.359313e+02
1.028000e-05	-2.607994e-09	-1.148854e-09	-1.382353e+01	-1.370339e+02
1.029000e-05	-2.631074e-09	-1.160435e-09	-1.394586e+01	-1.381329e+02
1.030000e-05	-2.654104e-09	-1.169435e-09	-1.406793e+01	-1.392284e+02
1.031000e-05	-2.677086e-09	-1.174130e-09	-1.418975e+01	-1.403202e+02
1.032000e-05	-2.700004e-09	-1.176266e-09	-1.431122e+01	-1.414084e+02
1.033000e-05	-2.722851e-09	-1.182238e-09	-1.443232e+01	-1.424929e+02
1.034000e-05	-2.745607e-09	-1.194880e-09	-1.455294e+01	-1.435737e+02
1.035000e-05	-2.768263e-09	-1.209519e-09	-1.467302e+01	-1.446507e+02
1.036000e-05	-2.790834e-09	-1.222826e-09	-1.479266e+01	-1.457240e+02
1.037000e-05	-2.813290e-09	-1.233674e-09	-1.491168e+01	-1.467935e+02
1.038000e-05	-2.835623e-09	-1.244550e-09	-1.503006e+01	-1.478592e+02
1.039000e-05	-2.857851e-09	-1.257047e-09	-1.514788e+01	-1.489210e+02
1.040000e-05	-2.879958e-09	-1.267512e-09	-1.526506e+01	-1.499790e+02
1.041000e-05	-2.901939e-09	-1.273148e-09	-1.538157e+01	-1.510330e+02
1.042000e-05	-2.923797e-09	-1.275810e-09	-1.549742e+01	-1.520831e+02
1.043000e-05	-2.945525e-09	-1.280896e-09	-1.561259e+01	-1.531293e+02
1.044000e-05	-2.967128e-09	-1.291536e-09	-1.572710e+01	-1.541715e+02
1.045000e-05	-2.988579e-09	-1.305567e-09	-1.584080e+01	-1.552096e+02
1.046000e-05	-3.009872e-09	-1.317756e-09	-1.595366e+01	-1.562437e+02
1.047000e-05	-3.031030e-09	-1.326527e-09	-1.606580e+01	-1.572738e+02
1.048000e-05	-3.052048e-09	-1.335329e-09	-1.617721e+01	-1.582998e+02
1.049000e-05	-3.072953e-09	-1.345870e-09	-1.628802e+01	-1.593216e+02
1.050000e-05	-3.093723e-09	-1.354957e-09	-1.639811e+01	-1.603393e+02
1.051000e-05	-3.114333e-09	-1.359445e-09	-1.650735e+01	-1.613528e+02
1.052000e-05	-3.134825e-09	-1.360966e-09	-1.661596e+01	-1.623621e+02
1.053000e-05	-3.155170e-09	-1.365108e-09	-1.672380e+01	-1.633672e+02
1.054000e-05	-3.175360e-09	-1.374735e-09	-1.683082e+01	-1.643681e+02
1.055000e-05	-3.195448e-09	-1.386590e-09	-1.693730e+01	-1.653647e+02
1.056000e-05	-3.215456e-09	-1.397413e-09	-1.704335e+01	-1.663569e+02
1.057000e-05	-3.235365e-09	-1.406887e-09	-1.714887e+01	-1.673449e+02
1.058000e-05	-3.255174e-09	-1.415514e-09	-1.725387e+01	-1.683285e+02
1.059000e-05	-3.274903e-09	-1.423636e-09	-1.735844e+01	-1.693077e+02
1.060000e-05	-3.294581e-09	-1.430804e-09	-1.746275e+01	-1.702825e+02
1.061000e-05	-3.314204e-09	-1.435748e-09	-1.756676e+01	-1.712528e+02
1.062000e-05	-3.333763e-09	-1.439895e-09	-1.767043e+01	-1.722187e+02
1.063000e-05	-3.353288e-09	-1.445599e-09	-1.777392e+01	-1.731802e+02
1.064000e-05	-3.372793e-09	-1.453069e-09	-1.787730e+01	-1.741371e+02
1.065000e-05	-3.392262e-09	-1.463141e-09	-1.798050e+01	-1.750895e+02
1.066000e-05	-3.411696e-09	-1.473477e-09	-1.808350e+01	-1.760373e+02
1.067000e-05	-3.431098e-09	-1.482003e-09	-1.818635e+01	-1.769806e+02
1.068000e-05	-3.450465e-09	-1.490331e-09	-1.828900e+01	-1.779192e+02
1.069000e-05	-3.469796e-09	-1.498314e-09	-1.839146e+01	-1.788532e+02
1.070000e-05	-3.489091e-09	-1.504841e-09	-1.849373e+01	-1.797826e+02
1.071000e-05	-3.508352e-09	-1.509576e-09	-1.859583e+01	-1.807073e+02
1.072000e-05	-3.527566e-09	-1.512770e-09	-1.869767e+01	-1.816273e+02
1.073000e-05	-3.546714e-09	-1.516843e-09	-1.879916e+01	-1.825425e+02
1.074000e-05	-3.565778e-09	-1.524416e-09	-1.890021e+01	-1.834531e+02
1.075000e-05	-3.584744e-09	-1.533706e-09	-1.900074e+01	-1.843588e+02
1.076000e-05	-3.603624e-09	-1.542279e-09	-1.910081e+01	-1.852597e+02
1.077000e-05	-3.622426e-09	-1.551108e-09	-1.920047e+01	-1.861558e+02
1.078000e-05	-3.641126e-09	-1.560606e-09	-1.929959e+01	-1.870471e+02
1.079000e-05	-3.659711e-09	-1.569605e-09	-1.939810e+01	-1.879335e+02
1.080000e-05	-3.678190e-09	-1.576307e-09	-1.949604e+01	-1.888151e+02
1.081000e-05	-3.696548e-09	-1.580312e-09	-1.959335e+01	-1.896917e+02
1.082000e-05	-3.714780e-09	-1.583697e-09	-1.968999e+01	-1.905633e+02
1.083000e-05	-3.732890e-09	-1.587732e-09	-1.978598e+01	-1.914300e+02
1.084000e-05	-3.750895e-09	-1.594586e-09	-1.988141e+01	-1.922918e+02
1.085000e-05	-3.768810e-09	-1.604211e-09	-1.997637e+01	-1.931485e+02
1.086000e-05	-3.786634e-09	-1.615501e-09	-2.007085e+01	-1.940002e+02
1.087000e-05	-3.804369e-09	-1.627573e-09	-2.016485e+01	-1.948469e+02
1.088000e-05	-3.822011e-09	-1.638744e-09	-2.025836e+01	-1.956884e+02
1.089000e-05	-3.839573e-09	-1.648403e-09	-2.035144e+01	-1.965249e+02
1.090000e-05	-3.857084e-09	-1.654995e-09	-2.044426e+01	-1.973563e+02
1.091000e-05	-3.874529e-09	-1.658869e-09	-2.053673e+01	-1.981826e+02
1.092000e-05	-3.891904e-09	-1.662848e-09	-2.062882e+01	-1.990036e+02
1.093000e-05	-3.909211e-09	-1.668811e-09	-2.072056e+01	-1.998196e+02
1.094000e-05	-3.926437e-09	-1.676975e-09	-2.081186e+01	-2.006303e+02
1.095000e-05	-3.943601e-09	-1.687205e-09	-2.090284e+01	-2.014358e+02
1.096000e-05	-3.960677e-09	-1.698513e-09	-2.099335e+01	-2.022360e+02
1.097000e-05	-3.977650e-09	-1.708622e-09	-2.108332e+01	-2.030310e+02
1.098000e-05	-3.994540e-09	-1.717544e-09	-2.117284e+01	-2.038207e+02
1.099000e-05	-4.011315e-09	-1.726607e-09	-2.126175e+01	-2.046051e+02
1.100000e-05	-4.027961e-09	-1.734888e-09	-2.134999e+01	-2.053842e+02
1.101000e-05	-4.044491e-09	-1.740937e-09	-2.143760e+01	-2.061579e+02
1.102000e-05	-4.060911e-09	-1.744276e-09	-2.152463e+01	-2.069263e+02
1.103000e-05	-4.077205e-09	-1.746747e-09	-2.161100e+01	-2.076893e+02
1.104000e-05	-4.093369e-09	-1.752240e-09	-2.169668e+01	-2.084469e+02
1.105000e-05	-4.109419e-09	-1.761409e-09	-2.178175e+01	-2.091990e+02
1.106000e-05	-4.125349e-09	-1.771881e-09	-2.186618e+01	-2.099458e+02
1.107000e-05	-4.141181e-09	-1.781476e-09	-2.195010e+01	-2.106870e+02
1.108000e-05	-4.156933e-09	-1.789273e-09	-2.203359e+01	-2.114228e+02
1.109000e-05	-4.172597e-09	-1.796278e-09	-2.211662e+01	-2.121531e+02
1.110000e-05	-4.188182e-09	-1.803623e-09	-2.219923e+01	-2.128778e+02
1.111000e-05	-4.203699e-09	-1.810957e-09	-2.228148e+01	-2.135970e+02
1.112000e-05	-4.219169e-09	-1.816018e-09	-2.236347e+01	-2.143107e+02
1.113000e-05	-4.234589e-09	-1.819410e-09	-2.244521e+01	-2.150188e+02
1.114000e-05	-4.249975e-09	-1.824269e-09	-2.252676e+01	-2.157213e+02
1.115000e-05	-4.265315e-09	-1.831133e-09	-2.260807e+01	-2.164181e+02
1.116000e-05	-4.280586e-09	-1.838044e-09	-2.268901e+01	-2.171094e+02
1.117000e-05	-4.295790e-09	-1.843558e-09	-2.276960e+01	-2.177950e+02
1.118000e-05	-4.310918e-09	-1.849199e-09	-2.284979e+01	-2.184749e+02
1.119000e-05	-4.325943e-09	-1.857026e-09	-2.292942e+01	-2.191492e+02
1.120000e-05	-4.340813e-09	-1.865566e-09	-2.300824e+01	-2.198177e+02
1.121000e-05	-4.355544e-09	-1.872287e-09	-2.308632e+01	-2.204805e+02
1.122000e-05	-4.370123e-09	-1.876302e-09	-2.316360e+01	-2.211376e+02
1.123000e-05	-4.384507e-09	-1.877829e-09	-2.323984e+01	-2.217890e+02
1.124000e-05	-4.398702e-09	-1.879284e-09	-2.331508e+01	-2.224345e+02
1.125000e-05	-4.412720e-09	-1.882638e-09	-2.338938e+01	-2.230743e+02
1.126000e-05	-4.426533e-09	-1.888047e-09	-2.346259e+01	-2.237083e+02
1.127000e-05	-4.440119e-09	-1.895344e-09	-2.353461e+01	-2.243364e+02
1.128000e-05	-4.453470e-09	-1.904544e-09	-2.360537e+01	-2.249588e+02
1.129000e-05	-4.466592e-09	-1.915700e-09	-2.367492e+01	-2.255752e+02
1.130000e-05	-4.479492e-09	-1.924859e-09	-2.374330e+01	-2.261858e+02
1.131000e-05	-4.492186e-09	-1.927958e-09	-2.381059e+01	-2.267905e+02
1.132000e-05	-4.504716e-09	-1.925826e-09	-2.387700e+01	-2.273894e+02
1.133000e-05	-4.517070e-09	-1.923579e-09	-2.394248e+01	-2.279823e+02
1.134000e-05	-4.529246e-09	-1.926733e-09	-2.400702e+01	-2.285692e+02
1.135000e-05	-4.541301e-09	-1.934660e-09	-2.407092e+01	-2.291502e+02
1.136000e-05	-4.553231e-09	-1.944256e-09	-2.413415e+01	-2.297253e+02
1.137000e-05	-4.565024e-09	-1.952278e-09	-2.419666e+01	-2.302944e+02
1.138000e-05	-4.576715e-09	-1.957590e-09	-2.425863e+01	-2.308575e+02
1.139000e-05	-4.588334e-09	-1.962062e-09	-2.432022e+01	-2.314146e+02
1.140000e-05	-4.599881e-09	-1.966711e-09	-2.438142e+01	-2.319656e+02
1.141000e-05	-4.611335e-09	-1.969511e-09	-2.444213e+01	-2.325107e+02
1.142000e-05	-4.622717e-09	-1.969136e-09	-2.450246e+01	-2.330496e+02
1.143000e-05	-4.634027e-09	-1.967564e-09	-2.456241e+01	-2.335826e+02
1.144000e-05	-4.645246e-09	-1.967119e-09	-2.462187e+01	-2.341094e+02
1.145000e-05	-4.656351e-09	-1.970342e-09	-2.468074e+01	-2.346302e+02
1.146000e-05	-4.667323e-09	-1.976332e-09	-2.473889e+01	-2.351448e+02
1.147000e-05	-4.678151e-09	-1.984411e-09	-2.479629e+01	-2.356533e+02
1.148000e-05	-4.688852e-09	-1.993498e-09	-2.485301e+01	-2.361557e+02
1.149000e-05	-4.699425e-09	-2.001428e-09	-2.490905e+01	-2.366520e+02
1.150000e-05	-4.709856e-09	-2.006893e-09	-2.496434e+01	-2.371421e+02
1.151000e-05	-4.720134e-09	-2.008021e-09	-2.501881e+01	-2.376260e+02
1.152000e-05	-4.730275e-09	-2.006489e-09	-2.507257e+01	-2.381038e+02
1.153000e-05	-4.740304e-09	-2.006156e-09	-2.512573e+01	-2.385753e+02
1.154000e-05	-4.750207e-09	-2.011717e-09	-2.517821e+01	-2.390407e+02
1.155000e-05	-4.759992e-09	-2.020612e-09	-2.523008e+01	-2.394998e+02
1.156000e-05	-4.769679e-09	-2.027656e-09	-2.528142e+01	-2.399527e+02
1.157000e-05	-4.779266e-09	-2.033253e-09	-2.533224e+01	-2.403993e+02
1.158000e-05	-4.788757e-09	-2.038558e-09	-2.538255e+01	-2.408397e+02
1.159000e-05	-4.798159e-09	-2.043828e-09	-2.543238e+01	-2.412739e+02
1.160000e-05	-4.807467e-09	-2.046367e-09	-2.548171e+01	-2.417017e+02
1.161000e-05	-4.816682e-09	-2.045887e-09	-2.553056e+01	-2.421233e+02
1.162000e-05	-4.825804e-09	-2.046456e-09	-2.557891e+01	-2.425386e+02
1.163000e-05	-4.834807e-09	-2.051362e-09	-2.562663e+01	-2.429475e+02
1.164000e-05	-4.843687e-09	-2.058635e-09	-2.567370e+01	-2.433502e+02
1.165000e-05	-4.852450e-09	-2.063741e-09	-2.572015e+01	-2.437465e+02
1.166000e-05	-4.861096e-09	-2.065230e-09	-2.576598e+01	-2.441365e+02
1.167000e-05	-4.869598e-09	-2.066043e-09	-2.581104e+01	-2.445201e+02
1.168000e-05	-4.877924e-09	-2.070876e-09	-2.585517e+01	-2.448973e+02
1.169000e-05	-4.886083e-09	-2.080099e-09	-2.589842e+01	-2.452682e+02
1.170000e-05	-4.894092e-09	-2.089343e-09	-2.594087e+01	-2.456327e+02
1.171000e-05	-4.901981e-09	-2.092890e-09	-2.598269e+01	-2.459909e+02
1.172000e-05	-4.909765e-09	-2.090525e-09	-2.602394e+01	-2.463426e+02
1.173000e-05	-4.917452e-09	-2.087919e-09	-2.606469e+01	-2.466879e+02
1.174000e-05	-4.925072e-09	-2.088115e-09	-2.610508e+01	-2.470268e+02
1.175000e-05	-4.932630e-09	-2.090547e-09	-2.614514e+01	-2.473592e+02
1.176000e-05	-4.940123e-09	-2.093233e-09	-2.618485e+01	-2.476853e+02
1.177000e-05	-4.947570e-09	-2.097705e-09	-2.622433e+01	-2.480049e+02
1.178000e-05	-4.954952e-09	-2.105490e-09	-2.626346e+01	-2.483180e+02
1.179000e-05	-4.962257e-09	-2.113174e-09	-2.630217e+01	-2.486247e+02
1.180000e-05	-4.969506e-09	-2.116140e-09	-2.634060e+01	-2.489249e+02
1.181000e-05	-4.976678e-09	-2.111749e-09	-2.637861e+01	-2.492186e+02
1.182000e-05	-4.983748e-09	-2.104259e-09	-2.641609e+01	-2.495058e+02
1.183000e-05	-4.990708e-09	-2.100819e-09	-2.645298e+01	-2.497866e+02
1.184000e-05	-4.997544e-09	-2.104309e-09	-2.648921e+01	-2.500609e+02
1.185000e-05	-5.004226e-09	-2.110289e-09	-2.652463e+01	-2.503286e+02
1.186000e-05	-5.010747e-09	-2.113393e-09	-2.655919e+01	-2.505899e+02
1.187000e-05	-5.017095e-09	-2.113936e-09	-2.659284e+01	-2.508446e+02
1.188000e-05	-5.023257e-09	-2.115769e-09	-2.662550e+01	-2.510928e+02
1.189000e-05	-5.029233e-09	-2.120826e-09	-2.665718e+01	-2.513344e+02
1.190000e-05	-5.035005e-09	-2.125111e-09	-2.668777e+01	-2.515696e+02
1.191000e-05	-5.040528e-09	-2.126166e-09	-2.671704e+01	-2.517982e+02
1.192000e-05	-5.045784e-09	-2.125540e-09	-2.674490e+01	-2.520202e+02
1.193000e-05	-5.050833e-09	-2.125038e-09	-2.677167e+01	-2.522357e+02
1.194000e-05	-5.055669e-09	-2.123494e-09	-2.679730e+01	-2.524446e+02
1.195000e-05	-5.060293e-09	-2.119749e-09	-2.682181e+01	-2.526469e+02
1.196000e-05	-5.064728e-09	-2.117346e-09	-2.684532e+01	-2.528427e+02
1.197000e-05	-5.068976e-09	-2.120234e-09	-2.686783e+01	-2.530319e+02
1.198000e-05	-5.073067e-09	-2.128796e-09	-2.688952e+01	-2.532145e+02
1.199000e-05	-5.077019e-09	-2.137787e-09	-2.691046e+01	-2.533905e+02
1.200000e-05	-5.080835e-09	-2.142130e-09	-2.693069e+01	-2.535600e+02
1.201000e-05	-5.084540e-09	-2.140448e-09	-2.695033e+01	-2.537228e+02
1.202000e-05	-5.088171e-09	-2.134871e-09	-2.696957e+01	-2.538791e+02
1.203000e-05	-5.091730e-09	-2.130024e-09	-2.698844e+01	-2.540287e+02
1.204000e-05	-5.095225e-09	-2.127525e-09	-2.700696e+01	-2.541717e+02
1.205000e-05	-5.098663e-09	-2.127386e-09	-2.702519e+01	-2.543081e+02
1.206000e-05	-5.102038e-09	-2.128529e-09	-2.704308e+01	-2.544379e+02
1.207000e-05	-5.105352e-09	-2.130967e-09	-2.706064e+01	-2.545611e+02
1.208000e-05	-5.108605e-09	-2.136497e-09	-2.707788e+01	-2.546777e+02
1.209000e-05	-5.111777e-09	-2.143274e-09	-2.709469e+01	-2.547876e+02
1.210000e-05	-5.114841e-09	-2.148221e-09	-2.711094e+01	-2.548909e+02
1.211000e-05	-5.117801e-09	-2.147541e-09	-2.712662e+01	-2.549876e+02
1.212000e-05	-5.120637e-09	-2.142705e-09	-2.714166e+01	-2.550776e+02
1.213000e-05	-5.123329e-09	-2.138171e-09	-2.715592e+01	-2.551610e+02
1.214000e-05	-5.125870e-09	-2.135278e-09	-2.716939e+01	-2.552378e+02
1.215000e-05	-5.128256e-09	-2.137266e-09	-2.718204e+01	-2.553079e+02
1.216000e-05	-5.130500e-09	-2.141859e-09	-2.719393e+01	-2.553714e+02
1.217000e-05	-5.132617e-09	-2.145943e-09	-2.720516e+01	-2.554282e+02
1.218000e-05	-5.134586e-09	-2.151732e-09	-2.721560e+01	-2.554784e+02
1.219000e-05	-5.136409e-09	-2.159540e-09	-2.722526e+01	-2.555220e+02
1.220000e-05	-5.138111e-09	-2.165537e-09	-2.723428e+01	-2.555589e+02
1.221000e-05	-5.139709e-09	-2.164276e-09	-2.724275e+01	-2.555892e+02
1.222000e-05	-5.141228e-09	-2.159187e-09	-2.725080e+01	-2.556128e+02
1.223000e-05	-5.142667e-09	-2.156342e-09	-2.725843e+01	-2.556297e+02
1.224000e-05	-5.144027e-09	-2.156131e-09	-2.726564e+01	-2.556400e+02
1.225000e-05	-5.145301e-09	-2.157119e-09	-2.727239e+01	-2.556437e+02
1.226000e-05	-5.146439e-09	-2.158630e-09	-2.727842e+01	-2.556407e+02
1.227000e-05	-5.147349e-09	-2.162074e-09	-2.728324e+01	-2.556311e+02
1.228000e-05	-5.148054e-09	-2.171656e-09	-2.728698e+01	-2.556148e+02
1.229000e-05	-5.148700e-09	-2.191982e-09	-2.729040e+01	-2.555918e+02
1.230000e-05	-5.149276e-09	-2.198275e-09	-2.729346e+01	-2.555622e+02
1.231000e-05	-5.149690e-09	-2.175025e-09	-2.729565e+01	-2.555260e+02
1.232000e-05	-5.149933e-09	-2.184640e-09	-2.729694e+01	-2.554831e+02
