# Temperatura_=_20.0
# Concentracion g/m^3_=_10000.0
# C_Vs_to_Am_M_A/Vsm_=_116720831517.84952
# pendiente_HvsI_1/m_=_3716.3
# ordenada_HvsI_A/m_=_1297.0
# frecuencia_Hz_=_135026.73793626504
# Promedio de 22 ciclos

Tiempo_(s)	Campo_(V.s)	Magnetizacion_(V.s)	Campo_(kA/m)	Magnetizacion_(A/m)
0.000000e+00	-3.799624e-09	-1.616571e-09	-1.985285e+01	-1.909867e+02
1.000000e-08	-3.799605e-09	-1.617097e-09	-1.985276e+01	-1.909809e+02
2.000000e-08	-3.799407e-09	-1.608429e-09	-1.985172e+01	-1.909613e+02
3.000000e-08	-3.799006e-09	-1.595329e-09	-1.984962e+01	-1.909280e+02
4.000000e-08	-3.798349e-09	-1.597269e-09	-1.984619e+01	-1.908809e+02
5.000000e-08	-3.797382e-09	-1.624065e-09	-1.984114e+01	-1.908200e+02
6.000000e-08	-3.796104e-09	-1.648384e-09	-1.983446e+01	-1.907455e+02
7.000000e-08	-3.794545e-09	-1.639386e-09	-1.982632e+01	-1.906571e+02
8.000000e-08	-3.792748e-09	-1.606030e-09	-1.981693e+01	-1.905551e+02
9.000000e-08	-3.790738e-09	-1.602262e-09	-1.980642e+01	-1.904393e+02
1.000000e-07	-3.788449e-09	-1.608524e-09	-1.979447e+01	-1.903098e+02
1.100000e-07	-3.785823e-09	-1.581271e-09	-1.978074e+01	-1.901666e+02
1.200000e-07	-3.782816e-09	-1.581079e-09	-1.976503e+01	-1.900096e+02
1.300000e-07	-3.779412e-09	-1.630217e-09	-1.974725e+01	-1.898390e+02
1.400000e-07	-3.775639e-09	-1.667254e-09	-1.972753e+01	-1.896548e+02
1.500000e-07	-3.771540e-09	-1.648877e-09	-1.970612e+01	-1.894568e+02
1.600000e-07	-3.767198e-09	-1.610412e-09	-1.968343e+01	-1.892452e+02
1.700000e-07	-3.762686e-09	-1.561571e-09	-1.965985e+01	-1.890200e+02
1.800000e-07	-3.758025e-09	-1.568296e-09	-1.963550e+01	-1.887812e+02
1.900000e-07	-3.753141e-09	-1.586137e-09	-1.960998e+01	-1.885287e+02
2.000000e-07	-3.747971e-09	-1.586842e-09	-1.958297e+01	-1.882627e+02
2.100000e-07	-3.742520e-09	-1.588291e-09	-1.955449e+01	-1.879831e+02
2.200000e-07	-3.736803e-09	-1.613903e-09	-1.952461e+01	-1.876900e+02
2.300000e-07	-3.730835e-09	-1.627390e-09	-1.949344e+01	-1.873833e+02
2.400000e-07	-3.724638e-09	-1.579707e-09	-1.946105e+01	-1.870632e+02
2.500000e-07	-3.718200e-09	-1.523204e-09	-1.942742e+01	-1.867296e+02
2.600000e-07	-3.711494e-09	-1.526213e-09	-1.939238e+01	-1.863825e+02
2.700000e-07	-3.704496e-09	-1.585127e-09	-1.935581e+01	-1.860220e+02
2.800000e-07	-3.697195e-09	-1.598528e-09	-1.931767e+01	-1.856481e+02
2.900000e-07	-3.689609e-09	-1.571308e-09	-1.927803e+01	-1.852608e+02
3.000000e-07	-3.681774e-09	-1.552764e-09	-1.923709e+01	-1.848602e+02
3.100000e-07	-3.673737e-09	-1.561812e-09	-1.919510e+01	-1.844463e+02
3.200000e-07	-3.665524e-09	-1.544199e-09	-1.915219e+01	-1.840191e+02
3.300000e-07	-3.657156e-09	-1.518572e-09	-1.910846e+01	-1.835786e+02
3.400000e-07	-3.648627e-09	-1.520738e-09	-1.906390e+01	-1.831249e+02
3.500000e-07	-3.639871e-09	-1.554769e-09	-1.901815e+01	-1.826580e+02
3.600000e-07	-3.630827e-09	-1.564729e-09	-1.897090e+01	-1.821779e+02
3.700000e-07	-3.621449e-09	-1.539942e-09	-1.892190e+01	-1.816847e+02
3.800000e-07	-3.611702e-09	-1.515046e-09	-1.887097e+01	-1.811785e+02
3.900000e-07	-3.601546e-09	-1.509019e-09	-1.881790e+01	-1.806592e+02
4.000000e-07	-3.590948e-09	-1.504946e-09	-1.876253e+01	-1.801268e+02
4.100000e-07	-3.579899e-09	-1.500633e-09	-1.870480e+01	-1.795815e+02
4.200000e-07	-3.568466e-09	-1.507274e-09	-1.864506e+01	-1.790233e+02
4.300000e-07	-3.556741e-09	-1.512211e-09	-1.858380e+01	-1.784521e+02
4.400000e-07	-3.544750e-09	-1.504566e-09	-1.852115e+01	-1.778681e+02
4.500000e-07	-3.532518e-09	-1.492551e-09	-1.845724e+01	-1.772713e+02
4.600000e-07	-3.520063e-09	-1.483003e-09	-1.839216e+01	-1.766617e+02
4.700000e-07	-3.507388e-09	-1.471691e-09	-1.832594e+01	-1.760394e+02
4.800000e-07	-3.494452e-09	-1.466689e-09	-1.825834e+01	-1.754044e+02
4.900000e-07	-3.481232e-09	-1.476330e-09	-1.818927e+01	-1.747568e+02
5.000000e-07	-3.467742e-09	-1.484510e-09	-1.811878e+01	-1.740966e+02
5.100000e-07	-3.453986e-09	-1.470655e-09	-1.804691e+01	-1.734238e+02
5.200000e-07	-3.439965e-09	-1.451700e-09	-1.797365e+01	-1.727385e+02
5.300000e-07	-3.425695e-09	-1.447231e-09	-1.789909e+01	-1.720408e+02
5.400000e-07	-3.411183e-09	-1.445976e-09	-1.782327e+01	-1.713307e+02
5.500000e-07	-3.396386e-09	-1.434206e-09	-1.774595e+01	-1.706083e+02
5.600000e-07	-3.381285e-09	-1.428777e-09	-1.766705e+01	-1.698736e+02
5.700000e-07	-3.365832e-09	-1.435299e-09	-1.758631e+01	-1.691266e+02
5.800000e-07	-3.349977e-09	-1.436427e-09	-1.750347e+01	-1.683674e+02
5.900000e-07	-3.333775e-09	-1.422920e-09	-1.741881e+01	-1.675962e+02
6.000000e-07	-3.317226e-09	-1.408858e-09	-1.733234e+01	-1.668128e+02
6.100000e-07	-3.300347e-09	-1.399317e-09	-1.724415e+01	-1.660174e+02
6.200000e-07	-3.283183e-09	-1.393134e-09	-1.715447e+01	-1.652101e+02
6.300000e-07	-3.265788e-09	-1.391634e-09	-1.706358e+01	-1.643909e+02
6.400000e-07	-3.248211e-09	-1.393654e-09	-1.697174e+01	-1.635598e+02
6.500000e-07	-3.230460e-09	-1.389130e-09	-1.687900e+01	-1.627169e+02
6.600000e-07	-3.212551e-09	-1.380797e-09	-1.678542e+01	-1.618623e+02
6.700000e-07	-3.194479e-09	-1.374554e-09	-1.669100e+01	-1.609961e+02
6.800000e-07	-3.176251e-09	-1.368171e-09	-1.659576e+01	-1.601182e+02
6.900000e-07	-3.157851e-09	-1.356585e-09	-1.649962e+01	-1.592288e+02
7.000000e-07	-3.139251e-09	-1.346656e-09	-1.640243e+01	-1.583280e+02
7.100000e-07	-3.120418e-09	-1.340507e-09	-1.630403e+01	-1.574157e+02
7.200000e-07	-3.101313e-09	-1.334933e-09	-1.620421e+01	-1.564921e+02
7.300000e-07	-3.081933e-09	-1.327022e-09	-1.610295e+01	-1.555572e+02
7.400000e-07	-3.062301e-09	-1.317761e-09	-1.600038e+01	-1.546112e+02
7.500000e-07	-3.042438e-09	-1.305611e-09	-1.589659e+01	-1.536539e+02
7.600000e-07	-3.022384e-09	-1.294545e-09	-1.579181e+01	-1.526856e+02
7.700000e-07	-3.002192e-09	-1.290345e-09	-1.568630e+01	-1.517063e+02
7.800000e-07	-2.981893e-09	-1.289799e-09	-1.558025e+01	-1.507161e+02
7.900000e-07	-2.961508e-09	-1.283969e-09	-1.547374e+01	-1.497150e+02
8.000000e-07	-2.941034e-09	-1.273301e-09	-1.536676e+01	-1.487031e+02
8.100000e-07	-2.920457e-09	-1.262157e-09	-1.525924e+01	-1.476805e+02
8.200000e-07	-2.899740e-09	-1.250456e-09	-1.515100e+01	-1.466473e+02
8.300000e-07	-2.878822e-09	-1.239762e-09	-1.504171e+01	-1.456035e+02
8.400000e-07	-2.857681e-09	-1.231929e-09	-1.493124e+01	-1.445492e+02
8.500000e-07	-2.836312e-09	-1.226440e-09	-1.481959e+01	-1.434845e+02
8.600000e-07	-2.814717e-09	-1.221671e-09	-1.470676e+01	-1.424095e+02
8.700000e-07	-2.792897e-09	-1.217770e-09	-1.459275e+01	-1.413242e+02
8.800000e-07	-2.770871e-09	-1.210288e-09	-1.447767e+01	-1.402287e+02
8.900000e-07	-2.748667e-09	-1.196645e-09	-1.436165e+01	-1.391231e+02
9.000000e-07	-2.726290e-09	-1.180328e-09	-1.424473e+01	-1.380075e+02
9.100000e-07	-2.703753e-09	-1.167753e-09	-1.412698e+01	-1.368820e+02
9.200000e-07	-2.681041e-09	-1.158809e-09	-1.400831e+01	-1.357465e+02
9.300000e-07	-2.658133e-09	-1.152811e-09	-1.388862e+01	-1.346013e+02
9.400000e-07	-2.635038e-09	-1.146687e-09	-1.376794e+01	-1.334464e+02
9.500000e-07	-2.611748e-09	-1.136312e-09	-1.364626e+01	-1.322819e+02
9.600000e-07	-2.588239e-09	-1.122084e-09	-1.352342e+01	-1.311079e+02
9.700000e-07	-2.564523e-09	-1.108351e-09	-1.339951e+01	-1.299244e+02
9.800000e-07	-2.540636e-09	-1.097399e-09	-1.327470e+01	-1.287315e+02
9.900000e-07	-2.516590e-09	-1.088395e-09	-1.314906e+01	-1.275294e+02
1.000000e-06	-2.492424e-09	-1.078506e-09	-1.302279e+01	-1.263181e+02
1.010000e-06	-2.468153e-09	-1.069802e-09	-1.289598e+01	-1.250976e+02
1.020000e-06	-2.443781e-09	-1.060782e-09	-1.276864e+01	-1.238682e+02
1.030000e-06	-2.419315e-09	-1.050558e-09	-1.264080e+01	-1.226298e+02
1.040000e-06	-2.394725e-09	-1.036891e-09	-1.251232e+01	-1.213826e+02
1.050000e-06	-2.369978e-09	-1.020372e-09	-1.238302e+01	-1.201267e+02
1.060000e-06	-2.345080e-09	-1.005757e-09	-1.225293e+01	-1.188621e+02
1.070000e-06	-2.320049e-09	-9.968709e-10	-1.212214e+01	-1.175889e+02
1.080000e-06	-2.294836e-09	-9.928163e-10	-1.199040e+01	-1.163072e+02
1.090000e-06	-2.269386e-09	-9.891528e-10	-1.185743e+01	-1.150172e+02
1.100000e-06	-2.243686e-09	-9.815069e-10	-1.172315e+01	-1.137189e+02
1.110000e-06	-2.217709e-09	-9.683383e-10	-1.158742e+01	-1.124124e+02
1.120000e-06	-2.191426e-09	-9.526403e-10	-1.145009e+01	-1.110978e+02
1.130000e-06	-2.164854e-09	-9.382711e-10	-1.131126e+01	-1.097751e+02
1.140000e-06	-2.137994e-09	-9.258829e-10	-1.117091e+01	-1.084446e+02
1.150000e-06	-2.110871e-09	-9.146814e-10	-1.102920e+01	-1.071062e+02
1.160000e-06	-2.083522e-09	-9.057760e-10	-1.088630e+01	-1.057602e+02
1.170000e-06	-2.055953e-09	-8.983201e-10	-1.074225e+01	-1.044065e+02
1.180000e-06	-2.028190e-09	-8.902312e-10	-1.059719e+01	-1.030453e+02
1.190000e-06	-2.000262e-09	-8.779675e-10	-1.045127e+01	-1.016766e+02
1.200000e-06	-1.972211e-09	-8.620543e-10	-1.030470e+01	-1.003006e+02
1.210000e-06	-1.944061e-09	-8.454037e-10	-1.015762e+01	-9.891744e+01
1.220000e-06	-1.915840e-09	-8.310602e-10	-1.001017e+01	-9.752710e+01
1.230000e-06	-1.887554e-09	-8.205648e-10	-9.862379e+00	-9.612974e+01
1.240000e-06	-1.859213e-09	-8.126573e-10	-9.714295e+00	-9.472544e+01
1.250000e-06	-1.830833e-09	-8.056000e-10	-9.566013e+00	-9.331432e+01
1.260000e-06	-1.802397e-09	-7.980391e-10	-9.417433e+00	-9.189647e+01
1.270000e-06	-1.773885e-09	-7.880797e-10	-9.268463e+00	-9.047200e+01
1.280000e-06	-1.745296e-09	-7.756197e-10	-9.119086e+00	-8.904101e+01
1.290000e-06	-1.716628e-09	-7.597898e-10	-8.969298e+00	-8.760359e+01
1.300000e-06	-1.687883e-09	-7.437010e-10	-8.819106e+00	-8.615986e+01
1.310000e-06	-1.659021e-09	-7.306200e-10	-8.668303e+00	-8.470992e+01
1.320000e-06	-1.629998e-09	-7.198300e-10	-8.516660e+00	-8.325388e+01
1.330000e-06	-1.600830e-09	-7.096029e-10	-8.364256e+00	-8.179183e+01
1.340000e-06	-1.571522e-09	-6.991912e-10	-8.211123e+00	-8.032388e+01
1.350000e-06	-1.542063e-09	-6.879841e-10	-8.057204e+00	-7.885014e+01
1.360000e-06	-1.512485e-09	-6.759829e-10	-7.902659e+00	-7.737071e+01
1.370000e-06	-1.482798e-09	-6.623415e-10	-7.747545e+00	-7.588571e+01
1.380000e-06	-1.453002e-09	-6.455839e-10	-7.591861e+00	-7.439524e+01
1.390000e-06	-1.423101e-09	-6.278512e-10	-7.435631e+00	-7.289940e+01
1.400000e-06	-1.393102e-09	-6.122359e-10	-7.278888e+00	-7.139830e+01
1.410000e-06	-1.363007e-09	-5.999622e-10	-7.121644e+00	-6.989205e+01
1.420000e-06	-1.332820e-09	-5.908809e-10	-6.963915e+00	-6.838077e+01
1.430000e-06	-1.302554e-09	-5.825501e-10	-6.805778e+00	-6.686455e+01
1.440000e-06	-1.272219e-09	-5.733752e-10	-6.647279e+00	-6.534351e+01
1.450000e-06	-1.241828e-09	-5.619827e-10	-6.488487e+00	-6.381776e+01
1.460000e-06	-1.211391e-09	-5.474090e-10	-6.329456e+00	-6.228740e+01
1.470000e-06	-1.180912e-09	-5.296240e-10	-6.170203e+00	-6.075255e+01
1.480000e-06	-1.150382e-09	-5.103434e-10	-6.010685e+00	-5.921332e+01
1.490000e-06	-1.119787e-09	-4.943961e-10	-5.850832e+00	-5.766982e+01
1.500000e-06	-1.089117e-09	-4.838605e-10	-5.690583e+00	-5.612215e+01
1.510000e-06	-1.058377e-09	-4.774692e-10	-5.529968e+00	-5.457044e+01
1.520000e-06	-1.027577e-09	-4.693067e-10	-5.369038e+00	-5.301479e+01
1.530000e-06	-9.967112e-10	-4.560882e-10	-5.207765e+00	-5.145532e+01
1.540000e-06	-9.657785e-10	-4.394864e-10	-5.046143e+00	-4.989213e+01
1.550000e-06	-9.347803e-10	-4.227415e-10	-4.884179e+00	-4.832534e+01
1.560000e-06	-9.037029e-10	-4.082666e-10	-4.721801e+00	-4.675506e+01
1.570000e-06	-8.725625e-10	-3.957339e-10	-4.559093e+00	-4.518141e+01
1.580000e-06	-8.413689e-10	-3.841062e-10	-4.396109e+00	-4.360449e+01
1.590000e-06	-8.100772e-10	-3.727563e-10	-4.232611e+00	-4.202443e+01
1.600000e-06	-7.787084e-10	-3.615295e-10	-4.068711e+00	-4.044134e+01
1.610000e-06	-7.472901e-10	-3.497376e-10	-3.904551e+00	-3.885532e+01
1.620000e-06	-7.158111e-10	-3.353000e-10	-3.740075e+00	-3.726650e+01
1.630000e-06	-6.842728e-10	-3.179481e-10	-3.575289e+00	-3.567498e+01
1.640000e-06	-6.526605e-10	-3.018626e-10	-3.410116e+00	-3.408089e+01
1.650000e-06	-6.209972e-10	-2.883621e-10	-3.244677e+00	-3.248434e+01
1.660000e-06	-5.893074e-10	-2.757859e-10	-3.079099e+00	-3.088544e+01
1.670000e-06	-5.575742e-10	-2.629502e-10	-2.913295e+00	-2.928431e+01
1.680000e-06	-5.257838e-10	-2.495533e-10	-2.747191e+00	-2.768106e+01
1.690000e-06	-4.939515e-10	-2.367722e-10	-2.580869e+00	-2.607580e+01
1.700000e-06	-4.621009e-10	-2.255216e-10	-2.414451e+00	-2.446867e+01
1.710000e-06	-4.302140e-10	-2.150760e-10	-2.247844e+00	-2.285976e+01
1.720000e-06	-3.982764e-10	-2.035932e-10	-2.080971e+00	-2.124920e+01
1.730000e-06	-3.663008e-10	-1.909860e-10	-1.913900e+00	-1.963710e+01
1.740000e-06	-3.342952e-10	-1.768053e-10	-1.746672e+00	-1.802357e+01
1.750000e-06	-3.022678e-10	-1.626730e-10	-1.579331e+00	-1.640874e+01
1.760000e-06	-2.702234e-10	-1.495846e-10	-1.411900e+00	-1.479272e+01
1.770000e-06	-2.381644e-10	-1.366348e-10	-1.244394e+00	-1.317563e+01
1.780000e-06	-2.060935e-10	-1.242558e-10	-1.076825e+00	-1.155758e+01
1.790000e-06	-1.740131e-10	-1.120343e-10	-9.092060e-01	-9.938685e+00
1.800000e-06	-1.419162e-10	-9.944111e-11	-7.415013e-01	-8.319068e+00
1.810000e-06	-1.098116e-10	-8.551075e-11	-5.737559e-01	-6.698844e+00
1.820000e-06	-7.770590e-11	-6.934389e-11	-4.060054e-01	-5.078129e+00
1.830000e-06	-4.559388e-11	-5.231479e-11	-2.382216e-01	-3.457039e+00
1.840000e-06	-1.348102e-11	-3.757745e-11	-7.043340e-02	-1.835692e+00
1.850000e-06	1.862968e-11	-2.654435e-11	9.734357e-02	-2.142037e-01
1.860000e-06	5.073473e-11	-1.698864e-11	2.650910e-01	1.407309e+00
1.870000e-06	8.283805e-11	-5.238669e-12	4.328293e-01	3.028729e+00
1.880000e-06	1.149359e-10	9.938700e-12	6.005391e-01	4.649940e+00
1.890000e-06	1.470270e-10	2.579717e-11	7.682138e-01	6.270825e+00
1.900000e-06	1.791195e-10	3.999183e-11	9.358955e-01	7.891267e+00
1.910000e-06	2.112120e-10	5.229156e-11	1.103577e+00	9.511150e+00
1.920000e-06	2.432787e-10	6.486241e-11	1.271124e+00	1.113036e+01
1.930000e-06	2.753170e-10	7.932521e-11	1.438522e+00	1.274877e+01
1.940000e-06	3.073405e-10	9.364316e-11	1.605844e+00	1.436628e+01
1.950000e-06	3.393374e-10	1.061216e-10	1.773026e+00	1.598276e+01
1.960000e-06	3.713145e-10	1.184241e-10	1.940105e+00	1.759810e+01
1.970000e-06	4.032837e-10	1.328256e-10	2.107143e+00	1.921218e+01
1.980000e-06	4.352331e-10	1.494098e-10	2.274077e+00	2.082488e+01
1.990000e-06	4.671503e-10	1.653701e-10	2.440842e+00	2.243610e+01
2.000000e-06	4.990356e-10	1.770471e-10	2.607442e+00	2.404571e+01
2.010000e-06	5.308875e-10	1.865330e-10	2.773866e+00	2.565359e+01
2.020000e-06	5.626902e-10	1.990373e-10	2.940034e+00	2.725964e+01
2.030000e-06	5.944335e-10	2.158929e-10	3.105891e+00	2.886374e+01
2.040000e-06	6.261049e-10	2.333911e-10	3.271372e+00	3.046576e+01
2.050000e-06	6.577073e-10	2.476615e-10	3.436493e+00	3.206561e+01
2.060000e-06	6.892525e-10	2.601677e-10	3.601315e+00	3.366315e+01
2.070000e-06	7.207281e-10	2.739476e-10	3.765774e+00	3.525828e+01
2.080000e-06	7.521392e-10	2.895009e-10	3.929895e+00	3.685087e+01
2.090000e-06	7.834901e-10	3.044192e-10	4.093702e+00	3.844083e+01
2.100000e-06	8.147800e-10	3.166379e-10	4.257190e+00	4.002802e+01
2.110000e-06	8.460037e-10	3.276173e-10	4.420333e+00	4.161235e+01
2.120000e-06	8.771530e-10	3.401919e-10	4.583086e+00	4.319368e+01
2.130000e-06	9.082115e-10	3.556900e-10	4.745365e+00	4.477192e+01
2.140000e-06	9.391869e-10	3.709216e-10	4.907210e+00	4.634694e+01
2.150000e-06	9.700981e-10	3.828766e-10	5.068720e+00	4.791863e+01
2.160000e-06	1.000941e-09	3.945760e-10	5.229873e+00	4.948688e+01
2.170000e-06	1.031709e-09	4.091443e-10	5.390636e+00	5.105158e+01
2.180000e-06	1.062405e-09	4.263088e-10	5.551021e+00	5.261261e+01
2.190000e-06	1.093052e-09	4.420657e-10	5.711150e+00	5.416986e+01
2.200000e-06	1.123643e-09	4.539863e-10	5.870986e+00	5.572323e+01
2.210000e-06	1.154167e-09	4.654799e-10	6.030469e+00	5.727259e+01
2.220000e-06	1.184630e-09	4.799792e-10	6.189640e+00	5.881783e+01
2.230000e-06	1.215041e-09	4.967187e-10	6.348535e+00	6.035885e+01
2.240000e-06	1.245401e-09	5.113072e-10	6.507166e+00	6.189553e+01
2.250000e-06	1.275702e-09	5.227710e-10	6.665483e+00	6.342777e+01
2.260000e-06	1.305948e-09	5.339013e-10	6.823521e+00	6.495545e+01
2.270000e-06	1.336146e-09	5.480212e-10	6.981301e+00	6.647846e+01
2.280000e-06	1.366279e-09	5.644597e-10	7.138748e+00	6.799669e+01
2.290000e-06	1.396313e-09	5.789104e-10	7.295674e+00	6.951004e+01
2.300000e-06	1.426243e-09	5.896498e-10	7.452053e+00	7.101839e+01
2.310000e-06	1.456082e-09	6.001573e-10	7.607962e+00	7.252164e+01
2.320000e-06	1.485791e-09	6.139808e-10	7.763188e+00	7.401968e+01
2.330000e-06	1.515358e-09	6.283269e-10	7.917679e+00	7.551239e+01
2.340000e-06	1.544801e-09	6.397753e-10	8.071514e+00	7.699968e+01
2.350000e-06	1.574095e-09	6.510568e-10	8.224575e+00	7.848143e+01
2.360000e-06	1.603265e-09	6.656202e-10	8.376986e+00	7.995755e+01
2.370000e-06	1.632318e-09	6.822838e-10	8.528785e+00	8.142791e+01
2.380000e-06	1.661220e-09	6.973903e-10	8.679798e+00	8.289243e+01
2.390000e-06	1.690005e-09	7.086276e-10	8.830198e+00	8.435098e+01
2.400000e-06	1.718698e-09	7.174432e-10	8.980118e+00	8.580347e+01
2.410000e-06	1.747301e-09	7.266155e-10	9.129566e+00	8.724979e+01
2.420000e-06	1.775826e-09	7.387828e-10	9.278608e+00	8.868984e+01
2.430000e-06	1.804283e-09	7.539967e-10	9.427293e+00	9.012351e+01
2.440000e-06	1.832700e-09	7.702387e-10	9.575774e+00	9.155071e+01
2.450000e-06	1.861083e-09	7.860630e-10	9.724072e+00	9.297132e+01
2.460000e-06	1.889409e-09	8.011643e-10	9.872074e+00	9.438525e+01
2.470000e-06	1.917672e-09	8.150425e-10	1.001975e+01	9.579239e+01
2.480000e-06	1.945882e-09	8.255941e-10	1.016715e+01	9.719264e+01
2.490000e-06	1.974006e-09	8.323565e-10	1.031409e+01	9.858591e+01
2.500000e-06	2.002024e-09	8.387302e-10	1.046048e+01	9.997209e+01
2.510000e-06	2.029932e-09	8.495360e-10	1.060630e+01	1.013511e+02
2.520000e-06	2.057681e-09	8.670738e-10	1.075129e+01	1.027228e+02
2.530000e-06	2.085225e-09	8.862632e-10	1.089520e+01	1.040871e+02
2.540000e-06	2.112515e-09	9.009527e-10	1.103779e+01	1.054439e+02
2.550000e-06	2.139527e-09	9.103120e-10	1.117893e+01	1.067932e+02
2.560000e-06	2.166262e-09	9.175537e-10	1.131862e+01	1.081347e+02
2.570000e-06	2.192708e-09	9.258871e-10	1.145680e+01	1.094685e+02
2.580000e-06	2.218852e-09	9.339895e-10	1.159340e+01	1.107945e+02
2.590000e-06	2.244712e-09	9.424584e-10	1.172852e+01	1.121124e+02
2.600000e-06	2.270318e-09	9.546240e-10	1.186231e+01	1.134223e+02
2.610000e-06	2.295666e-09	9.712626e-10	1.199475e+01	1.147240e+02
2.620000e-06	2.320785e-09	9.895747e-10	1.212599e+01	1.160175e+02
2.630000e-06	2.345720e-09	1.003113e-09	1.225628e+01	1.173027e+02
2.640000e-06	2.370487e-09	1.010386e-09	1.238569e+01	1.185794e+02
2.650000e-06	2.395118e-09	1.016404e-09	1.251438e+01	1.198475e+02
2.660000e-06	2.419636e-09	1.025571e-09	1.264248e+01	1.211071e+02
2.670000e-06	2.444057e-09	1.039215e-09	1.277008e+01	1.223580e+02
2.680000e-06	2.468376e-09	1.054929e-09	1.289715e+01	1.236000e+02
2.690000e-06	2.492578e-09	1.068301e-09	1.302360e+01	1.248332e+02
2.700000e-06	2.516649e-09	1.078344e-09	1.314937e+01	1.260573e+02
2.710000e-06	2.540579e-09	1.088439e-09	1.327441e+01	1.272725e+02
2.720000e-06	2.564331e-09	1.099019e-09	1.339851e+01	1.284784e+02
2.730000e-06	2.587873e-09	1.107507e-09	1.352151e+01	1.296751e+02
2.740000e-06	2.611183e-09	1.114930e-09	1.364331e+01	1.308625e+02
2.750000e-06	2.634261e-09	1.125918e-09	1.376389e+01	1.320405e+02
2.760000e-06	2.657139e-09	1.142401e-09	1.388342e+01	1.332090e+02
2.770000e-06	2.679848e-09	1.159464e-09	1.400208e+01	1.343679e+02
2.780000e-06	2.702400e-09	1.170503e-09	1.411991e+01	1.355171e+02
2.790000e-06	2.724802e-09	1.176142e-09	1.423696e+01	1.366566e+02
2.800000e-06	2.747069e-09	1.180682e-09	1.435331e+01	1.377863e+02
2.810000e-06	2.769187e-09	1.188928e-09	1.446887e+01	1.389061e+02
2.820000e-06	2.791122e-09	1.201699e-09	1.458348e+01	1.400158e+02
2.830000e-06	2.812858e-09	1.213553e-09	1.469705e+01	1.411155e+02
2.840000e-06	2.834354e-09	1.222228e-09	1.480936e+01	1.422050e+02
2.850000e-06	2.855592e-09	1.229837e-09	1.492033e+01	1.432844e+02
2.860000e-06	2.876614e-09	1.239038e-09	1.503017e+01	1.443534e+02
2.870000e-06	2.897441e-09	1.249327e-09	1.513899e+01	1.454120e+02
2.880000e-06	2.918105e-09	1.256590e-09	1.524696e+01	1.464601e+02
2.890000e-06	2.938643e-09	1.260616e-09	1.535427e+01	1.474978e+02
2.900000e-06	2.959061e-09	1.267095e-09	1.546095e+01	1.485248e+02
2.910000e-06	2.979390e-09	1.279562e-09	1.556717e+01	1.495411e+02
2.920000e-06	2.999635e-09	1.294097e-09	1.567295e+01	1.505467e+02
2.930000e-06	3.019746e-09	1.305151e-09	1.577803e+01	1.515414e+02
2.940000e-06	3.039697e-09	1.312348e-09	1.588227e+01	1.525253e+02
2.950000e-06	3.059471e-09	1.318505e-09	1.598559e+01	1.534982e+02
2.960000e-06	3.079013e-09	1.327491e-09	1.608770e+01	1.544600e+02
2.970000e-06	3.098259e-09	1.338237e-09	1.618826e+01	1.554107e+02
2.980000e-06	3.117216e-09	1.345720e-09	1.628731e+01	1.563503e+02
2.990000e-06	3.135913e-09	1.350844e-09	1.638500e+01	1.572786e+02
3.000000e-06	3.154367e-09	1.357796e-09	1.648142e+01	1.581955e+02
3.010000e-06	3.172587e-09	1.368816e-09	1.657662e+01	1.591012e+02
3.020000e-06	3.190623e-09	1.380691e-09	1.667085e+01	1.599953e+02
3.030000e-06	3.208510e-09	1.389279e-09	1.676431e+01	1.608780e+02
3.040000e-06	3.226229e-09	1.394640e-09	1.685689e+01	1.617490e+02
3.050000e-06	3.243809e-09	1.399879e-09	1.694875e+01	1.626085e+02
3.060000e-06	3.261245e-09	1.406580e-09	1.703985e+01	1.634562e+02
3.070000e-06	3.278490e-09	1.413557e-09	1.712996e+01	1.642922e+02
3.080000e-06	3.295513e-09	1.418925e-09	1.721890e+01	1.651164e+02
3.090000e-06	3.312247e-09	1.424047e-09	1.730633e+01	1.659286e+02
3.100000e-06	3.328669e-09	1.432243e-09	1.739214e+01	1.667290e+02
3.110000e-06	3.344743e-09	1.443049e-09	1.747612e+01	1.675174e+02
3.120000e-06	3.360432e-09	1.452623e-09	1.755810e+01	1.682937e+02
3.130000e-06	3.375750e-09	1.458097e-09	1.763814e+01	1.690579e+02
3.140000e-06	3.390753e-09	1.461711e-09	1.771652e+01	1.698099e+02
3.150000e-06	3.405492e-09	1.467172e-09	1.779353e+01	1.705497e+02
3.160000e-06	3.420000e-09	1.474059e-09	1.786934e+01	1.712773e+02
3.170000e-06	3.434291e-09	1.481248e-09	1.794401e+01	1.719925e+02
3.180000e-06	3.448342e-09	1.486430e-09	1.801743e+01	1.726953e+02
3.190000e-06	3.462134e-09	1.488730e-09	1.808949e+01	1.733858e+02
3.200000e-06	3.475655e-09	1.490909e-09	1.816013e+01	1.740637e+02
3.210000e-06	3.488907e-09	1.496491e-09	1.822937e+01	1.747292e+02
3.220000e-06	3.501876e-09	1.504525e-09	1.829714e+01	1.753820e+02
3.230000e-06	3.514594e-09	1.511767e-09	1.836359e+01	1.760223e+02
3.240000e-06	3.527091e-09	1.518166e-09	1.842888e+01	1.766499e+02
3.250000e-06	3.539398e-09	1.524951e-09	1.849319e+01	1.772647e+02
3.260000e-06	3.551511e-09	1.532137e-09	1.855648e+01	1.778669e+02
3.270000e-06	3.563365e-09	1.536326e-09	1.861841e+01	1.784562e+02
3.280000e-06	3.574910e-09	1.536075e-09	1.867873e+01	1.790327e+02
3.290000e-06	3.586082e-09	1.534178e-09	1.873711e+01	1.795963e+02
3.300000e-06	3.596839e-09	1.535118e-09	1.879331e+01	1.801470e+02
3.310000e-06	3.607161e-09	1.541093e-09	1.884725e+01	1.806847e+02
3.320000e-06	3.617063e-09	1.550260e-09	1.889898e+01	1.812095e+02
3.330000e-06	3.626591e-09	1.558402e-09	1.894877e+01	1.817211e+02
3.340000e-06	3.635758e-09	1.563825e-09	1.899667e+01	1.822198e+02
3.350000e-06	3.644613e-09	1.566774e-09	1.904293e+01	1.827053e+02
3.360000e-06	3.653249e-09	1.568568e-09	1.908805e+01	1.831776e+02
3.370000e-06	3.661726e-09	1.569660e-09	1.913235e+01	1.836368e+02
3.380000e-06	3.670064e-09	1.570537e-09	1.917591e+01	1.840828e+02
3.390000e-06	3.678245e-09	1.571887e-09	1.921866e+01	1.845155e+02
3.400000e-06	3.686227e-09	1.575946e-09	1.926036e+01	1.849350e+02
3.410000e-06	3.693946e-09	1.582348e-09	1.930069e+01	1.853412e+02
3.420000e-06	3.701387e-09	1.588363e-09	1.933957e+01	1.857340e+02
3.430000e-06	3.708551e-09	1.592129e-09	1.937700e+01	1.861134e+02
3.440000e-06	3.715452e-09	1.593961e-09	1.941306e+01	1.864795e+02
3.450000e-06	3.722101e-09	1.595434e-09	1.944780e+01	1.868322e+02
3.460000e-06	3.728505e-09	1.597164e-09	1.948126e+01	1.871714e+02
3.470000e-06	3.734675e-09	1.598467e-09	1.951350e+01	1.874971e+02
3.480000e-06	3.740588e-09	1.598602e-09	1.954439e+01	1.878094e+02
3.490000e-06	3.746218e-09	1.599707e-09	1.957381e+01	1.881081e+02
3.500000e-06	3.751560e-09	1.604001e-09	1.960172e+01	1.883933e+02
3.510000e-06	3.756631e-09	1.610575e-09	1.962822e+01	1.886650e+02
3.520000e-06	3.761470e-09	1.616002e-09	1.965350e+01	1.889231e+02
3.530000e-06	3.766101e-09	1.617753e-09	1.967770e+01	1.891675e+02
3.540000e-06	3.770564e-09	1.616115e-09	1.970102e+01	1.893984e+02
3.550000e-06	3.774899e-09	1.614746e-09	1.972367e+01	1.896157e+02
3.560000e-06	3.779084e-09	1.614525e-09	1.974553e+01	1.898193e+02
3.570000e-06	3.783082e-09	1.616114e-09	1.976642e+01	1.900093e+02
3.580000e-06	3.786843e-09	1.619788e-09	1.978607e+01	1.901855e+02
3.590000e-06	3.790279e-09	1.624273e-09	1.980403e+01	1.903481e+02
3.600000e-06	3.793329e-09	1.628587e-09	1.981996e+01	1.904971e+02
3.610000e-06	3.795971e-09	1.630404e-09	1.983377e+01	1.906323e+02
3.620000e-06	3.798172e-09	1.628469e-09	1.984527e+01	1.907537e+02
3.630000e-06	3.799945e-09	1.626245e-09	1.985453e+01	1.908615e+02
3.640000e-06	3.801351e-09	1.627339e-09	1.986188e+01	1.909555e+02
3.650000e-06	3.802409e-09	1.631241e-09	1.986741e+01	1.910358e+02
3.660000e-06	3.803186e-09	1.635511e-09	1.987146e+01	1.911024e+02
3.670000e-06	3.803767e-09	1.637893e-09	1.987450e+01	1.911552e+02
3.680000e-06	3.804183e-09	1.637839e-09	1.987667e+01	1.911942e+02
3.690000e-06	3.804442e-09	1.636936e-09	1.987803e+01	1.912195e+02
3.700000e-06	3.804530e-09	1.636513e-09	1.987849e+01	1.912311e+02
3.710000e-06	3.804426e-09	1.641311e-09	1.987794e+01	1.912289e+02
3.720000e-06	3.804066e-09	1.653345e-09	1.987606e+01	1.912129e+02
3.730000e-06	3.803394e-09	1.665523e-09	1.987255e+01	1.911831e+02
3.740000e-06	3.802437e-09	1.663121e-09	1.986755e+01	1.911396e+02
3.750000e-06	3.801215e-09	1.635510e-09	1.986117e+01	1.910824e+02
3.760000e-06	3.799730e-09	1.615330e-09	1.985341e+01	1.910114e+02
3.770000e-06	3.797926e-09	1.650204e-09	1.984398e+01	1.909267e+02
3.780000e-06	3.795721e-09	1.706668e-09	1.983246e+01	1.908282e+02
3.790000e-06	3.793148e-09	1.686395e-09	1.981901e+01	1.907160e+02
3.800000e-06	3.790323e-09	1.666270e-09	1.980426e+01	1.905901e+02
3.810000e-06	3.787338e-09	1.690892e-09	1.978866e+01	1.904505e+02
3.820000e-06	3.784226e-09	1.665217e-09	1.977240e+01	1.902971e+02
3.830000e-06	3.780981e-09	1.600725e-09	1.975544e+01	1.901301e+02
3.840000e-06	3.777582e-09	1.587761e-09	1.973768e+01	1.899494e+02
3.850000e-06	3.774027e-09	1.635390e-09	1.971911e+01	1.897550e+02
3.860000e-06	3.770320e-09	1.667301e-09	1.969974e+01	1.895470e+02
3.870000e-06	3.766440e-09	1.657796e-09	1.967947e+01	1.893254e+02
3.880000e-06	3.762332e-09	1.653685e-09	1.965800e+01	1.890901e+02
3.890000e-06	3.757922e-09	1.653962e-09	1.963496e+01	1.888412e+02
3.900000e-06	3.753131e-09	1.624336e-09	1.960993e+01	1.885787e+02
3.910000e-06	3.747931e-09	1.588732e-09	1.958276e+01	1.883027e+02
3.920000e-06	3.742293e-09	1.593871e-09	1.955330e+01	1.880131e+02
3.930000e-06	3.736150e-09	1.635493e-09	1.952120e+01	1.877100e+02
3.940000e-06	3.729538e-09	1.659149e-09	1.948665e+01	1.873934e+02
3.950000e-06	3.722585e-09	1.646846e-09	1.945033e+01	1.870633e+02
3.960000e-06	3.715396e-09	1.619339e-09	1.941276e+01	1.867198e+02
3.970000e-06	3.708009e-09	1.603590e-09	1.937417e+01	1.863628e+02
3.980000e-06	3.700474e-09	1.588379e-09	1.933480e+01	1.859924e+02
3.990000e-06	3.692799e-09	1.575549e-09	1.929470e+01	1.856086e+02
4.000000e-06	3.684936e-09	1.589294e-09	1.925361e+01	1.852115e+02
4.010000e-06	3.676840e-09	1.624973e-09	1.921131e+01	1.848010e+02
4.020000e-06	3.668473e-09	1.633132e-09	1.916759e+01	1.843773e+02
4.030000e-06	3.659822e-09	1.594307e-09	1.912239e+01	1.839403e+02
4.040000e-06	3.650900e-09	1.555213e-09	1.907578e+01	1.834900e+02
4.050000e-06	3.641719e-09	1.559029e-09	1.902781e+01	1.830266e+02
4.060000e-06	3.632306e-09	1.577031e-09	1.897862e+01	1.825499e+02
4.070000e-06	3.622679e-09	1.574158e-09	1.892832e+01	1.820602e+02
4.080000e-06	3.612818e-09	1.564550e-09	1.887680e+01	1.815574e+02
4.090000e-06	3.602699e-09	1.571959e-09	1.882393e+01	1.810414e+02
4.100000e-06	3.592307e-09	1.575037e-09	1.876963e+01	1.805125e+02
4.110000e-06	3.581646e-09	1.553816e-09	1.871393e+01	1.799706e+02
4.120000e-06	3.570726e-09	1.533497e-09	1.865687e+01	1.794157e+02
4.130000e-06	3.559550e-09	1.535576e-09	1.859848e+01	1.788480e+02
4.140000e-06	3.548130e-09	1.540690e-09	1.853881e+01	1.782673e+02
4.150000e-06	3.536495e-09	1.535772e-09	1.847801e+01	1.776739e+02
4.160000e-06	3.524627e-09	1.538806e-09	1.841600e+01	1.770676e+02
4.170000e-06	3.512485e-09	1.545353e-09	1.835256e+01	1.764486e+02
4.180000e-06	3.499999e-09	1.529950e-09	1.828733e+01	1.758169e+02
4.190000e-06	3.487128e-09	1.503568e-09	1.822008e+01	1.751726e+02
4.200000e-06	3.473858e-09	1.500790e-09	1.815074e+01	1.745157e+02
4.210000e-06	3.460132e-09	1.512895e-09	1.807902e+01	1.738462e+02
4.220000e-06	3.445970e-09	1.507142e-09	1.800503e+01	1.731642e+02
4.230000e-06	3.431432e-09	1.491081e-09	1.792907e+01	1.724698e+02
4.240000e-06	3.416554e-09	1.489858e-09	1.785133e+01	1.717629e+02
4.250000e-06	3.401404e-09	1.489711e-09	1.777217e+01	1.710437e+02
4.260000e-06	3.386055e-09	1.474873e-09	1.769197e+01	1.703122e+02
4.270000e-06	3.370563e-09	1.462845e-09	1.761103e+01	1.695684e+02
4.280000e-06	3.354950e-09	1.464647e-09	1.752945e+01	1.688124e+02
4.290000e-06	3.339188e-09	1.459654e-09	1.744710e+01	1.680443e+02
4.300000e-06	3.323253e-09	1.447207e-09	1.736383e+01	1.672641e+02
4.310000e-06	3.307104e-09	1.443132e-09	1.727946e+01	1.664719e+02
4.320000e-06	3.290703e-09	1.440490e-09	1.719376e+01	1.656677e+02
4.330000e-06	3.274036e-09	1.423578e-09	1.710668e+01	1.648516e+02
4.340000e-06	3.257095e-09	1.405561e-09	1.701817e+01	1.640236e+02
4.350000e-06	3.239915e-09	1.403092e-09	1.692840e+01	1.631838e+02
4.360000e-06	3.222535e-09	1.403882e-09	1.683759e+01	1.623323e+02
4.370000e-06	3.204971e-09	1.396291e-09	1.674582e+01	1.614691e+02
4.380000e-06	3.187235e-09	1.389698e-09	1.665315e+01	1.605942e+02
4.390000e-06	3.169311e-09	1.384031e-09	1.655949e+01	1.597079e+02
4.400000e-06	3.151177e-09	1.372863e-09	1.646475e+01	1.588100e+02
4.410000e-06	3.132813e-09	1.361590e-09	1.636880e+01	1.579007e+02
4.420000e-06	3.114186e-09	1.354141e-09	1.627147e+01	1.569801e+02
4.430000e-06	3.095293e-09	1.344700e-09	1.617276e+01	1.560482e+02
4.440000e-06	3.076177e-09	1.334949e-09	1.607287e+01	1.551050e+02
4.450000e-06	3.056893e-09	1.330953e-09	1.597212e+01	1.541507e+02
4.460000e-06	3.037481e-09	1.326087e-09	1.587069e+01	1.531853e+02
4.470000e-06	3.017958e-09	1.314981e-09	1.576868e+01	1.522088e+02
4.480000e-06	2.998342e-09	1.302359e-09	1.566619e+01	1.512215e+02
4.490000e-06	2.978635e-09	1.291364e-09	1.556322e+01	1.502232e+02
4.500000e-06	2.958807e-09	1.278675e-09	1.545962e+01	1.492142e+02
4.510000e-06	2.938823e-09	1.268330e-09	1.535521e+01	1.481944e+02
4.520000e-06	2.918649e-09	1.262853e-09	1.524980e+01	1.471639e+02
4.530000e-06	2.898208e-09	1.255916e-09	1.514299e+01	1.461229e+02
4.540000e-06	2.877441e-09	1.245213e-09	1.503449e+01	1.450713e+02
4.550000e-06	2.856304e-09	1.235120e-09	1.492405e+01	1.440094e+02
4.560000e-06	2.834762e-09	1.225691e-09	1.481149e+01	1.429370e+02
4.570000e-06	2.812847e-09	1.216755e-09	1.469699e+01	1.418544e+02
4.580000e-06	2.790625e-09	1.209572e-09	1.458088e+01	1.407616e+02
4.590000e-06	2.768113e-09	1.201451e-09	1.446326e+01	1.396586e+02
4.600000e-06	2.745303e-09	1.188608e-09	1.434407e+01	1.385456e+02
4.610000e-06	2.722246e-09	1.175415e-09	1.422360e+01	1.374227e+02
4.620000e-06	2.699010e-09	1.166250e-09	1.410219e+01	1.362898e+02
4.630000e-06	2.675630e-09	1.157128e-09	1.398003e+01	1.351472e+02
4.640000e-06	2.652138e-09	1.145406e-09	1.385729e+01	1.339948e+02
4.650000e-06	2.628558e-09	1.135458e-09	1.373409e+01	1.328328e+02
4.660000e-06	2.604890e-09	1.127336e-09	1.361042e+01	1.316613e+02
4.670000e-06	2.581125e-09	1.118046e-09	1.348625e+01	1.304802e+02
4.680000e-06	2.557250e-09	1.106691e-09	1.336150e+01	1.292898e+02
4.690000e-06	2.533230e-09	1.092778e-09	1.323600e+01	1.280901e+02
4.700000e-06	2.509026e-09	1.078937e-09	1.310954e+01	1.268812e+02
4.710000e-06	2.484626e-09	1.069832e-09	1.298205e+01	1.256631e+02
4.720000e-06	2.460019e-09	1.064505e-09	1.285348e+01	1.244360e+02
4.730000e-06	2.435197e-09	1.056446e-09	1.272378e+01	1.232000e+02
4.740000e-06	2.410194e-09	1.043461e-09	1.259314e+01	1.219551e+02
4.750000e-06	2.385014e-09	1.028013e-09	1.246158e+01	1.207014e+02
4.760000e-06	2.359664e-09	1.014139e-09	1.232913e+01	1.194391e+02
4.770000e-06	2.334177e-09	1.004198e-09	1.219596e+01	1.181681e+02
4.780000e-06	2.308552e-09	9.951925e-10	1.206207e+01	1.168887e+02
4.790000e-06	2.282782e-09	9.839583e-10	1.192742e+01	1.156009e+02
4.800000e-06	2.256906e-09	9.716525e-10	1.179222e+01	1.143047e+02
4.810000e-06	2.230886e-09	9.611696e-10	1.165627e+01	1.130003e+02
4.820000e-06	2.204665e-09	9.516448e-10	1.151927e+01	1.116878e+02
4.830000e-06	2.178263e-09	9.395250e-10	1.138132e+01	1.103673e+02
4.840000e-06	2.151657e-09	9.257596e-10	1.124230e+01	1.090388e+02
4.850000e-06	2.124844e-09	9.134944e-10	1.110220e+01	1.077025e+02
4.860000e-06	2.097861e-09	9.033180e-10	1.096122e+01	1.063585e+02
4.870000e-06	2.070733e-09	8.942197e-10	1.081948e+01	1.050068e+02
4.880000e-06	2.043475e-09	8.831948e-10	1.067706e+01	1.036475e+02
4.890000e-06	2.016113e-09	8.682009e-10	1.053409e+01	1.022808e+02
4.900000e-06	1.988670e-09	8.531167e-10	1.039071e+01	1.009067e+02
4.910000e-06	1.961166e-09	8.411562e-10	1.024700e+01	9.952541e+01
4.920000e-06	1.933612e-09	8.319916e-10	1.010303e+01	9.813694e+01
4.930000e-06	1.906007e-09	8.225496e-10	9.958790e+00	9.674141e+01
4.940000e-06	1.878340e-09	8.104381e-10	9.814235e+00	9.533892e+01
4.950000e-06	1.850619e-09	7.966990e-10	9.669393e+00	9.392958e+01
4.960000e-06	1.822834e-09	7.839858e-10	9.524215e+00	9.251349e+01
4.970000e-06	1.794960e-09	7.732200e-10	9.378575e+00	9.109074e+01
4.980000e-06	1.766982e-09	7.622781e-10	9.232394e+00	8.966145e+01
4.990000e-06	1.738870e-09	7.491612e-10	9.085511e+00	8.822571e+01
5.000000e-06	1.710617e-09	7.347098e-10	8.937890e+00	8.678363e+01
5.010000e-06	1.682198e-09	7.214327e-10	8.789399e+00	8.533530e+01
5.020000e-06	1.653587e-09	7.100872e-10	8.639911e+00	8.388085e+01
5.030000e-06	1.624790e-09	6.981921e-10	8.489446e+00	8.242036e+01
5.040000e-06	1.595810e-09	6.855145e-10	8.338026e+00	8.095395e+01
5.050000e-06	1.566642e-09	6.733813e-10	8.185628e+00	7.948172e+01
5.060000e-06	1.537264e-09	6.614307e-10	8.032130e+00	7.800378e+01
5.070000e-06	1.507678e-09	6.491780e-10	7.877544e+00	7.652023e+01
5.080000e-06	1.477917e-09	6.350644e-10	7.722043e+00	7.503118e+01
5.090000e-06	1.447987e-09	6.197433e-10	7.565657e+00	7.353674e+01
5.100000e-06	1.417867e-09	6.050863e-10	7.408284e+00	7.203701e+01
5.110000e-06	1.387585e-09	5.911988e-10	7.250063e+00	7.053211e+01
5.120000e-06	1.357141e-09	5.787882e-10	7.090994e+00	6.902214e+01
5.130000e-06	1.326535e-09	5.670192e-10	6.931077e+00	6.750720e+01
5.140000e-06	1.295795e-09	5.545669e-10	6.770466e+00	6.598742e+01
5.150000e-06	1.264914e-09	5.419526e-10	6.609110e+00	6.446289e+01
5.160000e-06	1.233915e-09	5.304559e-10	6.447146e+00	6.293374e+01
5.170000e-06	1.202828e-09	5.184573e-10	6.284719e+00	6.140006e+01
5.180000e-06	1.171649e-09	5.038895e-10	6.121810e+00	5.986197e+01
5.190000e-06	1.140402e-09	4.876836e-10	5.958545e+00	5.831958e+01
5.200000e-06	1.109106e-09	4.715983e-10	5.795022e+00	5.677299e+01
5.210000e-06	1.077752e-09	4.567469e-10	5.631202e+00	5.522234e+01
5.220000e-06	1.046351e-09	4.426450e-10	5.467131e+00	5.366771e+01
5.230000e-06	1.014914e-09	4.303001e-10	5.302875e+00	5.210923e+01
5.240000e-06	9.834512e-10	4.197433e-10	5.138482e+00	5.054701e+01
5.250000e-06	9.519536e-10	4.114410e-10	4.973909e+00	4.898115e+01
5.260000e-06	9.204140e-10	4.015682e-10	4.809116e+00	4.741178e+01
5.270000e-06	8.888484e-10	3.875425e-10	4.644187e+00	4.583901e+01
5.280000e-06	8.572574e-10	3.702794e-10	4.479125e+00	4.426294e+01
5.290000e-06	8.256216e-10	3.516436e-10	4.313830e+00	4.268370e+01
5.300000e-06	7.939437e-10	3.356640e-10	4.148315e+00	4.110139e+01
5.310000e-06	7.622296e-10	3.232507e-10	3.982610e+00	3.951613e+01
5.320000e-06	7.304864e-10	3.123416e-10	3.816753e+00	3.792804e+01
5.330000e-06	6.987219e-10	3.001191e-10	3.650785e+00	3.633722e+01
5.340000e-06	6.669296e-10	2.861258e-10	3.484672e+00	3.474380e+01
5.350000e-06	6.351113e-10	2.715713e-10	3.318423e+00	3.314789e+01
5.360000e-06	6.032660e-10	2.577119e-10	3.152032e+00	3.154960e+01
5.370000e-06	5.713929e-10	2.434540e-10	2.985497e+00	2.994904e+01
5.380000e-06	5.394951e-10	2.287328e-10	2.818833e+00	2.834634e+01
5.390000e-06	5.075504e-10	2.141137e-10	2.651923e+00	2.674161e+01
5.400000e-06	4.755641e-10	2.009444e-10	2.484796e+00	2.513496e+01
5.410000e-06	4.435607e-10	1.903186e-10	2.317580e+00	2.352651e+01
5.420000e-06	4.115365e-10	1.801623e-10	2.150255e+00	2.191637e+01
5.430000e-06	3.795018e-10	1.675565e-10	1.982875e+00	2.030467e+01
5.440000e-06	3.474637e-10	1.526325e-10	1.815477e+00	1.869151e+01
5.450000e-06	3.154062e-10	1.391774e-10	1.647978e+00	1.707702e+01
5.460000e-06	2.833118e-10	1.268014e-10	1.480287e+00	1.546130e+01
5.470000e-06	2.511781e-10	1.145707e-10	1.312389e+00	1.384449e+01
5.480000e-06	2.190262e-10	9.968120e-11	1.144398e+00	1.222668e+01
5.490000e-06	1.868792e-10	8.222027e-11	9.764310e-01	1.060800e+01
5.500000e-06	1.547317e-10	6.640837e-11	8.084619e-01	8.988571e+00
5.510000e-06	1.225753e-10	5.339754e-11	6.404461e-01	7.368501e+00
5.520000e-06	9.041675e-11	4.219282e-11	4.724193e-01	5.747909e+00
5.530000e-06	5.824021e-11	2.856228e-11	3.042984e-01	4.126912e+00
5.540000e-06	2.604513e-11	1.423534e-11	1.360806e-01	2.505627e+00
5.550000e-06	-6.146652e-12	2.116602e-12	-3.211984e-02	8.841710e-01
5.560000e-06	-3.833209e-11	-7.440487e-12	-2.002873e-01	-7.373401e-01
5.570000e-06	-7.051452e-11	-1.788200e-11	-3.684390e-01	-2.358789e+00
5.580000e-06	-1.026930e-10	-3.159707e-11	-5.365699e-01	-3.980060e+00
5.590000e-06	-1.348602e-10	-4.787253e-11	-7.046423e-01	-5.601035e+00
5.600000e-06	-1.670021e-10	-6.406537e-11	-8.725821e-01	-7.221597e+00
5.610000e-06	-1.991246e-10	-7.672130e-11	-1.040421e+00	-8.841631e+00
5.620000e-06	-2.312289e-10	-8.820343e-11	-1.208164e+00	-1.046102e+01
5.630000e-06	-2.632970e-10	-1.016745e-10	-1.375718e+00	-1.207965e+01
5.640000e-06	-2.953697e-10	-1.164701e-10	-1.543296e+00	-1.369739e+01
5.650000e-06	-3.274442e-10	-1.302610e-10	-1.710884e+00	-1.531415e+01
5.660000e-06	-3.594824e-10	-1.421720e-10	-1.878282e+00	-1.692979e+01
5.670000e-06	-3.914915e-10	-1.550708e-10	-2.045528e+00	-1.854420e+01
5.680000e-06	-4.234767e-10	-1.712025e-10	-2.212650e+00	-2.015727e+01
5.690000e-06	-4.554501e-10	-1.883880e-10	-2.379709e+00	-2.176888e+01
5.700000e-06	-4.873998e-10	-2.024905e-10	-2.546645e+00	-2.337892e+01
5.710000e-06	-5.193128e-10	-2.135112e-10	-2.713388e+00	-2.498726e+01
5.720000e-06	-5.511960e-10	-2.245872e-10	-2.879977e+00	-2.659379e+01
5.730000e-06	-5.830480e-10	-2.379101e-10	-3.046402e+00	-2.819840e+01
5.740000e-06	-6.148697e-10	-2.542554e-10	-3.212669e+00	-2.980098e+01
5.750000e-06	-6.466679e-10	-2.699144e-10	-3.378813e+00	-3.140139e+01
5.760000e-06	-6.784324e-10	-2.824425e-10	-3.544781e+00	-3.299954e+01
5.770000e-06	-7.101624e-10	-2.955102e-10	-3.710568e+00	-3.459530e+01
5.780000e-06	-7.418616e-10	-3.114034e-10	-3.876195e+00	-3.618857e+01
5.790000e-06	-7.735227e-10	-3.284256e-10	-4.041623e+00	-3.777922e+01
5.800000e-06	-8.051584e-10	-3.434533e-10	-4.206919e+00	-3.936714e+01
5.810000e-06	-8.367781e-10	-3.536957e-10	-4.372130e+00	-4.095222e+01
5.820000e-06	-8.683740e-10	-3.629466e-10	-4.537217e+00	-4.253434e+01
5.830000e-06	-8.999374e-10	-3.771967e-10	-4.702134e+00	-4.411339e+01
5.840000e-06	-9.314614e-10	-3.956040e-10	-4.866846e+00	-4.568925e+01
5.850000e-06	-9.629451e-10	-4.124660e-10	-5.031347e+00	-4.726182e+01
5.860000e-06	-9.944075e-10	-4.249807e-10	-5.195736e+00	-4.883098e+01
5.870000e-06	-1.025838e-09	-4.351712e-10	-5.359959e+00	-5.039661e+01
5.880000e-06	-1.057198e-09	-4.474837e-10	-5.523812e+00	-5.195860e+01
5.890000e-06	-1.088492e-09	-4.628242e-10	-5.687322e+00	-5.351685e+01
5.900000e-06	-1.119740e-09	-4.767501e-10	-5.850594e+00	-5.507123e+01
5.910000e-06	-1.150917e-09	-4.874522e-10	-6.013489e+00	-5.662164e+01
5.920000e-06	-1.181982e-09	-4.996202e-10	-6.175803e+00	-5.816796e+01
5.930000e-06	-1.212965e-09	-5.154746e-10	-6.337688e+00	-5.971009e+01
5.940000e-06	-1.243876e-09	-5.322526e-10	-6.499195e+00	-6.124791e+01
5.950000e-06	-1.274648e-09	-5.465773e-10	-6.659979e+00	-6.278131e+01
5.960000e-06	-1.305266e-09	-5.571179e-10	-6.819957e+00	-6.431019e+01
5.970000e-06	-1.335773e-09	-5.665848e-10	-6.979356e+00	-6.583442e+01
5.980000e-06	-1.366147e-09	-5.792102e-10	-7.138059e+00	-6.735391e+01
5.990000e-06	-1.396350e-09	-5.948918e-10	-7.295866e+00	-6.886854e+01
6.000000e-06	-1.426401e-09	-6.094214e-10	-7.452883e+00	-7.037820e+01
6.010000e-06	-1.456264e-09	-6.213819e-10	-7.608911e+00	-7.188278e+01
6.020000e-06	-1.485923e-09	-6.329354e-10	-7.763878e+00	-7.338219e+01
6.030000e-06	-1.515373e-09	-6.454352e-10	-7.917757e+00	-7.487630e+01
6.040000e-06	-1.544605e-09	-6.590130e-10	-8.070488e+00	-7.636501e+01
6.050000e-06	-1.573648e-09	-6.718873e-10	-8.222239e+00	-7.784821e+01
6.060000e-06	-1.602502e-09	-6.830492e-10	-8.373000e+00	-7.932580e+01
6.070000e-06	-1.631176e-09	-6.943407e-10	-8.522821e+00	-8.079768e+01
6.080000e-06	-1.659689e-09	-7.069831e-10	-8.671798e+00	-8.226372e+01
6.090000e-06	-1.688030e-09	-7.197779e-10	-8.819878e+00	-8.372384e+01
6.100000e-06	-1.716194e-09	-7.306025e-10	-8.967035e+00	-8.517792e+01
6.110000e-06	-1.744222e-09	-7.401254e-10	-9.113479e+00	-8.662585e+01
6.120000e-06	-1.772149e-09	-7.508816e-10	-9.259394e+00	-8.806755e+01
6.130000e-06	-1.799976e-09	-7.646257e-10	-9.404790e+00	-8.950289e+01
6.140000e-06	-1.827719e-09	-7.804590e-10	-9.549747e+00	-9.093178e+01
6.150000e-06	-1.855393e-09	-7.957772e-10	-9.694345e+00	-9.235412e+01
6.160000e-06	-1.883015e-09	-8.086916e-10	-9.838664e+00	-9.376979e+01
6.170000e-06	-1.910595e-09	-8.201159e-10	-9.982771e+00	-9.517871e+01
6.180000e-06	-1.938132e-09	-8.305268e-10	-1.012665e+01	-9.658077e+01
6.190000e-06	-1.965615e-09	-8.412877e-10	-1.027025e+01	-9.797587e+01
6.200000e-06	-1.993020e-09	-8.531823e-10	-1.041344e+01	-9.936390e+01
6.210000e-06	-2.020331e-09	-8.656124e-10	-1.055613e+01	-1.007448e+02
6.220000e-06	-2.047527e-09	-8.787459e-10	-1.069823e+01	-1.021184e+02
6.230000e-06	-2.074599e-09	-8.919161e-10	-1.083968e+01	-1.034846e+02
6.240000e-06	-2.101523e-09	-9.045836e-10	-1.098036e+01	-1.048434e+02
6.250000e-06	-2.128242e-09	-9.162014e-10	-1.111997e+01	-1.061947e+02
6.260000e-06	-2.154777e-09	-9.259755e-10	-1.125861e+01	-1.075382e+02
6.270000e-06	-2.181135e-09	-9.348555e-10	-1.139633e+01	-1.088741e+02
6.280000e-06	-2.207305e-09	-9.454194e-10	-1.153307e+01	-1.102020e+02
6.290000e-06	-2.233316e-09	-9.567502e-10	-1.166897e+01	-1.115221e+02
6.300000e-06	-2.259174e-09	-9.683040e-10	-1.180408e+01	-1.128341e+02
6.310000e-06	-2.284897e-09	-9.792997e-10	-1.193848e+01	-1.141380e+02
6.320000e-06	-2.310464e-09	-9.902192e-10	-1.207207e+01	-1.154336e+02
6.330000e-06	-2.335864e-09	-1.003666e-09	-1.220478e+01	-1.167209e+02
6.340000e-06	-2.361104e-09	-1.017396e-09	-1.233666e+01	-1.179998e+02
6.350000e-06	-2.386183e-09	-1.029385e-09	-1.246769e+01	-1.192702e+02
6.360000e-06	-2.411103e-09	-1.039227e-09	-1.259790e+01	-1.205321e+02
6.370000e-06	-2.435853e-09	-1.047495e-09	-1.272722e+01	-1.217852e+02
6.380000e-06	-2.460391e-09	-1.055020e-09	-1.285543e+01	-1.230295e+02
6.390000e-06	-2.484708e-09	-1.063845e-09	-1.298249e+01	-1.242650e+02
6.400000e-06	-2.508835e-09	-1.075330e-09	-1.310855e+01	-1.254915e+02
6.410000e-06	-2.532806e-09	-1.088588e-09	-1.323379e+01	-1.267090e+02
6.420000e-06	-2.556652e-09	-1.103698e-09	-1.335838e+01	-1.279174e+02
6.430000e-06	-2.580383e-09	-1.118877e-09	-1.348238e+01	-1.291165e+02
6.440000e-06	-2.604018e-09	-1.130699e-09	-1.360588e+01	-1.303064e+02
6.450000e-06	-2.627564e-09	-1.137836e-09	-1.372890e+01	-1.314868e+02
6.460000e-06	-2.651017e-09	-1.143012e-09	-1.385144e+01	-1.326578e+02
6.470000e-06	-2.674374e-09	-1.149572e-09	-1.397348e+01	-1.338192e+02
6.480000e-06	-2.697600e-09	-1.158878e-09	-1.409483e+01	-1.349710e+02
6.490000e-06	-2.720643e-09	-1.170610e-09	-1.421523e+01	-1.361130e+02
6.500000e-06	-2.743454e-09	-1.182391e-09	-1.433442e+01	-1.372452e+02
6.510000e-06	-2.765997e-09	-1.192545e-09	-1.445220e+01	-1.383676e+02
6.520000e-06	-2.788256e-09	-1.202630e-09	-1.456851e+01	-1.394799e+02
6.530000e-06	-2.810201e-09	-1.213562e-09	-1.468317e+01	-1.405823e+02
6.540000e-06	-2.831803e-09	-1.223771e-09	-1.479604e+01	-1.416745e+02
6.550000e-06	-2.853053e-09	-1.231942e-09	-1.490707e+01	-1.427565e+02
6.560000e-06	-2.873938e-09	-1.237465e-09	-1.501619e+01	-1.438282e+02
6.570000e-06	-2.894498e-09	-1.242984e-09	-1.512362e+01	-1.448895e+02
6.580000e-06	-2.914783e-09	-1.251162e-09	-1.522960e+01	-1.459404e+02
6.590000e-06	-2.934831e-09	-1.260984e-09	-1.533435e+01	-1.469808e+02
6.600000e-06	-2.954706e-09	-1.271176e-09	-1.543820e+01	-1.480106e+02
6.610000e-06	-2.974447e-09	-1.280194e-09	-1.554135e+01	-1.490297e+02
6.620000e-06	-2.994091e-09	-1.289101e-09	-1.564398e+01	-1.500381e+02
6.630000e-06	-3.013640e-09	-1.299065e-09	-1.574613e+01	-1.510357e+02
6.640000e-06	-3.033080e-09	-1.309385e-09	-1.584770e+01	-1.520223e+02
6.650000e-06	-3.052383e-09	-1.317155e-09	-1.594856e+01	-1.529981e+02
6.660000e-06	-3.071531e-09	-1.321814e-09	-1.604860e+01	-1.539628e+02
6.670000e-06	-3.090500e-09	-1.326529e-09	-1.614772e+01	-1.549164e+02
6.680000e-06	-3.109225e-09	-1.334114e-09	-1.624555e+01	-1.558589e+02
6.690000e-06	-3.127666e-09	-1.344200e-09	-1.634191e+01	-1.567901e+02
6.700000e-06	-3.145864e-09	-1.353745e-09	-1.643699e+01	-1.577101e+02
6.710000e-06	-3.163853e-09	-1.362643e-09	-1.653098e+01	-1.586187e+02
6.720000e-06	-3.181639e-09	-1.371258e-09	-1.662391e+01	-1.595158e+02
6.730000e-06	-3.199263e-09	-1.378574e-09	-1.671600e+01	-1.604015e+02
6.740000e-06	-3.216712e-09	-1.384902e-09	-1.680717e+01	-1.612756e+02
6.750000e-06	-3.233945e-09	-1.390230e-09	-1.689721e+01	-1.621380e+02
6.760000e-06	-3.250946e-09	-1.394811e-09	-1.698604e+01	-1.629888e+02
6.770000e-06	-3.267712e-09	-1.399615e-09	-1.707364e+01	-1.638279e+02
6.780000e-06	-3.284220e-09	-1.405915e-09	-1.715990e+01	-1.646551e+02
6.790000e-06	-3.300467e-09	-1.414222e-09	-1.724479e+01	-1.654705e+02
6.800000e-06	-3.316515e-09	-1.422630e-09	-1.732863e+01	-1.662740e+02
6.810000e-06	-3.332383e-09	-1.429859e-09	-1.741154e+01	-1.670655e+02
6.820000e-06	-3.348096e-09	-1.436943e-09	-1.749364e+01	-1.678449e+02
6.830000e-06	-3.363677e-09	-1.444920e-09	-1.757505e+01	-1.686123e+02
6.840000e-06	-3.379100e-09	-1.452552e-09	-1.765564e+01	-1.693675e+02
6.850000e-06	-3.394334e-09	-1.457529e-09	-1.773524e+01	-1.701105e+02
6.860000e-06	-3.409307e-09	-1.459460e-09	-1.781347e+01	-1.708413e+02
6.870000e-06	-3.423934e-09	-1.462036e-09	-1.788989e+01	-1.715597e+02
6.880000e-06	-3.438160e-09	-1.467742e-09	-1.796422e+01	-1.722658e+02
6.890000e-06	-3.451955e-09	-1.476150e-09	-1.803630e+01	-1.729595e+02
6.900000e-06	-3.465317e-09	-1.485438e-09	-1.810611e+01	-1.736407e+02
6.910000e-06	-3.478286e-09	-1.493787e-09	-1.817388e+01	-1.743094e+02
6.920000e-06	-3.490890e-09	-1.499305e-09	-1.823973e+01	-1.749656e+02
6.930000e-06	-3.503145e-09	-1.502214e-09	-1.830376e+01	-1.756091e+02
6.940000e-06	-3.515125e-09	-1.502754e-09	-1.836636e+01	-1.762400e+02
6.950000e-06	-3.526904e-09	-1.503322e-09	-1.842791e+01	-1.768582e+02
6.960000e-06	-3.538507e-09	-1.507376e-09	-1.848853e+01	-1.774637e+02
6.970000e-06	-3.549910e-09	-1.514793e-09	-1.854811e+01	-1.780563e+02
6.980000e-06	-3.561083e-09	-1.524823e-09	-1.860649e+01	-1.786362e+02
6.990000e-06	-3.571986e-09	-1.533713e-09	-1.866346e+01	-1.792032e+02
7.000000e-06	-3.582596e-09	-1.536925e-09	-1.871890e+01	-1.797572e+02
7.010000e-06	-3.592939e-09	-1.534517e-09	-1.877293e+01	-1.802983e+02
7.020000e-06	-3.603020e-09	-1.532532e-09	-1.882561e+01	-1.808265e+02
7.030000e-06	-3.612877e-09	-1.534945e-09	-1.887711e+01	-1.813416e+02
7.040000e-06	-3.622531e-09	-1.541354e-09	-1.892755e+01	-1.818436e+02
7.050000e-06	-3.631973e-09	-1.548179e-09	-1.897688e+01	-1.823325e+02
7.060000e-06	-3.641182e-09	-1.552675e-09	-1.902500e+01	-1.828083e+02
7.070000e-06	-3.650114e-09	-1.556170e-09	-1.907167e+01	-1.832710e+02
7.080000e-06	-3.658763e-09	-1.559219e-09	-1.911686e+01	-1.837204e+02
7.090000e-06	-3.667143e-09	-1.561890e-09	-1.916065e+01	-1.841566e+02
7.100000e-06	-3.675281e-09	-1.565862e-09	-1.920317e+01	-1.845795e+02
7.110000e-06	-3.683208e-09	-1.570274e-09	-1.924458e+01	-1.849891e+02
7.120000e-06	-3.690954e-09	-1.573461e-09	-1.928506e+01	-1.853854e+02
7.130000e-06	-3.698562e-09	-1.575731e-09	-1.932481e+01	-1.857684e+02
7.140000e-06	-3.706027e-09	-1.577623e-09	-1.936381e+01	-1.861379e+02
7.150000e-06	-3.713297e-09	-1.580641e-09	-1.940180e+01	-1.864941e+02
7.160000e-06	-3.720335e-09	-1.586196e-09	-1.943857e+01	-1.868368e+02
7.170000e-06	-3.727086e-09	-1.592739e-09	-1.947385e+01	-1.871661e+02
7.180000e-06	-3.733489e-09	-1.596782e-09	-1.950730e+01	-1.874819e+02
7.190000e-06	-3.739511e-09	-1.596786e-09	-1.953877e+01	-1.877841e+02
7.200000e-06	-3.745106e-09	-1.594679e-09	-1.956800e+01	-1.880729e+02
7.210000e-06	-3.750234e-09	-1.592862e-09	-1.959479e+01	-1.883481e+02
7.220000e-06	-3.754922e-09	-1.592726e-09	-1.961929e+01	-1.886097e+02
7.230000e-06	-3.759270e-09	-1.595040e-09	-1.964201e+01	-1.888577e+02
7.240000e-06	-3.763353e-09	-1.598856e-09	-1.966334e+01	-1.890922e+02
7.250000e-06	-3.767220e-09	-1.602518e-09	-1.968354e+01	-1.893130e+02
7.260000e-06	-3.770922e-09	-1.604273e-09	-1.970289e+01	-1.895202e+02
7.270000e-06	-3.774491e-09	-1.603067e-09	-1.972154e+01	-1.897137e+02
7.280000e-06	-3.777898e-09	-1.600296e-09	-1.973934e+01	-1.898935e+02
7.290000e-06	-3.781100e-09	-1.599356e-09	-1.975607e+01	-1.900597e+02
7.300000e-06	-3.784071e-09	-1.601484e-09	-1.977159e+01	-1.902122e+02
7.310000e-06	-3.786779e-09	-1.605238e-09	-1.978574e+01	-1.903510e+02
7.320000e-06	-3.789189e-09	-1.608336e-09	-1.979833e+01	-1.904760e+02
7.330000e-06	-3.791316e-09	-1.610213e-09	-1.980945e+01	-1.905874e+02
7.340000e-06	-3.793210e-09	-1.611280e-09	-1.981934e+01	-1.906850e+02
7.350000e-06	-3.794903e-09	-1.611367e-09	-1.982818e+01	-1.907689e+02
7.360000e-06	-3.796405e-09	-1.610089e-09	-1.983604e+01	-1.908390e+02
7.370000e-06	-3.797670e-09	-1.608653e-09	-1.984264e+01	-1.908954e+02
7.380000e-06	-3.798559e-09	-1.608910e-09	-1.984729e+01	-1.909380e+02
7.390000e-06	-3.799136e-09	-1.611493e-09	-1.985030e+01	-1.909669e+02
7.400000e-06	-3.799488e-09	-1.614205e-09	-1.985214e+01	-1.909821e+02
