# Temperatura_=_20.0
# Concentracion g/m^3_=_10000.0
# C_Vs_to_Am_M_A/Vsm_=_116720831517.84952
# pendiente_HvsI_1/m_=_3716.3
# ordenada_HvsI_A/m_=_1297.0
# frecuencia_Hz_=_135522.5952977568
# Promedio de 22 ciclos

Tiempo_(s)	Campo_(V.s)	Magnetizacion_(V.s)	Campo_(kA/m)	Magnetizacion_(A/m)
0.000000e+00	-9.733512e-09	-4.307602e-09	-4.961052e+01	-5.123664e+02
1.000000e-08	-9.733492e-09	-4.310244e-09	-4.961041e+01	-5.123157e+02
2.000000e-08	-9.732981e-09	-4.309298e-09	-4.960781e+01	-5.122278e+02
3.000000e-08	-9.731925e-09	-4.304646e-09	-4.960243e+01	-5.121027e+02
4.000000e-08	-9.730102e-09	-4.300409e-09	-4.959314e+01	-5.119406e+02
5.000000e-08	-9.727362e-09	-4.298811e-09	-4.957917e+01	-5.117413e+02
6.000000e-08	-9.723754e-09	-4.299296e-09	-4.956079e+01	-5.115048e+02
7.000000e-08	-9.719526e-09	-4.301593e-09	-4.953924e+01	-5.112313e+02
8.000000e-08	-9.714800e-09	-4.305080e-09	-4.951515e+01	-5.109207e+02
9.000000e-08	-9.709373e-09	-4.301028e-09	-4.948749e+01	-5.105731e+02
1.000000e-07	-9.702937e-09	-4.278487e-09	-4.945469e+01	-5.101884e+02
1.100000e-07	-9.695401e-09	-4.256499e-09	-4.941627e+01	-5.097667e+02
1.200000e-07	-9.687091e-09	-4.263688e-09	-4.937392e+01	-5.093081e+02
1.300000e-07	-9.678489e-09	-4.291547e-09	-4.933008e+01	-5.088125e+02
1.400000e-07	-9.669613e-09	-4.290000e-09	-4.928484e+01	-5.082800e+02
1.500000e-07	-9.659849e-09	-4.268975e-09	-4.923507e+01	-5.077106e+02
1.600000e-07	-9.648866e-09	-4.274717e-09	-4.917909e+01	-5.071045e+02
1.700000e-07	-9.637114e-09	-4.292846e-09	-4.911920e+01	-5.064615e+02
1.800000e-07	-9.624878e-09	-4.272576e-09	-4.905683e+01	-5.057818e+02
1.900000e-07	-9.611877e-09	-4.262724e-09	-4.899056e+01	-5.050655e+02
2.000000e-07	-9.598073e-09	-4.302124e-09	-4.892021e+01	-5.043125e+02
2.100000e-07	-9.583717e-09	-4.314889e-09	-4.884703e+01	-5.035229e+02
2.200000e-07	-9.568565e-09	-4.271609e-09	-4.876981e+01	-5.026968e+02
2.300000e-07	-9.552215e-09	-4.259495e-09	-4.868648e+01	-5.018343e+02
2.400000e-07	-9.534944e-09	-4.279992e-09	-4.859845e+01	-5.009353e+02
2.500000e-07	-9.517129e-09	-4.254464e-09	-4.850764e+01	-5.000001e+02
2.600000e-07	-9.498690e-09	-4.213710e-09	-4.841367e+01	-4.990285e+02
2.700000e-07	-9.479563e-09	-4.222629e-09	-4.831618e+01	-4.980208e+02
2.800000e-07	-9.459852e-09	-4.226772e-09	-4.821572e+01	-4.969769e+02
2.900000e-07	-9.439587e-09	-4.191488e-09	-4.811243e+01	-4.958971e+02
3.000000e-07	-9.418811e-09	-4.180824e-09	-4.800654e+01	-4.947812e+02
3.100000e-07	-9.397562e-09	-4.173233e-09	-4.789823e+01	-4.936295e+02
3.200000e-07	-9.375666e-09	-4.136905e-09	-4.778663e+01	-4.924419e+02
3.300000e-07	-9.352989e-09	-4.130557e-09	-4.767105e+01	-4.912187e+02
3.400000e-07	-9.329727e-09	-4.161051e-09	-4.755249e+01	-4.899598e+02
3.500000e-07	-9.306015e-09	-4.138159e-09	-4.743163e+01	-4.886654e+02
3.600000e-07	-9.281744e-09	-4.100380e-09	-4.730792e+01	-4.873355e+02
3.700000e-07	-9.256893e-09	-4.102234e-09	-4.718126e+01	-4.859703e+02
3.800000e-07	-9.231361e-09	-4.096114e-09	-4.705113e+01	-4.845699e+02
3.900000e-07	-9.204848e-09	-4.070188e-09	-4.691599e+01	-4.831343e+02
4.000000e-07	-9.177295e-09	-4.066769e-09	-4.677556e+01	-4.816637e+02
4.100000e-07	-9.149007e-09	-4.059910e-09	-4.663138e+01	-4.801581e+02
4.200000e-07	-9.120180e-09	-4.045578e-09	-4.648445e+01	-4.786177e+02
4.300000e-07	-9.090776e-09	-4.047979e-09	-4.633459e+01	-4.770426e+02
4.400000e-07	-9.060767e-09	-4.035430e-09	-4.618163e+01	-4.754329e+02
4.500000e-07	-9.030151e-09	-4.001494e-09	-4.602559e+01	-4.737887e+02
4.600000e-07	-8.998899e-09	-3.987798e-09	-4.586630e+01	-4.721102e+02
4.700000e-07	-8.967098e-09	-3.982625e-09	-4.570421e+01	-4.703974e+02
4.800000e-07	-8.934863e-09	-3.974182e-09	-4.553991e+01	-4.686505e+02
4.900000e-07	-8.902171e-09	-3.976011e-09	-4.537329e+01	-4.668697e+02
5.000000e-07	-8.868880e-09	-3.962944e-09	-4.520361e+01	-4.650549e+02
5.100000e-07	-8.834739e-09	-3.934638e-09	-4.502960e+01	-4.632064e+02
5.200000e-07	-8.799630e-09	-3.920106e-09	-4.485065e+01	-4.613244e+02
5.300000e-07	-8.763722e-09	-3.908042e-09	-4.466764e+01	-4.594088e+02
5.400000e-07	-8.727250e-09	-3.886660e-09	-4.448174e+01	-4.574600e+02
5.500000e-07	-8.690284e-09	-3.878858e-09	-4.429333e+01	-4.554780e+02
5.600000e-07	-8.652723e-09	-3.870278e-09	-4.410189e+01	-4.534629e+02
5.700000e-07	-8.614490e-09	-3.853328e-09	-4.390702e+01	-4.514150e+02
5.800000e-07	-8.575618e-09	-3.846328e-09	-4.370889e+01	-4.493343e+02
5.900000e-07	-8.536204e-09	-3.836931e-09	-4.350800e+01	-4.472210e+02
6.000000e-07	-8.496300e-09	-3.808489e-09	-4.330462e+01	-4.450753e+02
6.100000e-07	-8.455939e-09	-3.782251e-09	-4.309890e+01	-4.428973e+02
6.200000e-07	-8.415108e-09	-3.766604e-09	-4.289079e+01	-4.406872e+02
6.300000e-07	-8.373644e-09	-3.754981e-09	-4.267946e+01	-4.384451e+02
6.400000e-07	-8.331367e-09	-3.745699e-09	-4.246398e+01	-4.361713e+02
6.500000e-07	-8.288252e-09	-3.732549e-09	-4.224423e+01	-4.338658e+02
6.600000e-07	-8.244406e-09	-3.708494e-09	-4.202075e+01	-4.315288e+02
6.700000e-07	-8.199965e-09	-3.686065e-09	-4.179424e+01	-4.291605e+02
6.800000e-07	-8.155003e-09	-3.666226e-09	-4.156507e+01	-4.267611e+02
6.900000e-07	-8.109494e-09	-3.643535e-09	-4.133312e+01	-4.243308e+02
7.000000e-07	-8.063385e-09	-3.619890e-09	-4.109811e+01	-4.218696e+02
7.100000e-07	-8.016656e-09	-3.600943e-09	-4.085993e+01	-4.193779e+02
7.200000e-07	-7.969346e-09	-3.587325e-09	-4.061880e+01	-4.168558e+02
7.300000e-07	-7.921534e-09	-3.576545e-09	-4.037511e+01	-4.143034e+02
7.400000e-07	-7.873234e-09	-3.558792e-09	-4.012893e+01	-4.117210e+02
7.500000e-07	-7.824413e-09	-3.532229e-09	-3.988010e+01	-4.091087e+02
7.600000e-07	-7.774932e-09	-3.507265e-09	-3.962790e+01	-4.064668e+02
7.700000e-07	-7.724649e-09	-3.487972e-09	-3.937161e+01	-4.037953e+02
7.800000e-07	-7.673543e-09	-3.469901e-09	-3.911113e+01	-4.010946e+02
7.900000e-07	-7.621669e-09	-3.449325e-09	-3.884674e+01	-3.983648e+02
8.000000e-07	-7.569139e-09	-3.424319e-09	-3.857900e+01	-3.956061e+02
8.100000e-07	-7.516034e-09	-3.397059e-09	-3.830833e+01	-3.928187e+02
8.200000e-07	-7.462361e-09	-3.372538e-09	-3.803477e+01	-3.900028e+02
8.300000e-07	-7.408126e-09	-3.350196e-09	-3.775834e+01	-3.871586e+02
8.400000e-07	-7.353354e-09	-3.328680e-09	-3.747917e+01	-3.842864e+02
8.500000e-07	-7.298068e-09	-3.307737e-09	-3.719738e+01	-3.813862e+02
8.600000e-07	-7.242328e-09	-3.287489e-09	-3.691329e+01	-3.784585e+02
8.700000e-07	-7.186181e-09	-3.265765e-09	-3.662711e+01	-3.755032e+02
8.800000e-07	-7.129643e-09	-3.240092e-09	-3.633894e+01	-3.725207e+02
8.900000e-07	-7.072662e-09	-3.209030e-09	-3.604852e+01	-3.695113e+02
9.000000e-07	-7.015160e-09	-3.177832e-09	-3.575544e+01	-3.664750e+02
9.100000e-07	-6.957055e-09	-3.151102e-09	-3.545928e+01	-3.634121e+02
9.200000e-07	-6.898253e-09	-3.129836e-09	-3.515958e+01	-3.603229e+02
9.300000e-07	-6.838790e-09	-3.109840e-09	-3.485650e+01	-3.572075e+02
9.400000e-07	-6.778769e-09	-3.087116e-09	-3.455059e+01	-3.540662e+02
9.500000e-07	-6.718265e-09	-3.060000e-09	-3.424220e+01	-3.508993e+02
9.600000e-07	-6.657350e-09	-3.032395e-09	-3.393172e+01	-3.477069e+02
9.700000e-07	-6.596036e-09	-3.005005e-09	-3.361922e+01	-3.444892e+02
9.800000e-07	-6.534276e-09	-2.975935e-09	-3.330443e+01	-3.412466e+02
9.900000e-07	-6.472058e-09	-2.944377e-09	-3.298731e+01	-3.379793e+02
1.000000e-06	-6.409418e-09	-2.913852e-09	-3.266805e+01	-3.346874e+02
1.010000e-06	-6.346377e-09	-2.888089e-09	-3.234673e+01	-3.313712e+02
1.020000e-06	-6.282946e-09	-2.866682e-09	-3.202344e+01	-3.280310e+02
1.030000e-06	-6.219136e-09	-2.844063e-09	-3.169820e+01	-3.246671e+02
1.040000e-06	-6.154932e-09	-2.816711e-09	-3.137096e+01	-3.212795e+02
1.050000e-06	-6.090328e-09	-2.785497e-09	-3.104168e+01	-3.178687e+02
1.060000e-06	-6.025296e-09	-2.754039e-09	-3.071023e+01	-3.144348e+02
1.070000e-06	-5.959774e-09	-2.724290e-09	-3.037627e+01	-3.109781e+02
1.080000e-06	-5.893715e-09	-2.694357e-09	-3.003957e+01	-3.074989e+02
1.090000e-06	-5.827103e-09	-2.663363e-09	-2.970006e+01	-3.039973e+02
1.100000e-06	-5.759962e-09	-2.633326e-09	-2.935785e+01	-3.004737e+02
1.110000e-06	-5.692348e-09	-2.605836e-09	-2.901323e+01	-2.969283e+02
1.120000e-06	-5.624322e-09	-2.578764e-09	-2.866651e+01	-2.933614e+02
1.130000e-06	-5.555934e-09	-2.549302e-09	-2.831794e+01	-2.897731e+02
1.140000e-06	-5.487233e-09	-2.517251e-09	-2.796778e+01	-2.861639e+02
1.150000e-06	-5.418247e-09	-2.484072e-09	-2.761617e+01	-2.825339e+02
1.160000e-06	-5.348966e-09	-2.452166e-09	-2.726305e+01	-2.788834e+02
1.170000e-06	-5.279373e-09	-2.423068e-09	-2.690835e+01	-2.752127e+02
1.180000e-06	-5.209437e-09	-2.395566e-09	-2.655189e+01	-2.715220e+02
1.190000e-06	-5.139112e-09	-2.367398e-09	-2.619346e+01	-2.678116e+02
1.200000e-06	-5.068385e-09	-2.336125e-09	-2.583297e+01	-2.640818e+02
1.210000e-06	-4.997282e-09	-2.303528e-09	-2.547056e+01	-2.603329e+02
1.220000e-06	-4.925823e-09	-2.271860e-09	-2.510635e+01	-2.565650e+02
1.230000e-06	-4.854017e-09	-2.242998e-09	-2.474036e+01	-2.527786e+02
1.240000e-06	-4.781881e-09	-2.215290e-09	-2.437270e+01	-2.489738e+02
1.250000e-06	-4.709433e-09	-2.186445e-09	-2.400343e+01	-2.451510e+02
1.260000e-06	-4.636679e-09	-2.155432e-09	-2.363261e+01	-2.413103e+02
1.270000e-06	-4.563611e-09	-2.122889e-09	-2.326020e+01	-2.374522e+02
1.280000e-06	-4.490195e-09	-2.089779e-09	-2.288601e+01	-2.335768e+02
1.290000e-06	-4.416426e-09	-2.056052e-09	-2.251002e+01	-2.296845e+02
1.300000e-06	-4.342311e-09	-2.021274e-09	-2.213226e+01	-2.257756e+02
1.310000e-06	-4.267805e-09	-1.987102e-09	-2.175251e+01	-2.218502e+02
1.320000e-06	-4.192898e-09	-1.956299e-09	-2.137072e+01	-2.179088e+02
1.330000e-06	-4.117608e-09	-1.929782e-09	-2.098698e+01	-2.139515e+02
1.340000e-06	-4.041925e-09	-1.904222e-09	-2.060124e+01	-2.099788e+02
1.350000e-06	-3.965832e-09	-1.875243e-09	-2.021340e+01	-2.059908e+02
1.360000e-06	-3.889352e-09	-1.841422e-09	-1.982359e+01	-2.019878e+02
1.370000e-06	-3.812557e-09	-1.805339e-09	-1.943217e+01	-1.979702e+02
1.380000e-06	-3.735503e-09	-1.769698e-09	-1.903944e+01	-1.939383e+02
1.390000e-06	-3.658189e-09	-1.734961e-09	-1.864538e+01	-1.898922e+02
1.400000e-06	-3.580620e-09	-1.701364e-09	-1.825002e+01	-1.858324e+02
1.410000e-06	-3.502823e-09	-1.669798e-09	-1.785350e+01	-1.817591e+02
1.420000e-06	-3.424777e-09	-1.640120e-09	-1.745571e+01	-1.776727e+02
1.430000e-06	-3.346452e-09	-1.610926e-09	-1.705650e+01	-1.735733e+02
1.440000e-06	-3.267843e-09	-1.580010e-09	-1.665583e+01	-1.694613e+02
1.450000e-06	-3.188970e-09	-1.545210e-09	-1.625383e+01	-1.653371e+02
1.460000e-06	-3.109822e-09	-1.508006e-09	-1.585042e+01	-1.612009e+02
1.470000e-06	-3.030373e-09	-1.472419e-09	-1.544548e+01	-1.570529e+02
1.480000e-06	-2.950643e-09	-1.439367e-09	-1.503911e+01	-1.528936e+02
1.490000e-06	-2.870652e-09	-1.406987e-09	-1.463140e+01	-1.487231e+02
1.500000e-06	-2.790387e-09	-1.373902e-09	-1.422231e+01	-1.445419e+02
1.510000e-06	-2.709866e-09	-1.340078e-09	-1.381190e+01	-1.403502e+02
1.520000e-06	-2.629112e-09	-1.306416e-09	-1.340031e+01	-1.361483e+02
1.530000e-06	-2.548148e-09	-1.271913e-09	-1.298765e+01	-1.319365e+02
1.540000e-06	-2.467030e-09	-1.234615e-09	-1.257420e+01	-1.277152e+02
1.550000e-06	-2.385765e-09	-1.193783e-09	-1.216000e+01	-1.234846e+02
1.560000e-06	-2.304344e-09	-1.153477e-09	-1.174501e+01	-1.192450e+02
1.570000e-06	-2.222787e-09	-1.117684e-09	-1.132932e+01	-1.149968e+02
1.580000e-06	-2.141112e-09	-1.085166e-09	-1.091303e+01	-1.107402e+02
1.590000e-06	-2.059312e-09	-1.053045e-09	-1.049611e+01	-1.064756e+02
1.600000e-06	-1.977381e-09	-1.019916e-09	-1.007852e+01	-1.022033e+02
1.610000e-06	-1.895304e-09	-9.846769e-10	-9.660180e+00	-9.792350e+01
1.620000e-06	-1.813081e-09	-9.467658e-10	-9.241096e+00	-9.363663e+01
1.630000e-06	-1.730719e-09	-9.068811e-10	-8.821305e+00	-8.934297e+01
1.640000e-06	-1.648232e-09	-8.673349e-10	-8.400884e+00	-8.504283e+01
1.650000e-06	-1.565642e-09	-8.296496e-10	-7.979927e+00	-8.073651e+01
1.660000e-06	-1.482944e-09	-7.940668e-10	-7.558430e+00	-7.642433e+01
1.670000e-06	-1.400173e-09	-7.592288e-10	-7.136552e+00	-7.210660e+01
1.680000e-06	-1.317351e-09	-7.237365e-10	-6.714421e+00	-6.778363e+01
1.690000e-06	-1.234490e-09	-6.866948e-10	-6.292087e+00	-6.345575e+01
1.700000e-06	-1.151590e-09	-6.491272e-10	-5.869560e+00	-5.912325e+01
1.710000e-06	-1.068611e-09	-6.120123e-10	-5.446626e+00	-5.478646e+01
1.720000e-06	-9.855575e-10	-5.738333e-10	-5.023310e+00	-5.044570e+01
1.730000e-06	-9.024480e-10	-5.341681e-10	-4.599711e+00	-4.610126e+01
1.740000e-06	-8.192824e-10	-4.930515e-10	-4.175826e+00	-4.175348e+01
1.750000e-06	-7.360615e-10	-4.516145e-10	-3.751659e+00	-3.740266e+01
1.760000e-06	-6.527898e-10	-4.117803e-10	-3.327233e+00	-3.304913e+01
1.770000e-06	-5.694882e-10	-3.744926e-10	-2.902655e+00	-2.869319e+01
1.780000e-06	-4.861543e-10	-3.390091e-10	-2.477912e+00	-2.433516e+01
1.790000e-06	-4.027884e-10	-3.032244e-10	-2.053006e+00	-1.997536e+01
1.800000e-06	-3.193980e-10	-2.657993e-10	-1.627976e+00	-1.561411e+01
1.810000e-06	-2.360112e-10	-2.265398e-10	-1.202963e+00	-1.125171e+01
1.820000e-06	-1.526318e-10	-1.850871e-10	-7.779888e-01	-6.888496e+00
1.830000e-06	-6.926591e-11	-1.420264e-10	-3.530831e-01	-2.524774e+00
1.840000e-06	1.408013e-11	-1.001982e-10	7.172163e-02	1.839139e+00
1.850000e-06	9.740617e-11	-6.185515e-11	4.964244e-01	6.202925e+00
1.860000e-06	1.807226e-10	-2.663058e-11	9.210782e-01	1.056627e+01
1.870000e-06	2.640370e-10	7.800985e-12	1.345721e+00	1.492885e+01
1.880000e-06	3.473367e-10	4.430883e-11	1.770290e+00	1.929036e+01
1.890000e-06	4.306192e-10	8.449166e-11	2.194771e+00	2.365048e+01
1.900000e-06	5.138791e-10	1.276712e-10	2.619136e+00	2.800889e+01
1.910000e-06	5.971167e-10	1.703584e-10	3.043388e+00	3.236527e+01
1.920000e-06	6.803269e-10	2.107856e-10	3.467500e+00	3.671931e+01
1.930000e-06	7.634941e-10	2.496563e-10	3.891393e+00	4.107070e+01
1.940000e-06	8.465880e-10	2.875200e-10	4.314913e+00	4.541912e+01
1.950000e-06	9.296228e-10	3.241988e-10	4.738131e+00	4.976425e+01
1.960000e-06	1.012598e-09	3.585900e-10	5.161045e+00	5.410578e+01
1.970000e-06	1.095472e-09	3.921562e-10	5.583445e+00	5.844340e+01
1.980000e-06	1.178251e-09	4.286805e-10	6.005360e+00	6.277678e+01
1.990000e-06	1.260954e-09	4.695725e-10	6.426887e+00	6.710561e+01
2.000000e-06	1.343601e-09	5.119522e-10	6.848127e+00	7.142959e+01
2.010000e-06	1.426178e-09	5.517739e-10	7.269014e+00	7.574840e+01
2.020000e-06	1.508653e-09	5.891968e-10	7.689380e+00	8.006172e+01
2.030000e-06	1.591030e-09	6.272354e-10	8.109246e+00	8.436924e+01
2.040000e-06	1.673315e-09	6.664243e-10	8.528641e+00	8.867065e+01
2.050000e-06	1.755488e-09	7.050852e-10	8.947466e+00	9.296564e+01
2.060000e-06	1.837526e-09	7.425625e-10	9.365607e+00	9.725389e+01
2.070000e-06	1.919431e-09	7.796564e-10	9.783067e+00	1.015351e+02
2.080000e-06	2.001188e-09	8.177264e-10	1.019977e+01	1.058090e+02
2.090000e-06	2.082777e-09	8.569874e-10	1.061562e+01	1.100751e+02
2.100000e-06	2.164207e-09	8.964458e-10	1.103066e+01	1.143334e+02
2.110000e-06	2.245445e-09	9.362899e-10	1.144472e+01	1.185833e+02
2.120000e-06	2.326488e-09	9.761111e-10	1.185779e+01	1.228246e+02
2.130000e-06	2.407357e-09	1.015923e-09	1.226997e+01	1.270571e+02
2.140000e-06	2.488027e-09	1.055069e-09	1.268113e+01	1.312803e+02
2.150000e-06	2.568519e-09	1.092356e-09	1.309139e+01	1.354940e+02
2.160000e-06	2.648836e-09	1.128226e-09	1.350076e+01	1.396979e+02
2.170000e-06	2.728973e-09	1.164615e-09	1.390920e+01	1.438917e+02
2.180000e-06	2.808914e-09	1.203415e-09	1.431665e+01	1.480750e+02
2.190000e-06	2.888635e-09	1.244349e-09	1.472298e+01	1.522477e+02
2.200000e-06	2.968118e-09	1.286044e-09	1.512809e+01	1.564093e+02
2.210000e-06	3.047334e-09	1.326866e-09	1.553185e+01	1.605595e+02
2.220000e-06	3.126266e-09	1.366432e-09	1.593416e+01	1.646981e+02
2.230000e-06	3.204905e-09	1.404325e-09	1.633497e+01	1.688248e+02
2.240000e-06	3.283255e-09	1.440665e-09	1.673431e+01	1.729393e+02
2.250000e-06	3.361308e-09	1.476750e-09	1.713214e+01	1.770412e+02
2.260000e-06	3.439085e-09	1.512899e-09	1.752855e+01	1.811303e+02
2.270000e-06	3.516614e-09	1.549289e-09	1.792371e+01	1.852062e+02
2.280000e-06	3.593903e-09	1.585482e-09	1.831764e+01	1.892688e+02
2.290000e-06	3.670959e-09	1.621972e-09	1.871039e+01	1.933176e+02
2.300000e-06	3.747771e-09	1.660465e-09	1.910189e+01	1.973524e+02
2.310000e-06	3.824328e-09	1.700981e-09	1.949209e+01	2.013729e+02
2.320000e-06	3.900598e-09	1.740594e-09	1.988083e+01	2.053788e+02
2.330000e-06	3.976523e-09	1.776010e-09	2.026781e+01	2.093698e+02
2.340000e-06	4.052083e-09	1.808264e-09	2.065293e+01	2.133457e+02
2.350000e-06	4.127269e-09	1.841472e-09	2.103615e+01	2.173061e+02
2.360000e-06	4.202048e-09	1.878826e-09	2.141729e+01	2.212507e+02
2.370000e-06	4.276418e-09	1.918570e-09	2.179634e+01	2.251793e+02
2.380000e-06	4.350390e-09	1.956158e-09	2.217336e+01	2.290916e+02
2.390000e-06	4.423967e-09	1.989458e-09	2.254838e+01	2.329873e+02
2.400000e-06	4.497166e-09	2.021958e-09	2.292147e+01	2.368660e+02
2.410000e-06	4.570007e-09	2.057335e-09	2.329273e+01	2.407277e+02
2.420000e-06	4.642502e-09	2.093857e-09	2.366222e+01	2.445718e+02
2.430000e-06	4.714686e-09	2.127872e-09	2.403014e+01	2.483983e+02
2.440000e-06	4.786595e-09	2.159086e-09	2.439665e+01	2.522067e+02
2.450000e-06	4.858227e-09	2.192115e-09	2.476175e+01	2.559969e+02
2.460000e-06	4.929568e-09	2.228100e-09	2.512536e+01	2.597685e+02
2.470000e-06	5.000564e-09	2.263441e-09	2.548722e+01	2.635212e+02
2.480000e-06	5.071192e-09	2.295240e-09	2.584721e+01	2.672549e+02
2.490000e-06	5.141450e-09	2.324698e-09	2.620530e+01	2.709692e+02
2.500000e-06	5.211318e-09	2.356956e-09	2.656141e+01	2.746639e+02
2.510000e-06	5.280826e-09	2.393065e-09	2.691568e+01	2.783386e+02
2.520000e-06	5.349996e-09	2.428552e-09	2.726824e+01	2.819932e+02
2.530000e-06	5.418849e-09	2.460137e-09	2.761917e+01	2.856273e+02
2.540000e-06	5.487399e-09	2.488788e-09	2.796857e+01	2.892407e+02
2.550000e-06	5.555609e-09	2.519223e-09	2.831622e+01	2.928332e+02
2.560000e-06	5.623425e-09	2.553494e-09	2.866187e+01	2.964044e+02
2.570000e-06	5.690825e-09	2.588370e-09	2.900540e+01	2.999542e+02
2.580000e-06	5.757772e-09	2.619922e-09	2.934662e+01	3.034822e+02
2.590000e-06	5.824217e-09	2.648587e-09	2.968528e+01	3.069882e+02
2.600000e-06	5.890129e-09	2.678218e-09	3.002123e+01	3.104719e+02
2.610000e-06	5.955525e-09	2.711958e-09	3.035454e+01	3.139332e+02
2.620000e-06	6.020465e-09	2.747836e-09	3.068553e+01	3.173717e+02
2.630000e-06	6.084988e-09	2.780854e-09	3.101440e+01	3.207872e+02
2.640000e-06	6.149110e-09	2.809964e-09	3.134122e+01	3.241794e+02
2.650000e-06	6.212845e-09	2.838141e-09	3.166607e+01	3.275481e+02
2.660000e-06	6.276204e-09	2.868644e-09	3.198901e+01	3.308931e+02
2.670000e-06	6.339175e-09	2.900195e-09	3.230997e+01	3.342141e+02
2.680000e-06	6.401726e-09	2.930800e-09	3.262878e+01	3.375109e+02
2.690000e-06	6.463841e-09	2.961313e-09	3.294537e+01	3.407832e+02
2.700000e-06	6.525539e-09	2.992784e-09	3.325984e+01	3.440308e+02
2.710000e-06	6.586840e-09	3.024300e-09	3.357228e+01	3.472535e+02
2.720000e-06	6.647765e-09	3.052945e-09	3.388281e+01	3.504509e+02
2.730000e-06	6.708329e-09	3.078446e-09	3.419150e+01	3.536230e+02
2.740000e-06	6.768496e-09	3.103039e-09	3.449816e+01	3.567695e+02
2.750000e-06	6.828166e-09	3.130235e-09	3.480229e+01	3.598901e+02
2.760000e-06	6.887230e-09	3.161128e-09	3.510334e+01	3.629846e+02
2.770000e-06	6.945605e-09	3.192817e-09	3.540087e+01	3.660528e+02
2.780000e-06	7.003293e-09	3.222218e-09	3.569489e+01	3.690944e+02
2.790000e-06	7.060381e-09	3.249351e-09	3.598586e+01	3.721093e+02
2.800000e-06	7.116956e-09	3.276706e-09	3.627422e+01	3.750972e+02
2.810000e-06	7.173091e-09	3.304620e-09	3.656033e+01	3.780579e+02
2.820000e-06	7.228803e-09	3.332271e-09	3.684429e+01	3.809913e+02
2.830000e-06	7.284061e-09	3.357932e-09	3.712594e+01	3.838970e+02
2.840000e-06	7.338838e-09	3.381907e-09	3.740513e+01	3.867748e+02
2.850000e-06	7.393129e-09	3.407964e-09	3.768184e+01	3.896247e+02
2.860000e-06	7.446911e-09	3.437756e-09	3.795596e+01	3.924462e+02
2.870000e-06	7.500163e-09	3.468441e-09	3.822738e+01	3.952394e+02
2.880000e-06	7.552870e-09	3.495877e-09	3.849602e+01	3.980039e+02
2.890000e-06	7.604955e-09	3.518432e-09	3.876149e+01	4.007395e+02
2.900000e-06	7.656308e-09	3.538191e-09	3.902324e+01	4.034461e+02
2.910000e-06	7.706841e-09	3.559155e-09	3.928079e+01	4.061234e+02
2.920000e-06	7.756561e-09	3.583768e-09	3.953421e+01	4.087713e+02
2.930000e-06	7.805603e-09	3.610836e-09	3.978417e+01	4.113896e+02
2.940000e-06	7.854102e-09	3.638685e-09	4.003137e+01	4.139780e+02
2.950000e-06	7.902094e-09	3.666858e-09	4.027598e+01	4.165364e+02
2.960000e-06	7.949558e-09	3.694715e-09	4.051789e+01	4.190646e+02
2.970000e-06	7.996473e-09	3.719542e-09	4.075701e+01	4.215625e+02
2.980000e-06	8.042836e-09	3.738590e-09	4.099332e+01	4.240298e+02
2.990000e-06	8.088635e-09	3.754300e-09	4.122675e+01	4.264663e+02
3.000000e-06	8.133900e-09	3.772331e-09	4.145746e+01	4.288719e+02
3.010000e-06	8.178713e-09	3.795853e-09	4.168587e+01	4.312465e+02
3.020000e-06	8.223118e-09	3.821896e-09	4.191220e+01	4.335897e+02
3.030000e-06	8.267045e-09	3.846061e-09	4.213609e+01	4.359016e+02
3.040000e-06	8.310310e-09	3.868514e-09	4.235661e+01	4.381818e+02
3.050000e-06	8.352743e-09	3.891746e-09	4.257288e+01	4.404303e+02
3.060000e-06	8.394329e-09	3.915831e-09	4.278484e+01	4.426468e+02
3.070000e-06	8.435218e-09	3.935994e-09	4.299325e+01	4.448313e+02
3.080000e-06	8.475575e-09	3.950663e-09	4.319894e+01	4.469835e+02
3.090000e-06	8.515445e-09	3.964333e-09	4.340215e+01	4.491033e+02
3.100000e-06	8.554787e-09	3.981208e-09	4.360268e+01	4.511905e+02
3.110000e-06	8.593560e-09	4.002239e-09	4.380030e+01	4.532451e+02
3.120000e-06	8.631724e-09	4.024732e-09	4.399482e+01	4.552667e+02
3.130000e-06	8.669276e-09	4.045529e-09	4.418622e+01	4.572554e+02
3.140000e-06	8.706276e-09	4.064559e-09	4.437480e+01	4.592109e+02
3.150000e-06	8.742819e-09	4.082984e-09	4.456106e+01	4.611332e+02
3.160000e-06	8.778909e-09	4.099614e-09	4.474500e+01	4.630220e+02
3.170000e-06	8.814375e-09	4.112184e-09	4.492577e+01	4.648772e+02
3.180000e-06	8.849012e-09	4.122485e-09	4.510231e+01	4.666987e+02
3.190000e-06	8.882750e-09	4.135249e-09	4.527427e+01	4.684864e+02
3.200000e-06	8.915715e-09	4.152864e-09	4.544229e+01	4.702402e+02
3.210000e-06	8.948107e-09	4.172089e-09	4.560739e+01	4.719598e+02
3.220000e-06	8.979990e-09	4.188697e-09	4.576989e+01	4.736452e+02
3.230000e-06	9.011301e-09	4.201762e-09	4.592948e+01	4.752963e+02
3.240000e-06	9.042005e-09	4.212865e-09	4.608598e+01	4.769129e+02
3.250000e-06	9.072073e-09	4.224919e-09	4.623922e+01	4.784950e+02
3.260000e-06	9.101495e-09	4.237575e-09	4.638919e+01	4.800424e+02
3.270000e-06	9.130378e-09	4.249970e-09	4.653640e+01	4.815549e+02
3.280000e-06	9.158845e-09	4.261786e-09	4.668150e+01	4.830326e+02
3.290000e-06	9.186820e-09	4.273366e-09	4.682408e+01	4.844752e+02
3.300000e-06	9.214067e-09	4.285135e-09	4.696296e+01	4.858827e+02
3.310000e-06	9.240386e-09	4.295496e-09	4.709710e+01	4.872550e+02
3.320000e-06	9.265788e-09	4.304274e-09	4.722657e+01	4.885920e+02
3.330000e-06	9.290446e-09	4.313360e-09	4.735225e+01	4.898935e+02
3.340000e-06	9.314497e-09	4.323557e-09	4.747483e+01	4.911595e+02
3.350000e-06	9.337948e-09	4.333115e-09	4.759436e+01	4.923900e+02
3.360000e-06	9.360749e-09	4.340265e-09	4.771057e+01	4.935847e+02
3.370000e-06	9.382909e-09	4.344999e-09	4.782352e+01	4.947436e+02
3.380000e-06	9.404439e-09	4.349177e-09	4.793326e+01	4.958667e+02
3.390000e-06	9.425398e-09	4.355403e-09	4.804009e+01	4.969538e+02
3.400000e-06	9.445899e-09	4.363900e-09	4.814458e+01	4.980049e+02
3.410000e-06	9.465914e-09	4.373517e-09	4.824659e+01	4.990199e+02
3.420000e-06	9.485291e-09	4.383880e-09	4.834535e+01	4.999987e+02
3.430000e-06	9.503961e-09	4.394198e-09	4.844051e+01	5.009413e+02
3.440000e-06	9.521968e-09	4.403359e-09	4.853229e+01	5.018475e+02
3.450000e-06	9.539350e-09	4.409578e-09	4.862088e+01	5.027174e+02
3.460000e-06	9.556028e-09	4.412560e-09	4.870589e+01	5.035508e+02
3.470000e-06	9.571868e-09	4.413916e-09	4.878663e+01	5.043477e+02
3.480000e-06	9.586847e-09	4.416699e-09	4.886297e+01	5.051080e+02
3.490000e-06	9.601064e-09	4.423153e-09	4.893544e+01	5.058318e+02
3.500000e-06	9.614569e-09	4.431650e-09	4.900427e+01	5.065188e+02
3.510000e-06	9.627386e-09	4.439798e-09	4.906960e+01	5.071692e+02
3.520000e-06	9.639546e-09	4.446414e-09	4.913158e+01	5.077827e+02
3.530000e-06	9.650900e-09	4.451619e-09	4.918945e+01	5.083595e+02
3.540000e-06	9.661247e-09	4.456040e-09	4.924218e+01	5.088994e+02
3.550000e-06	9.670648e-09	4.459862e-09	4.929010e+01	5.094024e+02
3.560000e-06	9.679341e-09	4.461982e-09	4.933441e+01	5.098685e+02
3.570000e-06	9.687473e-09	4.462327e-09	4.937585e+01	5.102976e+02
3.580000e-06	9.694981e-09	4.462904e-09	4.941412e+01	5.106897e+02
3.590000e-06	9.701806e-09	4.464107e-09	4.944891e+01	5.110448e+02
3.600000e-06	9.707957e-09	4.466009e-09	4.948026e+01	5.113628e+02
3.610000e-06	9.713419e-09	4.468917e-09	4.950810e+01	5.116438e+02
3.620000e-06	9.718278e-09	4.472504e-09	4.953287e+01	5.118876e+02
3.630000e-06	9.722653e-09	4.474968e-09	4.955516e+01	5.120944e+02
3.640000e-06	9.726461e-09	4.474664e-09	4.957457e+01	5.122640e+02
3.650000e-06	9.729429e-09	4.472635e-09	4.958970e+01	5.123965e+02
3.660000e-06	9.731410e-09	4.470288e-09	4.959980e+01	5.124919e+02
3.670000e-06	9.732551e-09	4.468465e-09	4.960562e+01	5.125501e+02
3.680000e-06	9.733080e-09	4.467212e-09	4.960831e+01	5.125711e+02
3.690000e-06	9.733071e-09	4.465573e-09	4.960827e+01	5.125550e+02
3.700000e-06	9.732438e-09	4.463518e-09	4.960504e+01	5.125017e+02
3.710000e-06	9.731155e-09	4.461955e-09	4.959850e+01	5.124113e+02
3.720000e-06	9.729246e-09	4.461122e-09	4.958878e+01	5.122837e+02
3.730000e-06	9.726706e-09	4.459409e-09	4.957583e+01	5.121190e+02
3.740000e-06	9.723599e-09	4.454514e-09	4.955999e+01	5.119171e+02
3.750000e-06	9.720057e-09	4.447167e-09	4.954194e+01	5.116782e+02
3.760000e-06	9.716072e-09	4.437552e-09	4.952163e+01	5.114021e+02
3.770000e-06	9.711405e-09	4.431764e-09	4.949784e+01	5.110890e+02
3.780000e-06	9.705715e-09	4.447063e-09	4.946884e+01	5.107388e+02
3.790000e-06	9.698729e-09	4.465703e-09	4.943323e+01	5.103516e+02
3.800000e-06	9.690433e-09	4.450310e-09	4.939095e+01	5.099274e+02
3.810000e-06	9.681285e-09	4.405671e-09	4.934433e+01	5.094662e+02
3.820000e-06	9.671964e-09	4.387355e-09	4.929682e+01	5.089681e+02
3.830000e-06	9.662555e-09	4.397250e-09	4.924886e+01	5.084330e+02
3.840000e-06	9.652447e-09	4.393300e-09	4.919734e+01	5.078612e+02
3.850000e-06	9.641378e-09	4.371490e-09	4.914092e+01	5.072525e+02
3.860000e-06	9.629763e-09	4.377844e-09	4.908173e+01	5.066070e+02
3.870000e-06	9.617665e-09	4.385984e-09	4.902007e+01	5.059248e+02
3.880000e-06	9.604459e-09	4.327779e-09	4.895275e+01	5.052059e+02
3.890000e-06	9.589989e-09	4.283479e-09	4.887901e+01	5.044504e+02
3.900000e-06	9.574828e-09	4.327431e-09	4.880173e+01	5.036583e+02
3.910000e-06	9.559210e-09	4.368115e-09	4.872213e+01	5.028298e+02
3.920000e-06	9.542923e-09	4.327477e-09	4.863912e+01	5.019647e+02
3.930000e-06	9.526023e-09	4.314649e-09	4.855298e+01	5.010633e+02
3.940000e-06	9.508592e-09	4.345917e-09	4.846414e+01	5.001255e+02
3.950000e-06	9.490360e-09	4.307862e-09	4.837121e+01	4.991515e+02
3.960000e-06	9.471323e-09	4.234158e-09	4.827418e+01	4.981413e+02
3.970000e-06	9.451813e-09	4.237197e-09	4.817474e+01	4.970950e+02
3.980000e-06	9.431769e-09	4.252290e-09	4.807258e+01	4.960126e+02
3.990000e-06	9.410869e-09	4.218728e-09	4.796605e+01	4.948943e+02
4.000000e-06	9.389120e-09	4.222396e-09	4.785520e+01	4.937401e+02
4.010000e-06	9.366620e-09	4.251918e-09	4.774052e+01	4.925501e+02
4.020000e-06	9.343389e-09	4.222166e-09	4.762212e+01	4.913244e+02
4.030000e-06	9.319598e-09	4.200285e-09	4.750086e+01	4.900631e+02
4.040000e-06	9.295340e-09	4.227934e-09	4.737722e+01	4.887663e+02
4.050000e-06	9.270423e-09	4.225076e-09	4.725022e+01	4.874340e+02
4.060000e-06	9.244753e-09	4.203000e-09	4.711939e+01	4.860664e+02
4.070000e-06	9.218463e-09	4.208041e-09	4.698539e+01	4.846635e+02
4.080000e-06	9.191606e-09	4.191043e-09	4.684850e+01	4.832255e+02
4.090000e-06	9.164168e-09	4.155359e-09	4.670865e+01	4.817525e+02
4.100000e-06	9.136100e-09	4.146952e-09	4.656559e+01	4.802445e+02
4.110000e-06	9.107174e-09	4.123264e-09	4.641816e+01	4.787018e+02
4.120000e-06	9.077272e-09	4.101082e-09	4.626576e+01	4.771243e+02
4.130000e-06	9.046612e-09	4.113088e-09	4.610949e+01	4.755122e+02
4.140000e-06	9.015360e-09	4.103888e-09	4.595020e+01	4.738657e+02
4.150000e-06	8.983543e-09	4.075549e-09	4.578803e+01	4.721848e+02
4.160000e-06	8.951176e-09	4.070561e-09	4.562306e+01	4.704697e+02
4.170000e-06	8.918242e-09	4.037516e-09	4.545521e+01	4.687205e+02
4.180000e-06	8.884729e-09	4.000355e-09	4.528439e+01	4.669373e+02
4.190000e-06	8.850617e-09	4.013870e-09	4.511053e+01	4.651202e+02
4.200000e-06	8.815896e-09	4.009801e-09	4.493356e+01	4.632694e+02
4.210000e-06	8.780637e-09	3.974407e-09	4.475385e+01	4.613851e+02
4.220000e-06	8.744896e-09	3.968312e-09	4.457168e+01	4.594672e+02
4.230000e-06	8.708509e-09	3.948380e-09	4.438622e+01	4.575161e+02
4.240000e-06	8.671243e-09	3.910673e-09	4.419628e+01	4.555318e+02
4.250000e-06	8.633062e-09	3.909775e-09	4.400168e+01	4.535145e+02
4.260000e-06	8.594113e-09	3.902224e-09	4.380316e+01	4.514643e+02
4.270000e-06	8.554621e-09	3.867491e-09	4.360188e+01	4.493814e+02
4.280000e-06	8.514680e-09	3.855423e-09	4.339830e+01	4.472659e+02
4.290000e-06	8.474209e-09	3.843631e-09	4.319202e+01	4.451180e+02
4.300000e-06	8.433140e-09	3.809931e-09	4.298270e+01	4.429378e+02
4.310000e-06	8.391496e-09	3.784794e-09	4.277045e+01	4.407255e+02
4.320000e-06	8.349312e-09	3.764233e-09	4.255544e+01	4.384812e+02
4.330000e-06	8.306599e-09	3.743233e-09	4.233774e+01	4.362052e+02
4.340000e-06	8.263390e-09	3.732942e-09	4.211751e+01	4.338975e+02
4.350000e-06	8.219710e-09	3.716910e-09	4.189487e+01	4.315584e+02
4.360000e-06	8.175531e-09	3.687764e-09	4.166970e+01	4.291880e+02
4.370000e-06	8.130777e-09	3.660456e-09	4.144159e+01	4.267864e+02
4.380000e-06	8.085385e-09	3.634492e-09	4.121024e+01	4.243540e+02
4.390000e-06	8.039408e-09	3.610934e-09	4.097590e+01	4.218907e+02
4.400000e-06	7.992898e-09	3.591326e-09	4.073884e+01	4.193969e+02
4.410000e-06	7.945852e-09	3.568138e-09	4.049906e+01	4.168727e+02
4.420000e-06	7.898238e-09	3.544280e-09	4.025637e+01	4.143183e+02
4.430000e-06	7.849999e-09	3.526073e-09	4.001050e+01	4.117338e+02
4.440000e-06	7.801093e-09	3.503783e-09	3.976124e+01	4.091195e+02
4.450000e-06	7.751548e-09	3.474789e-09	3.950872e+01	4.064755e+02
4.460000e-06	7.701419e-09	3.445486e-09	3.925321e+01	4.038021e+02
4.470000e-06	7.650712e-09	3.419215e-09	3.899476e+01	4.010993e+02
4.480000e-06	7.599415e-09	3.397035e-09	3.873331e+01	3.983675e+02
4.490000e-06	7.547487e-09	3.378198e-09	3.846864e+01	3.956069e+02
4.500000e-06	7.494840e-09	3.353858e-09	3.820031e+01	3.928175e+02
4.510000e-06	7.441381e-09	3.323511e-09	3.792784e+01	3.899997e+02
4.520000e-06	7.387133e-09	3.293928e-09	3.765134e+01	3.871536e+02
4.530000e-06	7.332241e-09	3.268512e-09	3.737156e+01	3.842794e+02
4.540000e-06	7.276857e-09	3.245484e-09	3.708928e+01	3.813774e+02
4.550000e-06	7.221047e-09	3.221098e-09	3.680482e+01	3.784477e+02
4.560000e-06	7.164812e-09	3.192103e-09	3.651820e+01	3.754906e+02
4.570000e-06	7.108134e-09	3.162500e-09	3.622932e+01	3.725062e+02
4.580000e-06	7.050975e-09	3.134747e-09	3.593798e+01	3.694949e+02
4.590000e-06	6.993346e-09	3.106798e-09	3.564426e+01	3.664568e+02
4.600000e-06	6.935251e-09	3.077824e-09	3.534816e+01	3.633921e+02
4.610000e-06	6.876657e-09	3.048200e-09	3.504951e+01	3.603011e+02
4.620000e-06	6.817584e-09	3.019928e-09	3.474842e+01	3.571839e+02
4.630000e-06	6.758091e-09	2.993416e-09	3.444519e+01	3.540409e+02
4.640000e-06	6.698173e-09	2.965965e-09	3.413980e+01	3.508722e+02
4.650000e-06	6.637742e-09	2.935037e-09	3.383179e+01	3.476780e+02
4.660000e-06	6.576720e-09	2.901541e-09	3.352077e+01	3.444587e+02
4.670000e-06	6.515077e-09	2.869766e-09	3.320659e+01	3.412144e+02
4.680000e-06	6.452844e-09	2.842457e-09	3.288939e+01	3.379453e+02
4.690000e-06	6.390103e-09	2.817055e-09	3.256961e+01	3.346518e+02
4.700000e-06	6.326906e-09	2.789171e-09	3.224750e+01	3.313340e+02
4.710000e-06	6.263292e-09	2.758416e-09	3.192327e+01	3.279921e+02
4.720000e-06	6.199321e-09	2.727829e-09	3.159721e+01	3.246265e+02
4.730000e-06	6.135012e-09	2.699378e-09	3.126944e+01	3.212374e+02
4.740000e-06	6.070298e-09	2.672085e-09	3.093960e+01	3.178250e+02
4.750000e-06	6.005106e-09	2.642705e-09	3.060733e+01	3.143895e+02
4.760000e-06	5.939452e-09	2.611172e-09	3.027269e+01	3.109313e+02
4.770000e-06	5.873363e-09	2.580349e-09	2.993585e+01	3.074505e+02
4.780000e-06	5.806874e-09	2.550765e-09	2.959696e+01	3.039474e+02
4.790000e-06	5.740031e-09	2.519832e-09	2.925627e+01	3.004223e+02
4.800000e-06	5.672849e-09	2.486844e-09	2.891385e+01	2.968754e+02
4.810000e-06	5.605325e-09	2.453708e-09	2.856969e+01	2.933070e+02
4.820000e-06	5.537453e-09	2.423386e-09	2.822376e+01	2.897173e+02
4.830000e-06	5.469204e-09	2.394738e-09	2.787590e+01	2.861067e+02
4.840000e-06	5.400498e-09	2.365376e-09	2.752571e+01	2.824752e+02
4.850000e-06	5.331320e-09	2.332345e-09	2.717312e+01	2.788234e+02
4.860000e-06	5.261673e-09	2.296414e-09	2.681814e+01	2.751513e+02
4.870000e-06	5.191527e-09	2.261093e-09	2.646062e+01	2.714592e+02
4.880000e-06	5.120916e-09	2.228747e-09	2.610072e+01	2.677475e+02
4.890000e-06	5.049883e-09	2.198818e-09	2.573867e+01	2.640164e+02
4.900000e-06	4.978466e-09	2.169721e-09	2.537467e+01	2.602661e+02
4.910000e-06	4.906723e-09	2.139145e-09	2.500900e+01	2.564970e+02
4.920000e-06	4.834689e-09	2.105140e-09	2.464186e+01	2.527093e+02
4.930000e-06	4.762365e-09	2.069214e-09	2.427323e+01	2.489032e+02
4.940000e-06	4.689764e-09	2.034218e-09	2.390319e+01	2.450792e+02
4.950000e-06	4.616893e-09	2.000542e-09	2.353178e+01	2.412373e+02
4.960000e-06	4.543719e-09	1.967590e-09	2.315882e+01	2.373780e+02
4.970000e-06	4.470216e-09	1.934501e-09	2.278418e+01	2.335015e+02
4.980000e-06	4.396385e-09	1.899978e-09	2.240788e+01	2.296080e+02
4.990000e-06	4.322266e-09	1.862957e-09	2.203010e+01	2.256979e+02
5.000000e-06	4.247896e-09	1.822901e-09	2.165105e+01	2.217714e+02
5.010000e-06	4.173254e-09	1.781848e-09	2.127061e+01	2.178289e+02
5.020000e-06	4.098305e-09	1.742972e-09	2.088860e+01	2.138706e+02
5.030000e-06	4.023028e-09	1.709466e-09	2.050492e+01	2.098968e+02
5.040000e-06	3.947382e-09	1.680362e-09	2.011937e+01	2.059077e+02
5.050000e-06	3.871354e-09	1.650156e-09	1.973186e+01	2.019038e+02
5.060000e-06	3.794944e-09	1.613902e-09	1.934241e+01	1.978852e+02
5.070000e-06	3.718169e-09	1.572575e-09	1.895109e+01	1.938523e+02
5.080000e-06	3.641054e-09	1.530401e-09	1.855805e+01	1.898053e+02
5.090000e-06	3.563640e-09	1.491184e-09	1.816349e+01	1.857445e+02
5.100000e-06	3.485959e-09	1.455871e-09	1.776755e+01	1.816703e+02
5.110000e-06	3.407987e-09	1.422210e-09	1.737015e+01	1.775830e+02
5.120000e-06	3.329719e-09	1.388033e-09	1.697122e+01	1.734827e+02
5.130000e-06	3.251172e-09	1.353147e-09	1.657088e+01	1.693699e+02
5.140000e-06	3.172365e-09	1.317079e-09	1.616921e+01	1.652448e+02
5.150000e-06	3.093317e-09	1.279474e-09	1.576631e+01	1.611078e+02
5.160000e-06	3.014042e-09	1.241278e-09	1.536225e+01	1.569590e+02
5.170000e-06	2.934549e-09	1.204394e-09	1.495709e+01	1.527989e+02
5.180000e-06	2.854828e-09	1.170610e-09	1.455076e+01	1.486277e+02
5.190000e-06	2.774900e-09	1.138670e-09	1.414338e+01	1.444458e+02
5.200000e-06	2.694820e-09	1.104545e-09	1.373522e+01	1.402534e+02
5.210000e-06	2.614598e-09	1.066265e-09	1.332634e+01	1.360508e+02
5.220000e-06	2.534235e-09	1.026822e-09	1.291674e+01	1.318383e+02
5.230000e-06	2.453738e-09	9.894323e-10	1.250645e+01	1.276163e+02
5.240000e-06	2.373116e-09	9.562551e-10	1.209553e+01	1.233851e+02
5.250000e-06	2.292370e-09	9.258269e-10	1.168398e+01	1.191449e+02
5.260000e-06	2.211477e-09	8.941255e-10	1.127168e+01	1.148961e+02
5.270000e-06	2.130421e-09	8.585392e-10	1.085854e+01	1.106390e+02
5.280000e-06	2.049208e-09	8.180683e-10	1.044461e+01	1.063738e+02
5.290000e-06	1.967845e-09	7.757181e-10	1.002991e+01	1.021010e+02
5.300000e-06	1.886318e-09	7.350232e-10	9.614383e+00	9.782070e+01
5.310000e-06	1.804629e-09	6.967842e-10	9.198022e+00	9.353336e+01
5.320000e-06	1.722816e-09	6.611245e-10	8.781034e+00	8.923924e+01
5.330000e-06	1.640885e-09	6.274413e-10	8.363438e+00	8.493866e+01
5.340000e-06	1.558841e-09	5.929368e-10	7.945273e+00	8.063192e+01
5.350000e-06	1.476710e-09	5.543621e-10	7.526658e+00	7.631935e+01
5.360000e-06	1.394502e-09	5.121947e-10	7.107656e+00	7.200125e+01
5.370000e-06	1.312239e-09	4.698987e-10	6.688368e+00	6.767793e+01
5.380000e-06	1.229935e-09	4.307133e-10	6.268876e+00	6.334971e+01
5.390000e-06	1.147576e-09	3.951236e-10	5.849103e+00	5.901691e+01
5.400000e-06	1.065147e-09	3.602669e-10	5.428973e+00	5.467984e+01
5.410000e-06	9.826626e-10	3.249326e-10	5.008559e+00	5.033880e+01
5.420000e-06	9.001413e-10	2.885127e-10	4.587958e+00	4.599413e+01
5.430000e-06	8.175625e-10	2.508189e-10	4.167064e+00	4.164612e+01
5.440000e-06	7.349339e-10	2.138186e-10	3.745915e+00	3.729510e+01
5.450000e-06	6.522821e-10	1.776854e-10	3.324649e+00	3.294139e+01
5.460000e-06	5.695795e-10	1.405014e-10	2.903123e+00	2.858529e+01
5.470000e-06	4.868299e-10	1.027161e-10	2.481358e+00	2.422713e+01
5.480000e-06	4.040585e-10	6.513574e-11	2.059482e+00	1.986721e+01
5.490000e-06	3.212742e-10	2.764697e-11	1.637540e+00	1.550587e+01
5.500000e-06	2.384872e-10	-9.308367e-12	1.215585e+00	1.114340e+01
5.510000e-06	1.557024e-10	-4.480605e-11	7.936405e-01	6.780138e+00
5.520000e-06	7.293181e-11	-7.828679e-11	3.717686e-01	2.416388e+00
5.530000e-06	-9.828286e-12	-1.112457e-10	-5.004996e-02	-1.947531e+00
5.540000e-06	-9.258100e-11	-1.452850e-10	-4.718309e-01	-6.311301e+00
5.550000e-06	-1.753272e-10	-1.820099e-10	-8.935787e-01	-1.067461e+01
5.560000e-06	-2.580806e-10	-2.220187e-10	-1.315363e+00	-1.503713e+01
5.570000e-06	-3.408352e-10	-2.629352e-10	-1.737153e+00	-1.939856e+01
5.580000e-06	-4.235730e-10	-3.022744e-10	-2.158858e+00	-2.375857e+01
5.590000e-06	-5.062933e-10	-3.382324e-10	-2.580473e+00	-2.811686e+01
5.600000e-06	-5.889967e-10	-3.703722e-10	-3.002003e+00	-3.247310e+01
5.610000e-06	-6.716600e-10	-4.004433e-10	-3.423328e+00	-3.682698e+01
5.620000e-06	-7.542760e-10	-4.320054e-10	-3.844412e+00	-4.117818e+01
5.630000e-06	-8.368444e-10	-4.678730e-10	-4.265253e+00	-4.552638e+01
5.640000e-06	-9.193503e-10	-5.071435e-10	-4.685776e+00	-4.987128e+01
5.650000e-06	-1.001785e-09	-5.479838e-10	-5.105935e+00	-5.421256e+01
5.660000e-06	-1.084144e-09	-5.879295e-10	-5.525709e+00	-5.854990e+01
5.670000e-06	-1.166434e-09	-6.249685e-10	-5.945131e+00	-6.288299e+01
5.680000e-06	-1.248663e-09	-6.583977e-10	-6.364242e+00	-6.721151e+01
5.690000e-06	-1.330828e-09	-6.891426e-10	-6.783029e+00	-7.153515e+01
5.700000e-06	-1.412924e-09	-7.212564e-10	-7.201460e+00	-7.585359e+01
5.710000e-06	-1.494941e-09	-7.574953e-10	-7.619493e+00	-8.016653e+01
5.720000e-06	-1.576874e-09	-7.959454e-10	-8.037095e+00	-8.447365e+01
5.730000e-06	-1.658704e-09	-8.338840e-10	-8.454170e+00	-8.877464e+01
5.740000e-06	-1.740414e-09	-8.700296e-10	-8.870640e+00	-9.306918e+01
5.750000e-06	-1.821999e-09	-9.066246e-10	-9.286466e+00	-9.735697e+01
5.760000e-06	-1.903448e-09	-9.455357e-10	-9.701606e+00	-1.016377e+02
5.770000e-06	-1.984753e-09	-9.842915e-10	-1.011600e+01	-1.059110e+02
5.780000e-06	-2.065902e-09	-1.020983e-09	-1.052961e+01	-1.101767e+02
5.790000e-06	-2.146897e-09	-1.055370e-09	-1.094243e+01	-1.144343e+02
5.800000e-06	-2.227722e-09	-1.087882e-09	-1.135439e+01	-1.186837e+02
5.810000e-06	-2.308392e-09	-1.119039e-09	-1.176555e+01	-1.229245e+02
5.820000e-06	-2.388923e-09	-1.149890e-09	-1.217601e+01	-1.271563e+02
5.830000e-06	-2.469309e-09	-1.183112e-09	-1.258573e+01	-1.313789e+02
5.840000e-06	-2.549560e-09	-1.221633e-09	-1.299476e+01	-1.355919e+02
5.850000e-06	-2.629677e-09	-1.265542e-09	-1.340311e+01	-1.397952e+02
5.860000e-06	-2.709646e-09	-1.309809e-09	-1.381070e+01	-1.439882e+02
5.870000e-06	-2.789453e-09	-1.346835e-09	-1.421747e+01	-1.481709e+02
5.880000e-06	-2.869086e-09	-1.374390e-09	-1.462335e+01	-1.523428e+02
5.890000e-06	-2.948508e-09	-1.398861e-09	-1.502815e+01	-1.565036e+02
5.900000e-06	-3.027683e-09	-1.428513e-09	-1.543170e+01	-1.606531e+02
5.910000e-06	-3.106603e-09	-1.465448e-09	-1.583394e+01	-1.647909e+02
5.920000e-06	-3.185256e-09	-1.505900e-09	-1.623483e+01	-1.689167e+02
5.930000e-06	-3.263608e-09	-1.545419e-09	-1.663418e+01	-1.730304e+02
5.940000e-06	-3.341636e-09	-1.582292e-09	-1.703187e+01	-1.771314e+02
5.950000e-06	-3.419357e-09	-1.616657e-09	-1.742801e+01	-1.812196e+02
5.960000e-06	-3.496766e-09	-1.648167e-09	-1.782255e+01	-1.852947e+02
5.970000e-06	-3.573872e-09	-1.676310e-09	-1.821555e+01	-1.893563e+02
5.980000e-06	-3.650683e-09	-1.703995e-09	-1.860705e+01	-1.934042e+02
5.990000e-06	-3.727196e-09	-1.735534e-09	-1.899702e+01	-1.974380e+02
6.000000e-06	-3.803395e-09	-1.771935e-09	-1.938540e+01	-2.014575e+02
6.010000e-06	-3.879241e-09	-1.810497e-09	-1.977198e+01	-2.054624e+02
6.020000e-06	-3.954728e-09	-1.845748e-09	-2.015673e+01	-2.094524e+02
6.030000e-06	-4.029889e-09	-1.876066e-09	-2.053981e+01	-2.134272e+02
6.040000e-06	-4.104757e-09	-1.905467e-09	-2.092140e+01	-2.173866e+02
6.050000e-06	-4.179340e-09	-1.935458e-09	-2.130155e+01	-2.213301e+02
6.060000e-06	-4.253623e-09	-1.965623e-09	-2.168016e+01	-2.252576e+02
6.070000e-06	-4.327592e-09	-1.995956e-09	-2.205717e+01	-2.291688e+02
6.080000e-06	-4.401249e-09	-2.025552e-09	-2.243259e+01	-2.330633e+02
6.090000e-06	-4.474594e-09	-2.057068e-09	-2.280642e+01	-2.369409e+02
6.100000e-06	-4.547626e-09	-2.092190e-09	-2.317866e+01	-2.408014e+02
6.110000e-06	-4.620342e-09	-2.128607e-09	-2.354928e+01	-2.446443e+02
6.120000e-06	-4.692778e-09	-2.163272e-09	-2.391848e+01	-2.484696e+02
6.130000e-06	-4.764960e-09	-2.194104e-09	-2.428638e+01	-2.522768e+02
6.140000e-06	-4.836873e-09	-2.221712e-09	-2.465291e+01	-2.560657e+02
6.150000e-06	-4.908507e-09	-2.247755e-09	-2.501802e+01	-2.598360e+02
6.160000e-06	-4.979840e-09	-2.271993e-09	-2.538160e+01	-2.635875e+02
6.170000e-06	-5.050835e-09	-2.295502e-09	-2.574345e+01	-2.673198e+02
6.180000e-06	-5.121457e-09	-2.321926e-09	-2.610341e+01	-2.710328e+02
6.190000e-06	-5.191663e-09	-2.355207e-09	-2.646124e+01	-2.747261e+02
6.200000e-06	-5.261395e-09	-2.395022e-09	-2.681665e+01	-2.783995e+02
6.210000e-06	-5.330617e-09	-2.435254e-09	-2.716947e+01	-2.820527e+02
6.220000e-06	-5.399345e-09	-2.469779e-09	-2.751977e+01	-2.856854e+02
6.230000e-06	-5.467626e-09	-2.495162e-09	-2.786778e+01	-2.892974e+02
6.240000e-06	-5.535510e-09	-2.513493e-09	-2.821378e+01	-2.928885e+02
6.250000e-06	-5.603044e-09	-2.530709e-09	-2.855800e+01	-2.964582e+02
6.260000e-06	-5.670229e-09	-2.551527e-09	-2.890043e+01	-3.000065e+02
6.270000e-06	-5.737069e-09	-2.578151e-09	-2.924111e+01	-3.035330e+02
6.280000e-06	-5.803589e-09	-2.610420e-09	-2.958015e+01	-3.070375e+02
6.290000e-06	-5.869750e-09	-2.645592e-09	-2.991736e+01	-3.105197e+02
6.300000e-06	-5.935507e-09	-2.680392e-09	-3.025252e+01	-3.139795e+02
6.310000e-06	-6.000827e-09	-2.711127e-09	-3.058545e+01	-3.174164e+02
6.320000e-06	-6.065703e-09	-2.735585e-09	-3.091611e+01	-3.208303e+02
6.330000e-06	-6.130176e-09	-2.754988e-09	-3.124473e+01	-3.242209e+02
6.340000e-06	-6.194264e-09	-2.773614e-09	-3.157137e+01	-3.275881e+02
6.350000e-06	-6.257964e-09	-2.795798e-09	-3.189605e+01	-3.309314e+02
6.360000e-06	-6.321283e-09	-2.822403e-09	-3.221877e+01	-3.342508e+02
6.370000e-06	-6.384185e-09	-2.851687e-09	-3.253938e+01	-3.375459e+02
6.380000e-06	-6.446611e-09	-2.882382e-09	-3.285756e+01	-3.408165e+02
6.390000e-06	-6.508488e-09	-2.912797e-09	-3.317294e+01	-3.440624e+02
6.400000e-06	-6.569784e-09	-2.940567e-09	-3.348535e+01	-3.472834e+02
6.410000e-06	-6.630502e-09	-2.964502e-09	-3.379483e+01	-3.504791e+02
6.420000e-06	-6.690688e-09	-2.985264e-09	-3.410159e+01	-3.536495e+02
6.430000e-06	-6.750410e-09	-3.004982e-09	-3.440598e+01	-3.567942e+02
6.440000e-06	-6.809711e-09	-3.024622e-09	-3.470823e+01	-3.599130e+02
6.450000e-06	-6.868594e-09	-3.045898e-09	-3.500835e+01	-3.630057e+02
6.460000e-06	-6.927035e-09	-3.071577e-09	-3.530622e+01	-3.660721e+02
6.470000e-06	-6.985002e-09	-3.100694e-09	-3.560167e+01	-3.691119e+02
6.480000e-06	-7.042451e-09	-3.130043e-09	-3.589448e+01	-3.721250e+02
6.490000e-06	-7.099361e-09	-3.157351e-09	-3.618454e+01	-3.751111e+02
6.500000e-06	-7.155783e-09	-3.181032e-09	-3.647212e+01	-3.780699e+02
6.510000e-06	-7.211773e-09	-3.200712e-09	-3.675750e+01	-3.810014e+02
6.520000e-06	-7.267322e-09	-3.217723e-09	-3.704062e+01	-3.839052e+02
6.530000e-06	-7.322395e-09	-3.235189e-09	-3.732133e+01	-3.867812e+02
6.540000e-06	-7.376907e-09	-3.255102e-09	-3.759917e+01	-3.896291e+02
6.550000e-06	-7.430740e-09	-3.278320e-09	-3.787355e+01	-3.924487e+02
6.560000e-06	-7.483853e-09	-3.303743e-09	-3.814425e+01	-3.952399e+02
6.570000e-06	-7.536276e-09	-3.329039e-09	-3.841145e+01	-3.980024e+02
6.580000e-06	-7.588048e-09	-3.352838e-09	-3.867533e+01	-4.007361e+02
6.590000e-06	-7.639224e-09	-3.374327e-09	-3.893617e+01	-4.034407e+02
6.600000e-06	-7.689839e-09	-3.393110e-09	-3.919414e+01	-4.061160e+02
6.610000e-06	-7.739865e-09	-3.410009e-09	-3.944912e+01	-4.087619e+02
6.620000e-06	-7.789213e-09	-3.427203e-09	-3.970064e+01	-4.113781e+02
6.630000e-06	-7.837813e-09	-3.446063e-09	-3.994835e+01	-4.139645e+02
6.640000e-06	-7.885644e-09	-3.467830e-09	-4.019213e+01	-4.165209e+02
6.650000e-06	-7.932734e-09	-3.492385e-09	-4.043215e+01	-4.190471e+02
6.660000e-06	-7.979184e-09	-3.516668e-09	-4.066890e+01	-4.215428e+02
6.670000e-06	-8.025117e-09	-3.538792e-09	-4.090301e+01	-4.240080e+02
6.680000e-06	-8.070640e-09	-3.558914e-09	-4.113504e+01	-4.264425e+02
6.690000e-06	-8.115738e-09	-3.577304e-09	-4.136490e+01	-4.288460e+02
6.700000e-06	-8.160336e-09	-3.594259e-09	-4.159221e+01	-4.312184e+02
6.710000e-06	-8.204431e-09	-3.610865e-09	-4.181696e+01	-4.335595e+02
6.720000e-06	-8.248059e-09	-3.628078e-09	-4.203932e+01	-4.358692e+02
6.730000e-06	-8.291239e-09	-3.646219e-09	-4.225941e+01	-4.381473e+02
6.740000e-06	-8.333938e-09	-3.665366e-09	-4.247704e+01	-4.403936e+02
6.750000e-06	-8.376088e-09	-3.684857e-09	-4.269187e+01	-4.426080e+02
6.760000e-06	-8.417668e-09	-3.703802e-09	-4.290380e+01	-4.447902e+02
6.770000e-06	-8.458682e-09	-3.721853e-09	-4.311285e+01	-4.469402e+02
6.780000e-06	-8.499126e-09	-3.738863e-09	-4.331898e+01	-4.490578e+02
6.790000e-06	-8.539032e-09	-3.753647e-09	-4.352238e+01	-4.511428e+02
6.800000e-06	-8.578468e-09	-3.766210e-09	-4.372338e+01	-4.531951e+02
6.810000e-06	-8.617389e-09	-3.779321e-09	-4.392176e+01	-4.552146e+02
6.820000e-06	-8.655617e-09	-3.795507e-09	-4.411660e+01	-4.572010e+02
6.830000e-06	-8.693023e-09	-3.814579e-09	-4.430725e+01	-4.591542e+02
6.840000e-06	-8.729614e-09	-3.833108e-09	-4.449376e+01	-4.610742e+02
6.850000e-06	-8.765513e-09	-3.848756e-09	-4.467673e+01	-4.629607e+02
6.860000e-06	-8.800864e-09	-3.862251e-09	-4.485691e+01	-4.648137e+02
6.870000e-06	-8.835691e-09	-3.873432e-09	-4.503442e+01	-4.666329e+02
6.880000e-06	-8.869930e-09	-3.883958e-09	-4.520893e+01	-4.684183e+02
6.890000e-06	-8.903531e-09	-3.895515e-09	-4.538019e+01	-4.701697e+02
6.900000e-06	-8.936490e-09	-3.908494e-09	-4.554818e+01	-4.718870e+02
6.910000e-06	-8.968838e-09	-3.923966e-09	-4.571305e+01	-4.735701e+02
6.920000e-06	-9.000638e-09	-3.941098e-09	-4.587513e+01	-4.752188e+02
6.930000e-06	-9.031919e-09	-3.956944e-09	-4.603457e+01	-4.768331e+02
6.940000e-06	-9.062576e-09	-3.969451e-09	-4.619082e+01	-4.784128e+02
6.950000e-06	-9.092420e-09	-3.980712e-09	-4.634294e+01	-4.799578e+02
6.960000e-06	-9.121359e-09	-3.993480e-09	-4.649044e+01	-4.814680e+02
6.970000e-06	-9.149518e-09	-4.007679e-09	-4.663395e+01	-4.829433e+02
6.980000e-06	-9.177100e-09	-4.020971e-09	-4.677454e+01	-4.843835e+02
6.990000e-06	-9.204173e-09	-4.030915e-09	-4.691253e+01	-4.857886e+02
7.000000e-06	-9.230643e-09	-4.038589e-09	-4.704744e+01	-4.871585e+02
7.010000e-06	-9.256441e-09	-4.047741e-09	-4.717893e+01	-4.884931e+02
7.020000e-06	-9.281554e-09	-4.059252e-09	-4.730693e+01	-4.897922e+02
7.030000e-06	-9.306006e-09	-4.071156e-09	-4.743156e+01	-4.910558e+02
7.040000e-06	-9.329879e-09	-4.082248e-09	-4.755324e+01	-4.922838e+02
7.050000e-06	-9.353262e-09	-4.093905e-09	-4.767242e+01	-4.934761e+02
7.060000e-06	-9.376087e-09	-4.106938e-09	-4.778875e+01	-4.946326e+02
7.070000e-06	-9.398101e-09	-4.120348e-09	-4.790096e+01	-4.957532e+02
7.080000e-06	-9.419145e-09	-4.131487e-09	-4.800822e+01	-4.968378e+02
7.090000e-06	-9.439362e-09	-4.139020e-09	-4.811126e+01	-4.978865e+02
7.100000e-06	-9.459004e-09	-4.146602e-09	-4.821137e+01	-4.988990e+02
7.110000e-06	-9.478133e-09	-4.156031e-09	-4.830887e+01	-4.998754e+02
7.120000e-06	-9.496666e-09	-4.165814e-09	-4.840333e+01	-5.008154e+02
7.130000e-06	-9.514565e-09	-4.173962e-09	-4.849456e+01	-5.017192e+02
7.140000e-06	-9.531820e-09	-4.180947e-09	-4.858251e+01	-5.025866e+02
7.150000e-06	-9.548418e-09	-4.189025e-09	-4.866711e+01	-5.034175e+02
7.160000e-06	-9.564411e-09	-4.198363e-09	-4.874862e+01	-5.042119e+02
7.170000e-06	-9.579865e-09	-4.207567e-09	-4.882739e+01	-5.049698e+02
7.180000e-06	-9.594666e-09	-4.213976e-09	-4.890283e+01	-5.056910e+02
7.190000e-06	-9.608508e-09	-4.218453e-09	-4.897338e+01	-5.063756e+02
7.200000e-06	-9.621290e-09	-4.224972e-09	-4.903853e+01	-5.070234e+02
7.210000e-06	-9.633216e-09	-4.233328e-09	-4.909932e+01	-5.076345e+02
7.220000e-06	-9.644480e-09	-4.240725e-09	-4.915673e+01	-5.082087e+02
7.230000e-06	-9.655103e-09	-4.246029e-09	-4.921087e+01	-5.087461e+02
7.240000e-06	-9.665074e-09	-4.250348e-09	-4.926169e+01	-5.092466e+02
7.250000e-06	-9.674382e-09	-4.255820e-09	-4.930913e+01	-5.097102e+02
7.260000e-06	-9.682997e-09	-4.262618e-09	-4.935304e+01	-5.101367e+02
7.270000e-06	-9.690991e-09	-4.268587e-09	-4.939379e+01	-5.105263e+02
7.280000e-06	-9.698458e-09	-4.273751e-09	-4.943185e+01	-5.108789e+02
7.290000e-06	-9.705336e-09	-4.279088e-09	-4.946690e+01	-5.111944e+02
7.300000e-06	-9.711377e-09	-4.284363e-09	-4.949769e+01	-5.114729e+02
7.310000e-06	-9.716427e-09	-4.288541e-09	-4.952343e+01	-5.117142e+02
7.320000e-06	-9.720636e-09	-4.290007e-09	-4.954489e+01	-5.119184e+02
7.330000e-06	-9.724254e-09	-4.289302e-09	-4.956333e+01	-5.120856e+02
7.340000e-06	-9.727353e-09	-4.289794e-09	-4.957913e+01	-5.122155e+02
7.350000e-06	-9.729845e-09	-4.293291e-09	-4.959183e+01	-5.123083e+02
7.360000e-06	-9.731714e-09	-4.299319e-09	-4.960135e+01	-5.123640e+02
7.370000e-06	-9.732946e-09	-4.304416e-09	-4.960763e+01	-5.123825e+02
