# Temperatura_=_20.0
# Concentracion g/m^3_=_10000.0
# C_Vs_to_Am_M_A/Vsm_=_116720831517.84952
# pendiente_HvsI_1/m_=_3716.3
# ordenada_HvsI_A/m_=_1297.0
# frecuencia_Hz_=_135693.6657367122
# Promedio de 22 ciclos

Tiempo_(s)	Campo_(V.s)	Magnetizacion_(V.s)	Campo_(kA/m)	Magnetizacion_(A/m)
0.000000e+00	-1.100794e-08	-4.683350e-09	-5.706315e+01	-5.504942e+02
1.000000e-08	-1.100802e-08	-4.686145e-09	-5.706354e+01	-5.503047e+02
2.000000e-08	-1.100759e-08	-4.689502e-09	-5.706130e+01	-5.500751e+02
3.000000e-08	-1.100641e-08	-4.687674e-09	-5.705520e+01	-5.498055e+02
4.000000e-08	-1.100419e-08	-4.684563e-09	-5.704367e+01	-5.494960e+02
5.000000e-08	-1.100094e-08	-4.682968e-09	-5.702686e+01	-5.491465e+02
6.000000e-08	-1.099697e-08	-4.681089e-09	-5.700625e+01	-5.487571e+02
7.000000e-08	-1.099244e-08	-4.685005e-09	-5.698277e+01	-5.483278e+02
8.000000e-08	-1.098728e-08	-4.705806e-09	-5.695602e+01	-5.478587e+02
9.000000e-08	-1.098132e-08	-4.713165e-09	-5.692513e+01	-5.473497e+02
1.000000e-07	-1.097436e-08	-4.634684e-09	-5.688907e+01	-5.468010e+02
1.100000e-07	-1.096609e-08	-4.534435e-09	-5.684620e+01	-5.462125e+02
1.200000e-07	-1.095629e-08	-4.530602e-09	-5.679536e+01	-5.455843e+02
1.300000e-07	-1.094540e-08	-4.676467e-09	-5.673895e+01	-5.449165e+02
1.400000e-07	-1.093434e-08	-4.741051e-09	-5.668161e+01	-5.442090e+02
1.500000e-07	-1.092301e-08	-4.574151e-09	-5.662289e+01	-5.434620e+02
1.600000e-07	-1.091064e-08	-4.560819e-09	-5.655873e+01	-5.426755e+02
1.700000e-07	-1.089724e-08	-4.767106e-09	-5.648928e+01	-5.418496e+02
1.800000e-07	-1.088334e-08	-4.571994e-09	-5.641723e+01	-5.409842e+02
1.900000e-07	-1.086852e-08	-4.238128e-09	-5.634040e+01	-5.400796e+02
2.000000e-07	-1.085228e-08	-4.434139e-09	-5.625622e+01	-5.391357e+02
2.100000e-07	-1.083523e-08	-4.660699e-09	-5.616783e+01	-5.381526e+02
2.200000e-07	-1.081777e-08	-4.452761e-09	-5.607734e+01	-5.371303e+02
2.300000e-07	-1.079954e-08	-4.326437e-09	-5.598283e+01	-5.360691e+02
2.400000e-07	-1.078047e-08	-4.491526e-09	-5.588397e+01	-5.349689e+02
2.500000e-07	-1.076087e-08	-4.426193e-09	-5.578234e+01	-5.338298e+02
2.600000e-07	-1.074065e-08	-4.297241e-09	-5.567757e+01	-5.326518e+02
2.700000e-07	-1.071968e-08	-4.455679e-09	-5.556886e+01	-5.314352e+02
2.800000e-07	-1.069802e-08	-4.491757e-09	-5.545657e+01	-5.301800e+02
2.900000e-07	-1.067557e-08	-4.328204e-09	-5.534017e+01	-5.288862e+02
3.000000e-07	-1.065220e-08	-4.443604e-09	-5.521904e+01	-5.275539e+02
3.100000e-07	-1.062824e-08	-4.526239e-09	-5.509486e+01	-5.261834e+02
3.200000e-07	-1.060379e-08	-4.301396e-09	-5.496812e+01	-5.247745e+02
3.300000e-07	-1.057845e-08	-4.255895e-09	-5.483673e+01	-5.233276e+02
3.400000e-07	-1.055209e-08	-4.424082e-09	-5.470011e+01	-5.218426e+02
3.500000e-07	-1.052492e-08	-4.367524e-09	-5.455926e+01	-5.203196e+02
3.600000e-07	-1.049698e-08	-4.320591e-09	-5.441442e+01	-5.187589e+02
3.700000e-07	-1.046840e-08	-4.402429e-09	-5.426626e+01	-5.171604e+02
3.800000e-07	-1.043924e-08	-4.345336e-09	-5.411507e+01	-5.155243e+02
3.900000e-07	-1.040929e-08	-4.281579e-09	-5.395982e+01	-5.138508e+02
4.000000e-07	-1.037850e-08	-4.315146e-09	-5.380025e+01	-5.121399e+02
4.100000e-07	-1.034701e-08	-4.254915e-09	-5.363701e+01	-5.103918e+02
4.200000e-07	-1.031490e-08	-4.211880e-09	-5.347055e+01	-5.086066e+02
4.300000e-07	-1.028214e-08	-4.283992e-09	-5.330070e+01	-5.067845e+02
4.400000e-07	-1.024860e-08	-4.278824e-09	-5.312687e+01	-5.049255e+02
4.500000e-07	-1.021412e-08	-4.242381e-09	-5.294812e+01	-5.030298e+02
4.600000e-07	-1.017867e-08	-4.238936e-09	-5.276435e+01	-5.010975e+02
4.700000e-07	-1.014251e-08	-4.200380e-09	-5.257688e+01	-4.991288e+02
4.800000e-07	-1.010577e-08	-4.171891e-09	-5.238647e+01	-4.971238e+02
4.900000e-07	-1.006842e-08	-4.187354e-09	-5.219283e+01	-4.950827e+02
5.000000e-07	-1.003035e-08	-4.156698e-09	-5.199549e+01	-4.930056e+02
5.100000e-07	-9.991541e-09	-4.152081e-09	-5.179431e+01	-4.908927e+02
5.200000e-07	-9.952059e-09	-4.165601e-09	-5.158964e+01	-4.887441e+02
5.300000e-07	-9.911979e-09	-4.132021e-09	-5.138188e+01	-4.865600e+02
5.400000e-07	-9.871262e-09	-4.094812e-09	-5.117081e+01	-4.843405e+02
5.500000e-07	-9.829737e-09	-4.097900e-09	-5.095555e+01	-4.820858e+02
5.600000e-07	-9.787245e-09	-4.074515e-09	-5.073528e+01	-4.797960e+02
5.700000e-07	-9.743768e-09	-4.054473e-09	-5.050990e+01	-4.774714e+02
5.800000e-07	-9.699520e-09	-4.045959e-09	-5.028053e+01	-4.751121e+02
5.900000e-07	-9.654687e-09	-4.025663e-09	-5.004812e+01	-4.727182e+02
6.000000e-07	-9.609275e-09	-4.001627e-09	-4.981272e+01	-4.702900e+02
6.100000e-07	-9.563226e-09	-3.989758e-09	-4.957400e+01	-4.678276e+02
6.200000e-07	-9.516497e-09	-3.960430e-09	-4.933177e+01	-4.653312e+02
6.300000e-07	-9.469119e-09	-3.936134e-09	-4.908617e+01	-4.628010e+02
6.400000e-07	-9.421102e-09	-3.927898e-09	-4.883726e+01	-4.602371e+02
6.500000e-07	-9.372334e-09	-3.914416e-09	-4.858446e+01	-4.576398e+02
6.600000e-07	-9.322692e-09	-3.889778e-09	-4.832712e+01	-4.550092e+02
6.700000e-07	-9.272115e-09	-3.866253e-09	-4.806494e+01	-4.523455e+02
6.800000e-07	-9.220606e-09	-3.842396e-09	-4.779793e+01	-4.496490e+02
6.900000e-07	-9.168248e-09	-3.824343e-09	-4.752652e+01	-4.469198e+02
7.000000e-07	-9.115155e-09	-3.808732e-09	-4.725129e+01	-4.441581e+02
7.100000e-07	-9.061378e-09	-3.783603e-09	-4.697252e+01	-4.413641e+02
7.200000e-07	-9.006945e-09	-3.759590e-09	-4.669035e+01	-4.385380e+02
7.300000e-07	-8.951945e-09	-3.739724e-09	-4.640524e+01	-4.356801e+02
7.400000e-07	-8.896418e-09	-3.718828e-09	-4.611740e+01	-4.327905e+02
7.500000e-07	-8.840363e-09	-3.694186e-09	-4.582682e+01	-4.298694e+02
7.600000e-07	-8.783743e-09	-3.673072e-09	-4.553331e+01	-4.269171e+02
7.700000e-07	-8.726471e-09	-3.649216e-09	-4.523642e+01	-4.239337e+02
7.800000e-07	-8.668461e-09	-3.627091e-09	-4.493571e+01	-4.209196e+02
7.900000e-07	-8.609647e-09	-3.601903e-09	-4.463083e+01	-4.178748e+02
8.000000e-07	-8.550078e-09	-3.578634e-09	-4.432204e+01	-4.147997e+02
8.100000e-07	-8.489870e-09	-3.553579e-09	-4.400993e+01	-4.116944e+02
8.200000e-07	-8.429078e-09	-3.530017e-09	-4.369480e+01	-4.085592e+02
8.300000e-07	-8.367726e-09	-3.505427e-09	-4.337676e+01	-4.053943e+02
8.400000e-07	-8.305787e-09	-3.485234e-09	-4.305567e+01	-4.021999e+02
8.500000e-07	-8.243275e-09	-3.458778e-09	-4.273162e+01	-3.989763e+02
8.600000e-07	-8.180222e-09	-3.429173e-09	-4.240477e+01	-3.957237e+02
8.700000e-07	-8.116652e-09	-3.398032e-09	-4.207524e+01	-3.924424e+02
8.800000e-07	-8.052568e-09	-3.373728e-09	-4.174303e+01	-3.891325e+02
8.900000e-07	-7.987953e-09	-3.350586e-09	-4.140808e+01	-3.857943e+02
9.000000e-07	-7.922794e-09	-3.327691e-09	-4.107031e+01	-3.824281e+02
9.100000e-07	-7.857024e-09	-3.299612e-09	-4.072937e+01	-3.790341e+02
9.200000e-07	-7.790582e-09	-3.270797e-09	-4.038495e+01	-3.756125e+02
9.300000e-07	-7.723467e-09	-3.241116e-09	-4.003704e+01	-3.721636e+02
9.400000e-07	-7.655736e-09	-3.213050e-09	-3.968593e+01	-3.686877e+02
9.500000e-07	-7.587447e-09	-3.185035e-09	-3.933194e+01	-3.651850e+02
9.600000e-07	-7.518663e-09	-3.157701e-09	-3.897537e+01	-3.616557e+02
9.700000e-07	-7.449410e-09	-3.131807e-09	-3.861638e+01	-3.581002e+02
9.800000e-07	-7.379654e-09	-3.106881e-09	-3.825477e+01	-3.545186e+02
9.900000e-07	-7.309369e-09	-3.078861e-09	-3.789043e+01	-3.509112e+02
1.000000e-06	-7.238596e-09	-3.046566e-09	-3.752356e+01	-3.472784e+02
1.010000e-06	-7.167375e-09	-3.012602e-09	-3.715436e+01	-3.436203e+02
1.020000e-06	-7.095701e-09	-2.979888e-09	-3.678281e+01	-3.399372e+02
1.030000e-06	-7.023552e-09	-2.951103e-09	-3.640880e+01	-3.362294e+02
1.040000e-06	-6.950896e-09	-2.924675e-09	-3.603217e+01	-3.324972e+02
1.050000e-06	-6.877708e-09	-2.896377e-09	-3.565278e+01	-3.287408e+02
1.060000e-06	-6.803963e-09	-2.862718e-09	-3.527050e+01	-3.249605e+02
1.070000e-06	-6.729579e-09	-2.831377e-09	-3.488490e+01	-3.211566e+02
1.080000e-06	-6.654540e-09	-2.802633e-09	-3.449592e+01	-3.173294e+02
1.090000e-06	-6.578868e-09	-2.775397e-09	-3.410365e+01	-3.134791e+02
1.100000e-06	-6.502598e-09	-2.745561e-09	-3.370828e+01	-3.096060e+02
1.110000e-06	-6.425811e-09	-2.716827e-09	-3.331023e+01	-3.057104e+02
1.120000e-06	-6.348533e-09	-2.685766e-09	-3.290963e+01	-3.017925e+02
1.130000e-06	-6.270770e-09	-2.651790e-09	-3.250653e+01	-2.978528e+02
1.140000e-06	-6.192513e-09	-2.612591e-09	-3.210086e+01	-2.938914e+02
1.150000e-06	-6.113750e-09	-2.574440e-09	-3.169257e+01	-2.899086e+02
1.160000e-06	-6.034516e-09	-2.544761e-09	-3.128183e+01	-2.859047e+02
1.170000e-06	-5.954854e-09	-2.524148e-09	-3.086888e+01	-2.818801e+02
1.180000e-06	-5.874750e-09	-2.504714e-09	-3.045364e+01	-2.778350e+02
1.190000e-06	-5.794170e-09	-2.477888e-09	-3.003593e+01	-2.737697e+02
1.200000e-06	-5.713116e-09	-2.439612e-09	-2.961576e+01	-2.696845e+02
1.210000e-06	-5.631589e-09	-2.394937e-09	-2.919314e+01	-2.655797e+02
1.220000e-06	-5.549598e-09	-2.348477e-09	-2.876811e+01	-2.614555e+02
1.230000e-06	-5.467207e-09	-2.308214e-09	-2.834101e+01	-2.573124e+02
1.240000e-06	-5.384471e-09	-2.275272e-09	-2.791212e+01	-2.531506e+02
1.250000e-06	-5.301437e-09	-2.250789e-09	-2.748168e+01	-2.489703e+02
1.260000e-06	-5.218135e-09	-2.230714e-09	-2.704987e+01	-2.447720e+02
1.270000e-06	-5.134516e-09	-2.207750e-09	-2.661640e+01	-2.405559e+02
1.280000e-06	-5.050579e-09	-2.175862e-09	-2.618128e+01	-2.363223e+02
1.290000e-06	-4.966338e-09	-2.134403e-09	-2.574459e+01	-2.320715e+02
1.300000e-06	-4.881786e-09	-2.091149e-09	-2.530629e+01	-2.278039e+02
1.310000e-06	-4.796964e-09	-2.050362e-09	-2.486659e+01	-2.235197e+02
1.320000e-06	-4.711893e-09	-2.013483e-09	-2.442560e+01	-2.192192e+02
1.330000e-06	-4.626544e-09	-1.982281e-09	-2.398316e+01	-2.149028e+02
1.340000e-06	-4.540897e-09	-1.954036e-09	-2.353918e+01	-2.105708e+02
1.350000e-06	-4.454935e-09	-1.926703e-09	-2.309357e+01	-2.062235e+02
1.360000e-06	-4.368640e-09	-1.898537e-09	-2.264623e+01	-2.018612e+02
1.370000e-06	-4.282033e-09	-1.867735e-09	-2.219728e+01	-1.974842e+02
1.380000e-06	-4.195141e-09	-1.830980e-09	-2.174685e+01	-1.930929e+02
1.390000e-06	-4.108002e-09	-1.787583e-09	-2.129513e+01	-1.886875e+02
1.400000e-06	-4.020619e-09	-1.743899e-09	-2.084215e+01	-1.842684e+02
1.410000e-06	-3.932998e-09	-1.703231e-09	-2.038795e+01	-1.798359e+02
1.420000e-06	-3.845144e-09	-1.668725e-09	-1.993253e+01	-1.753904e+02
1.430000e-06	-3.757019e-09	-1.637705e-09	-1.947570e+01	-1.709321e+02
1.440000e-06	-3.668612e-09	-1.606955e-09	-1.901742e+01	-1.664613e+02
1.450000e-06	-3.579917e-09	-1.574558e-09	-1.855764e+01	-1.619785e+02
1.460000e-06	-3.490946e-09	-1.540071e-09	-1.809643e+01	-1.574839e+02
1.470000e-06	-3.401722e-09	-1.501227e-09	-1.763391e+01	-1.529779e+02
1.480000e-06	-3.312248e-09	-1.455374e-09	-1.717009e+01	-1.484607e+02
1.490000e-06	-3.222540e-09	-1.406283e-09	-1.670506e+01	-1.439327e+02
1.500000e-06	-3.132588e-09	-1.362812e-09	-1.623877e+01	-1.393943e+02
1.510000e-06	-3.042372e-09	-1.327810e-09	-1.577111e+01	-1.348458e+02
1.520000e-06	-2.951935e-09	-1.296301e-09	-1.530230e+01	-1.302874e+02
1.530000e-06	-2.861308e-09	-1.260577e-09	-1.483251e+01	-1.257196e+02
1.540000e-06	-2.770491e-09	-1.219923e-09	-1.436172e+01	-1.211426e+02
1.550000e-06	-2.679469e-09	-1.180752e-09	-1.388988e+01	-1.165568e+02
1.560000e-06	-2.588236e-09	-1.145993e-09	-1.341695e+01	-1.119626e+02
1.570000e-06	-2.496808e-09	-1.109042e-09	-1.294301e+01	-1.073602e+02
1.580000e-06	-2.405181e-09	-1.067333e-09	-1.246803e+01	-1.027500e+02
1.590000e-06	-2.313359e-09	-1.023365e-09	-1.199204e+01	-9.813237e+01
1.600000e-06	-2.221346e-09	-9.811679e-10	-1.151506e+01	-9.350758e+01
1.610000e-06	-2.129147e-09	-9.416521e-10	-1.103712e+01	-8.887599e+01
1.620000e-06	-2.036778e-09	-9.025445e-10	-1.055829e+01	-8.423794e+01
1.630000e-06	-1.944228e-09	-8.617005e-10	-1.007853e+01	-7.959377e+01
1.640000e-06	-1.851523e-09	-8.206154e-10	-9.597965e+00	-7.494381e+01
1.650000e-06	-1.758676e-09	-7.800444e-10	-9.116663e+00	-7.028840e+01
1.660000e-06	-1.665701e-09	-7.385763e-10	-8.634697e+00	-6.562789e+01
1.670000e-06	-1.572631e-09	-6.955985e-10	-8.152236e+00	-6.096260e+01
1.680000e-06	-1.479487e-09	-6.528936e-10	-7.669398e+00	-5.629288e+01
1.690000e-06	-1.386285e-09	-6.112220e-10	-7.186254e+00	-5.161907e+01
1.700000e-06	-1.293028e-09	-5.696590e-10	-6.702826e+00	-4.694150e+01
1.710000e-06	-1.199718e-09	-5.267708e-10	-6.219123e+00	-4.226053e+01
1.720000e-06	-1.106332e-09	-4.830771e-10	-5.735025e+00	-3.757648e+01
1.730000e-06	-1.012863e-09	-4.406890e-10	-5.250499e+00	-3.288970e+01
1.740000e-06	-9.193444e-10	-4.007470e-10	-4.765718e+00	-2.820052e+01
1.750000e-06	-8.257682e-10	-3.605919e-10	-4.280636e+00	-2.350930e+01
1.760000e-06	-7.321170e-10	-3.184409e-10	-3.795165e+00	-1.881637e+01
1.770000e-06	-6.384127e-10	-2.752830e-10	-3.309419e+00	-1.412206e+01
1.780000e-06	-5.446585e-10	-2.304206e-10	-2.823415e+00	-9.426734e+00
1.790000e-06	-4.508791e-10	-1.860738e-10	-2.337279e+00	-4.730719e+00
1.800000e-06	-3.570748e-10	-1.430527e-10	-1.851015e+00	-3.435922e-02
1.810000e-06	-2.632353e-10	-1.010459e-10	-1.364569e+00	4.662004e+00
1.820000e-06	-1.693962e-10	-6.077711e-11	-8.781245e-01	9.358029e+00
1.830000e-06	-7.558542e-11	-2.098200e-11	-3.918266e-01	1.405338e+01
1.840000e-06	1.819489e-11	2.124608e-11	9.431300e-02	1.874770e+01
1.850000e-06	1.119639e-10	6.615597e-11	5.803943e-01	2.344066e+01
1.860000e-06	2.057215e-10	1.124149e-10	1.066416e+00	2.813192e+01
1.870000e-06	2.994589e-10	1.570516e-10	1.552333e+00	3.282114e+01
1.880000e-06	3.931872e-10	2.001709e-10	2.038204e+00	3.750797e+01
1.890000e-06	4.869105e-10	2.424573e-10	2.524048e+00	4.219208e+01
1.900000e-06	5.806061e-10	2.852502e-10	3.009749e+00	4.687312e+01
1.910000e-06	6.742663e-10	3.274564e-10	3.495267e+00	5.155076e+01
1.920000e-06	7.679077e-10	3.700502e-10	3.980686e+00	5.622464e+01
1.930000e-06	8.615029e-10	4.142234e-10	4.465867e+00	6.089445e+01
1.940000e-06	9.550286e-10	4.595289e-10	4.950687e+00	6.555982e+01
1.950000e-06	1.048482e-09	5.038496e-10	5.435133e+00	7.022044e+01
1.960000e-06	1.141854e-09	5.449209e-10	5.919158e+00	7.487595e+01
1.970000e-06	1.235139e-09	5.848311e-10	6.402728e+00	7.952602e+01
1.980000e-06	1.328338e-09	6.257101e-10	6.885857e+00	8.417031e+01
1.990000e-06	1.421418e-09	6.679152e-10	7.368367e+00	8.880848e+01
2.000000e-06	1.514386e-09	7.116431e-10	7.850297e+00	9.344020e+01
2.010000e-06	1.607285e-09	7.546267e-10	8.331866e+00	9.806513e+01
2.020000e-06	1.700098e-09	7.965261e-10	8.812994e+00	1.026829e+02
2.030000e-06	1.792809e-09	8.379823e-10	9.293592e+00	1.072933e+02
2.040000e-06	1.885412e-09	8.787963e-10	9.773629e+00	1.118958e+02
2.050000e-06	1.977890e-09	9.187291e-10	1.025302e+01	1.164902e+02
2.060000e-06	2.070199e-09	9.567962e-10	1.073153e+01	1.210762e+02
2.070000e-06	2.162340e-09	9.953457e-10	1.120917e+01	1.256533e+02
2.080000e-06	2.254309e-09	1.036924e-09	1.168592e+01	1.302213e+02
2.090000e-06	2.346077e-09	1.080662e-09	1.216163e+01	1.347799e+02
2.100000e-06	2.437596e-09	1.122703e-09	1.263605e+01	1.393286e+02
2.110000e-06	2.528868e-09	1.161996e-09	1.310919e+01	1.438672e+02
2.120000e-06	2.619892e-09	1.201554e-09	1.358103e+01	1.483954e+02
2.130000e-06	2.710661e-09	1.243948e-09	1.405156e+01	1.529128e+02
2.140000e-06	2.801226e-09	1.287944e-09	1.452103e+01	1.574191e+02
2.150000e-06	2.891598e-09	1.331194e-09	1.498951e+01	1.619139e+02
2.160000e-06	2.981795e-09	1.371279e-09	1.545707e+01	1.663969e+02
2.170000e-06	3.071815e-09	1.408398e-09	1.592372e+01	1.708679e+02
2.180000e-06	3.161640e-09	1.446793e-09	1.638935e+01	1.753265e+02
2.190000e-06	3.251255e-09	1.488957e-09	1.685390e+01	1.797723e+02
2.200000e-06	3.340618e-09	1.530820e-09	1.731714e+01	1.842050e+02
2.210000e-06	3.429719e-09	1.570021e-09	1.777902e+01	1.886244e+02
2.220000e-06	3.518542e-09	1.609184e-09	1.823947e+01	1.930300e+02
2.230000e-06	3.607044e-09	1.650350e-09	1.869824e+01	1.974216e+02
2.240000e-06	3.695213e-09	1.691598e-09	1.915530e+01	2.017989e+02
2.250000e-06	3.783080e-09	1.729622e-09	1.961078e+01	2.061615e+02
2.260000e-06	3.870661e-09	1.764208e-09	2.006479e+01	2.105091e+02
2.270000e-06	3.957981e-09	1.800412e-09	2.051744e+01	2.148414e+02
2.280000e-06	4.045074e-09	1.840184e-09	2.096891e+01	2.191581e+02
2.290000e-06	4.131916e-09	1.881244e-09	2.141908e+01	2.234589e+02
2.300000e-06	4.218504e-09	1.921703e-09	2.186795e+01	2.277434e+02
2.310000e-06	4.304825e-09	1.960799e-09	2.231541e+01	2.320114e+02
2.320000e-06	4.390869e-09	1.999835e-09	2.276145e+01	2.362625e+02
2.330000e-06	4.476645e-09	2.039395e-09	2.320610e+01	2.404965e+02
2.340000e-06	4.562135e-09	2.077091e-09	2.364927e+01	2.447129e+02
2.350000e-06	4.647349e-09	2.111516e-09	2.409100e+01	2.489116e+02
2.360000e-06	4.732292e-09	2.146861e-09	2.453133e+01	2.530922e+02
2.370000e-06	4.816939e-09	2.184619e-09	2.497012e+01	2.572544e+02
2.380000e-06	4.901242e-09	2.225829e-09	2.540714e+01	2.613979e+02
2.390000e-06	4.985185e-09	2.267947e-09	2.584228e+01	2.655224e+02
2.400000e-06	5.068772e-09	2.305613e-09	2.627558e+01	2.696276e+02
2.410000e-06	5.152031e-09	2.339429e-09	2.670718e+01	2.737132e+02
2.420000e-06	5.234979e-09	2.372625e-09	2.713717e+01	2.777789e+02
2.430000e-06	5.317621e-09	2.407484e-09	2.756557e+01	2.818244e+02
2.440000e-06	5.399952e-09	2.443454e-09	2.799236e+01	2.858494e+02
2.450000e-06	5.481937e-09	2.479433e-09	2.841735e+01	2.898537e+02
2.460000e-06	5.563548e-09	2.516451e-09	2.884041e+01	2.938369e+02
2.470000e-06	5.644744e-09	2.554505e-09	2.926131e+01	2.977987e+02
2.480000e-06	5.725453e-09	2.592325e-09	2.967970e+01	3.017389e+02
2.490000e-06	5.805693e-09	2.627702e-09	3.009564e+01	3.056572e+02
2.500000e-06	5.885505e-09	2.660553e-09	3.050937e+01	3.095532e+02
2.510000e-06	5.964863e-09	2.694692e-09	3.092075e+01	3.134268e+02
2.520000e-06	6.043760e-09	2.732126e-09	3.132974e+01	3.172775e+02
2.530000e-06	6.122164e-09	2.772116e-09	3.173617e+01	3.211052e+02
2.540000e-06	6.200062e-09	2.809747e-09	3.213998e+01	3.249096e+02
2.550000e-06	6.277496e-09	2.843101e-09	3.254138e+01	3.286904e+02
2.560000e-06	6.354500e-09	2.875021e-09	3.294056e+01	3.324472e+02
2.570000e-06	6.431064e-09	2.906930e-09	3.333745e+01	3.361799e+02
2.580000e-06	6.507122e-09	2.938067e-09	3.373172e+01	3.398882e+02
2.590000e-06	6.582582e-09	2.969485e-09	3.412289e+01	3.435717e+02
2.600000e-06	6.657440e-09	3.003449e-09	3.451094e+01	3.472303e+02
2.610000e-06	6.731753e-09	3.040198e-09	3.489616e+01	3.508637e+02
2.620000e-06	6.805506e-09	3.077724e-09	3.527848e+01	3.544715e+02
2.630000e-06	6.878682e-09	3.112841e-09	3.565781e+01	3.580536e+02
2.640000e-06	6.951284e-09	3.144572e-09	3.603417e+01	3.616097e+02
2.650000e-06	7.023343e-09	3.175639e-09	3.640771e+01	3.651395e+02
2.660000e-06	7.094906e-09	3.207705e-09	3.677868e+01	3.686427e+02
2.670000e-06	7.166002e-09	3.238722e-09	3.714723e+01	3.721192e+02
2.680000e-06	7.236640e-09	3.268440e-09	3.751341e+01	3.755686e+02
2.690000e-06	7.306755e-09	3.298389e-09	3.787687e+01	3.789907e+02
2.700000e-06	7.376362e-09	3.329777e-09	3.823770e+01	3.823852e+02
2.710000e-06	7.445523e-09	3.361250e-09	3.859621e+01	3.857520e+02
2.720000e-06	7.514262e-09	3.392035e-09	3.895255e+01	3.890907e+02
2.730000e-06	7.582534e-09	3.422736e-09	3.930646e+01	3.924012e+02
2.740000e-06	7.650241e-09	3.453267e-09	3.965744e+01	3.956831e+02
2.750000e-06	7.717336e-09	3.484571e-09	4.000524e+01	3.989363e+02
2.760000e-06	7.783780e-09	3.516228e-09	4.034968e+01	4.021605e+02
2.770000e-06	7.849580e-09	3.547740e-09	4.069077e+01	4.053554e+02
2.780000e-06	7.914745e-09	3.577423e-09	4.102857e+01	4.085209e+02
2.790000e-06	7.979289e-09	3.604896e-09	4.136316e+01	4.116567e+02
2.800000e-06	8.043267e-09	3.633005e-09	4.169481e+01	4.147625e+02
2.810000e-06	8.106737e-09	3.662854e-09	4.202383e+01	4.178383e+02
2.820000e-06	8.169716e-09	3.693337e-09	4.235030e+01	4.208836e+02
2.830000e-06	8.232167e-09	3.722893e-09	4.267403e+01	4.238984e+02
2.840000e-06	8.294077e-09	3.750909e-09	4.299496e+01	4.268823e+02
2.850000e-06	8.355479e-09	3.778298e-09	4.331326e+01	4.298353e+02
2.860000e-06	8.416401e-09	3.806694e-09	4.362907e+01	4.327570e+02
2.870000e-06	8.476833e-09	3.835510e-09	4.394234e+01	4.356472e+02
2.880000e-06	8.536710e-09	3.862742e-09	4.425273e+01	4.385058e+02
2.890000e-06	8.595887e-09	3.887859e-09	4.455949e+01	4.413325e+02
2.900000e-06	8.654274e-09	3.913679e-09	4.486216e+01	4.441271e+02
2.910000e-06	8.711895e-09	3.942086e-09	4.516086e+01	4.468894e+02
2.920000e-06	8.768797e-09	3.971884e-09	4.545582e+01	4.496193e+02
2.930000e-06	8.825048e-09	4.000876e-09	4.574742e+01	4.523165e+02
2.940000e-06	8.880707e-09	4.027971e-09	4.603594e+01	4.549808e+02
2.950000e-06	8.935799e-09	4.053294e-09	4.632153e+01	4.576120e+02
2.960000e-06	8.990296e-09	4.077505e-09	4.660404e+01	4.602100e+02
2.970000e-06	9.044173e-09	4.100822e-09	4.688332e+01	4.627745e+02
2.980000e-06	9.097444e-09	4.123051e-09	4.715947e+01	4.653054e+02
2.990000e-06	9.150068e-09	4.145591e-09	4.743227e+01	4.678025e+02
3.000000e-06	9.201941e-09	4.168478e-09	4.770116e+01	4.702655e+02
3.010000e-06	9.252929e-09	4.191435e-09	4.796547e+01	4.726944e+02
3.020000e-06	9.302989e-09	4.214892e-09	4.822497e+01	4.750890e+02
3.030000e-06	9.352180e-09	4.238598e-09	4.847997e+01	4.774490e+02
3.040000e-06	9.400619e-09	4.262607e-09	4.873107e+01	4.797743e+02
3.050000e-06	9.448406e-09	4.287145e-09	4.897879e+01	4.820647e+02
3.060000e-06	9.495559e-09	4.309709e-09	4.922323e+01	4.843201e+02
3.070000e-06	9.542064e-09	4.327651e-09	4.946429e+01	4.865403e+02
3.080000e-06	9.587871e-09	4.343394e-09	4.970175e+01	4.887251e+02
3.090000e-06	9.633011e-09	4.360381e-09	4.993575e+01	4.908744e+02
3.100000e-06	9.677607e-09	4.381095e-09	5.016693e+01	4.929880e+02
3.110000e-06	9.721703e-09	4.402037e-09	5.039551e+01	4.950658e+02
3.120000e-06	9.765175e-09	4.421290e-09	5.062086e+01	4.971077e+02
3.130000e-06	9.807792e-09	4.440075e-09	5.084178e+01	4.991133e+02
3.140000e-06	9.849487e-09	4.460700e-09	5.105792e+01	5.010827e+02
3.150000e-06	9.890352e-09	4.484499e-09	5.126976e+01	5.030157e+02
3.160000e-06	9.930528e-09	4.506001e-09	5.147802e+01	5.049122e+02
3.170000e-06	9.970095e-09	4.522499e-09	5.168313e+01	5.067719e+02
3.180000e-06	1.000900e-08	4.535865e-09	5.188481e+01	5.085948e+02
3.190000e-06	1.004720e-08	4.549748e-09	5.208284e+01	5.103807e+02
3.200000e-06	1.008468e-08	4.567065e-09	5.227714e+01	5.121295e+02
3.210000e-06	1.012151e-08	4.586175e-09	5.246802e+01	5.138411e+02
3.220000e-06	1.015778e-08	4.605146e-09	5.265607e+01	5.155154e+02
3.230000e-06	1.019348e-08	4.623980e-09	5.284111e+01	5.171522e+02
3.240000e-06	1.022837e-08	4.641393e-09	5.302196e+01	5.187514e+02
3.250000e-06	1.026226e-08	4.656484e-09	5.319766e+01	5.203129e+02
3.260000e-06	1.029525e-08	4.665020e-09	5.336867e+01	5.218366e+02
3.270000e-06	1.032756e-08	4.670955e-09	5.353618e+01	5.233223e+02
3.280000e-06	1.035925e-08	4.679609e-09	5.370043e+01	5.247701e+02
3.290000e-06	1.039027e-08	4.695064e-09	5.386125e+01	5.261796e+02
3.300000e-06	1.042060e-08	4.716456e-09	5.401845e+01	5.275510e+02
3.310000e-06	1.045017e-08	4.735787e-09	5.417174e+01	5.288840e+02
3.320000e-06	1.047904e-08	4.750470e-09	5.432139e+01	5.301785e+02
3.330000e-06	1.050734e-08	4.761518e-09	5.446811e+01	5.314345e+02
3.340000e-06	1.053503e-08	4.771614e-09	5.461165e+01	5.326519e+02
3.350000e-06	1.056184e-08	4.781017e-09	5.475064e+01	5.338306e+02
3.360000e-06	1.058758e-08	4.788858e-09	5.488405e+01	5.349705e+02
3.370000e-06	1.061237e-08	4.797890e-09	5.501255e+01	5.360714e+02
3.380000e-06	1.063646e-08	4.809098e-09	5.513745e+01	5.371335e+02
3.390000e-06	1.065986e-08	4.821371e-09	5.525875e+01	5.381565e+02
3.400000e-06	1.068256e-08	4.833033e-09	5.537641e+01	5.391403e+02
3.410000e-06	1.070455e-08	4.841377e-09	5.549041e+01	5.400850e+02
3.420000e-06	1.072580e-08	4.847936e-09	5.560059e+01	5.409904e+02
3.430000e-06	1.074641e-08	4.855527e-09	5.570743e+01	5.418566e+02
3.440000e-06	1.076647e-08	4.865238e-09	5.581138e+01	5.426833e+02
3.450000e-06	1.078585e-08	4.872995e-09	5.591185e+01	5.434706e+02
3.460000e-06	1.080442e-08	4.875714e-09	5.600813e+01	5.442183e+02
3.470000e-06	1.082221e-08	4.875773e-09	5.610033e+01	5.449266e+02
3.480000e-06	1.083928e-08	4.878220e-09	5.618883e+01	5.455952e+02
3.490000e-06	1.085553e-08	4.884476e-09	5.627306e+01	5.462242e+02
3.500000e-06	1.087081e-08	4.891821e-09	5.635227e+01	5.468134e+02
3.510000e-06	1.088522e-08	4.898552e-09	5.642695e+01	5.473629e+02
3.520000e-06	1.089881e-08	4.905708e-09	5.649742e+01	5.478727e+02
3.530000e-06	1.091161e-08	4.912403e-09	5.656378e+01	5.483426e+02
3.540000e-06	1.092368e-08	4.917705e-09	5.662633e+01	5.487726e+02
3.550000e-06	1.093485e-08	4.920347e-09	5.668424e+01	5.491628e+02
3.560000e-06	1.094486e-08	4.919128e-09	5.673615e+01	5.495131e+02
3.570000e-06	1.095383e-08	4.916572e-09	5.678265e+01	5.498234e+02
3.580000e-06	1.096209e-08	4.917105e-09	5.682543e+01	5.500938e+02
3.590000e-06	1.096969e-08	4.921311e-09	5.686483e+01	5.503241e+02
3.600000e-06	1.097655e-08	4.926258e-09	5.690039e+01	5.505145e+02
3.610000e-06	1.098262e-08	4.930237e-09	5.693188e+01	5.506649e+02
3.620000e-06	1.098789e-08	4.933301e-09	5.695921e+01	5.507752e+02
3.630000e-06	1.099250e-08	4.935515e-09	5.698309e+01	5.508455e+02
3.640000e-06	1.099657e-08	4.936680e-09	5.700418e+01	5.508758e+02
3.650000e-06	1.099988e-08	4.935303e-09	5.702134e+01	5.508660e+02
3.660000e-06	1.100212e-08	4.930689e-09	5.703297e+01	5.508162e+02
3.670000e-06	1.100331e-08	4.925681e-09	5.703913e+01	5.507264e+02
3.680000e-06	1.100376e-08	4.922354e-09	5.704147e+01	5.505965e+02
3.690000e-06	1.100361e-08	4.923020e-09	5.704069e+01	5.504266e+02
3.700000e-06	1.100275e-08	4.921982e-09	5.703620e+01	5.502167e+02
3.710000e-06	1.100115e-08	4.918833e-09	5.702796e+01	5.499668e+02
3.720000e-06	1.099888e-08	4.916068e-09	5.701615e+01	5.496770e+02
3.730000e-06	1.099590e-08	4.910637e-09	5.700072e+01	5.493471e+02
3.740000e-06	1.099234e-08	4.908910e-09	5.698227e+01	5.489774e+02
3.750000e-06	1.098829e-08	4.900911e-09	5.696129e+01	5.485678e+02
3.760000e-06	1.098356e-08	4.860503e-09	5.693675e+01	5.481182e+02
3.770000e-06	1.097786e-08	4.841923e-09	5.690722e+01	5.476289e+02
3.780000e-06	1.097107e-08	4.942128e-09	5.687201e+01	5.470997e+02
3.790000e-06	1.096303e-08	5.025186e-09	5.683033e+01	5.465308e+02
3.800000e-06	1.095349e-08	4.931298e-09	5.678088e+01	5.459222e+02
3.810000e-06	1.094278e-08	4.722136e-09	5.672534e+01	5.452739e+02
3.820000e-06	1.093191e-08	4.761959e-09	5.666902e+01	5.445859e+02
3.830000e-06	1.092118e-08	4.974125e-09	5.661339e+01	5.438584e+02
3.840000e-06	1.090951e-08	4.832014e-09	5.655287e+01	5.430913e+02
3.850000e-06	1.089624e-08	4.548462e-09	5.648412e+01	5.422848e+02
3.860000e-06	1.088227e-08	4.667685e-09	5.641167e+01	5.414388e+02
3.870000e-06	1.086802e-08	4.791367e-09	5.633780e+01	5.405535e+02
3.880000e-06	1.085267e-08	4.433807e-09	5.625824e+01	5.396289e+02
3.890000e-06	1.083619e-08	4.293144e-09	5.617280e+01	5.386651e+02
3.900000e-06	1.081931e-08	4.640780e-09	5.608532e+01	5.376621e+02
3.910000e-06	1.080188e-08	4.640069e-09	5.599496e+01	5.366201e+02
3.920000e-06	1.078343e-08	4.307786e-09	5.589931e+01	5.355390e+02
3.930000e-06	1.076429e-08	4.406559e-09	5.580007e+01	5.344190e+02
3.940000e-06	1.074464e-08	4.563013e-09	5.569825e+01	5.332602e+02
3.950000e-06	1.072386e-08	4.269811e-09	5.559053e+01	5.320626e+02
3.960000e-06	1.070187e-08	4.196698e-09	5.547654e+01	5.308264e+02
3.970000e-06	1.067918e-08	4.454260e-09	5.535890e+01	5.295516e+02
3.980000e-06	1.065580e-08	4.312270e-09	5.523768e+01	5.282383e+02
3.990000e-06	1.063168e-08	4.205926e-09	5.511265e+01	5.268865e+02
4.000000e-06	1.060704e-08	4.502217e-09	5.498496e+01	5.254965e+02
4.010000e-06	1.058173e-08	4.539163e-09	5.485375e+01	5.240683e+02
4.020000e-06	1.055547e-08	4.316398e-09	5.471762e+01	5.226020e+02
4.030000e-06	1.052850e-08	4.385131e-09	5.457778e+01	5.210978e+02
4.040000e-06	1.050099e-08	4.399685e-09	5.443521e+01	5.195556e+02
4.050000e-06	1.047281e-08	4.274578e-09	5.428914e+01	5.179757e+02
4.060000e-06	1.044387e-08	4.382690e-09	5.413911e+01	5.163581e+02
4.070000e-06	1.041403e-08	4.423451e-09	5.398440e+01	5.147030e+02
4.080000e-06	1.038314e-08	4.298358e-09	5.382430e+01	5.130105e+02
4.090000e-06	1.035144e-08	4.329462e-09	5.365994e+01	5.112807e+02
4.100000e-06	1.031901e-08	4.345318e-09	5.349187e+01	5.095138e+02
4.110000e-06	1.028580e-08	4.255992e-09	5.331967e+01	5.077098e+02
4.120000e-06	1.025191e-08	4.291802e-09	5.314404e+01	5.058689e+02
4.130000e-06	1.021746e-08	4.269197e-09	5.296541e+01	5.039913e+02
4.140000e-06	1.018236e-08	4.203780e-09	5.278350e+01	5.020770e+02
4.150000e-06	1.014667e-08	4.263322e-09	5.259848e+01	5.001262e+02
4.160000e-06	1.011031e-08	4.256070e-09	5.240998e+01	4.981391e+02
4.170000e-06	1.007306e-08	4.167253e-09	5.221688e+01	4.961157e+02
4.180000e-06	1.003486e-08	4.163311e-09	5.201889e+01	4.940563e+02
4.190000e-06	9.995817e-09	4.112526e-09	5.181647e+01	4.919610e+02
4.200000e-06	9.956062e-09	4.086107e-09	5.161039e+01	4.898300e+02
4.210000e-06	9.915709e-09	4.154331e-09	5.140121e+01	4.876633e+02
4.220000e-06	9.874682e-09	4.130801e-09	5.118853e+01	4.854612e+02
4.230000e-06	9.832937e-09	4.051407e-09	5.097213e+01	4.832238e+02
4.240000e-06	9.790496e-09	4.052368e-09	5.075213e+01	4.809513e+02
4.250000e-06	9.747384e-09	4.037189e-09	5.052864e+01	4.786438e+02
4.260000e-06	9.703667e-09	4.012583e-09	5.030202e+01	4.763016e+02
4.270000e-06	9.659412e-09	3.997473e-09	5.007261e+01	4.739247e+02
4.280000e-06	9.614620e-09	3.957478e-09	4.984042e+01	4.715134e+02
4.290000e-06	9.569160e-09	3.929507e-09	4.960476e+01	4.690678e+02
4.300000e-06	9.522963e-09	3.935598e-09	4.936528e+01	4.665881e+02
4.310000e-06	9.476075e-09	3.928509e-09	4.912223e+01	4.640745e+02
4.320000e-06	9.428518e-09	3.900012e-09	4.887570e+01	4.615272e+02
4.330000e-06	9.380233e-09	3.858735e-09	4.862540e+01	4.589463e+02
4.340000e-06	9.331138e-09	3.829426e-09	4.837090e+01	4.563321e+02
4.350000e-06	9.281277e-09	3.822191e-09	4.811243e+01	4.536847e+02
4.360000e-06	9.230703e-09	3.813496e-09	4.785026e+01	4.510043e+02
4.370000e-06	9.179404e-09	3.781138e-09	4.758434e+01	4.482911e+02
4.380000e-06	9.127325e-09	3.736700e-09	4.731437e+01	4.455454e+02
4.390000e-06	9.074391e-09	3.710279e-09	4.703997e+01	4.427673e+02
4.400000e-06	9.020562e-09	3.699281e-09	4.676093e+01	4.399570e+02
4.410000e-06	8.965876e-09	3.686712e-09	4.647745e+01	4.371147e+02
4.420000e-06	8.910501e-09	3.663783e-09	4.619040e+01	4.342407e+02
4.430000e-06	8.854599e-09	3.632135e-09	4.590061e+01	4.313351e+02
4.440000e-06	8.798195e-09	3.598120e-09	4.560822e+01	4.283981e+02
4.450000e-06	8.741210e-09	3.577994e-09	4.531283e+01	4.254300e+02
4.460000e-06	8.683596e-09	3.556320e-09	4.501416e+01	4.224310e+02
4.470000e-06	8.625368e-09	3.526502e-09	4.471232e+01	4.194013e+02
4.480000e-06	8.566569e-09	3.488634e-09	4.440752e+01	4.163410e+02
4.490000e-06	8.507214e-09	3.461394e-09	4.409983e+01	4.132506e+02
4.500000e-06	8.447278e-09	3.445799e-09	4.378913e+01	4.101301e+02
4.510000e-06	8.386682e-09	3.428030e-09	4.347502e+01	4.069798e+02
4.520000e-06	8.325351e-09	3.392098e-09	4.315709e+01	4.037999e+02
4.530000e-06	8.263317e-09	3.355165e-09	4.283552e+01	4.005906e+02
4.540000e-06	8.200602e-09	3.325978e-09	4.251041e+01	3.973523e+02
4.550000e-06	8.137232e-09	3.306078e-09	4.218191e+01	3.940850e+02
4.560000e-06	8.073315e-09	3.280244e-09	4.185058e+01	3.907892e+02
4.570000e-06	8.008925e-09	3.246197e-09	4.151679e+01	3.874649e+02
4.580000e-06	7.944067e-09	3.207908e-09	4.118058e+01	3.841124e+02
4.590000e-06	7.878675e-09	3.171989e-09	4.084160e+01	3.807321e+02
4.600000e-06	7.812717e-09	3.142111e-09	4.049968e+01	3.773240e+02
4.610000e-06	7.746221e-09	3.117590e-09	4.015498e+01	3.738886e+02
4.620000e-06	7.679208e-09	3.090681e-09	3.980760e+01	3.704259e+02
4.630000e-06	7.611645e-09	3.064268e-09	3.945736e+01	3.669364e+02
4.640000e-06	7.543508e-09	3.039348e-09	3.910416e+01	3.634202e+02
4.650000e-06	7.474786e-09	3.013010e-09	3.874791e+01	3.598775e+02
4.660000e-06	7.405461e-09	2.977989e-09	3.838855e+01	3.563087e+02
4.670000e-06	7.335517e-09	2.934486e-09	3.802597e+01	3.527140e+02
4.680000e-06	7.264935e-09	2.893175e-09	3.766009e+01	3.490937e+02
4.690000e-06	7.193741e-09	2.861814e-09	3.729103e+01	3.454480e+02
4.700000e-06	7.122053e-09	2.839125e-09	3.691942e+01	3.417772e+02
4.710000e-06	7.049949e-09	2.813957e-09	3.654564e+01	3.380815e+02
4.720000e-06	6.977391e-09	2.783307e-09	3.616951e+01	3.343613e+02
4.730000e-06	6.904374e-09	2.749572e-09	3.579100e+01	3.306168e+02
4.740000e-06	6.830888e-09	2.715989e-09	3.541007e+01	3.268482e+02
4.750000e-06	6.756896e-09	2.678932e-09	3.502651e+01	3.230559e+02
4.760000e-06	6.682394e-09	2.640121e-09	3.464030e+01	3.192401e+02
4.770000e-06	6.607321e-09	2.602366e-09	3.425114e+01	3.154011e+02
4.780000e-06	6.531695e-09	2.569706e-09	3.385911e+01	3.115392e+02
4.790000e-06	6.455521e-09	2.541481e-09	3.346423e+01	3.076546e+02
4.800000e-06	6.378789e-09	2.514553e-09	3.306647e+01	3.037477e+02
4.810000e-06	6.301589e-09	2.483444e-09	3.266628e+01	2.998187e+02
4.820000e-06	6.223883e-09	2.449782e-09	3.226347e+01	2.958679e+02
4.830000e-06	6.145618e-09	2.410428e-09	3.185776e+01	2.918956e+02
4.840000e-06	6.066859e-09	2.371922e-09	3.144949e+01	2.879021e+02
4.850000e-06	5.987667e-09	2.333944e-09	3.103897e+01	2.838876e+02
4.860000e-06	5.908032e-09	2.297941e-09	3.062616e+01	2.798526e+02
4.870000e-06	5.827973e-09	2.263912e-09	3.021115e+01	2.757972e+02
4.880000e-06	5.747519e-09	2.231785e-09	2.979409e+01	2.717217e+02
4.890000e-06	5.666693e-09	2.200778e-09	2.937510e+01	2.676265e+02
4.900000e-06	5.585480e-09	2.168009e-09	2.895410e+01	2.635118e+02
4.910000e-06	5.503871e-09	2.131328e-09	2.853106e+01	2.593780e+02
4.920000e-06	5.421888e-09	2.092076e-09	2.810608e+01	2.552254e+02
4.930000e-06	5.339533e-09	2.053991e-09	2.767916e+01	2.510542e+02
4.940000e-06	5.256859e-09	2.018681e-09	2.725059e+01	2.468647e+02
4.950000e-06	5.173924e-09	1.983665e-09	2.682067e+01	2.426573e+02
4.960000e-06	5.090715e-09	1.946691e-09	2.638933e+01	2.384323e+02
4.970000e-06	5.007149e-09	1.905132e-09	2.595614e+01	2.341899e+02
4.980000e-06	4.923191e-09	1.863042e-09	2.552092e+01	2.299305e+02
4.990000e-06	4.838890e-09	1.825225e-09	2.508392e+01	2.256544e+02
5.000000e-06	4.754255e-09	1.788371e-09	2.464519e+01	2.213619e+02
5.010000e-06	4.669265e-09	1.749442e-09	2.420461e+01	2.170533e+02
5.020000e-06	4.583929e-09	1.708137e-09	2.376225e+01	2.127290e+02
5.030000e-06	4.498234e-09	1.667933e-09	2.331802e+01	2.083891e+02
5.040000e-06	4.412174e-09	1.629187e-09	2.287190e+01	2.040342e+02
5.050000e-06	4.325745e-09	1.592571e-09	2.242387e+01	1.996644e+02
5.060000e-06	4.238923e-09	1.556868e-09	2.197380e+01	1.952801e+02
5.070000e-06	4.151724e-09	1.519394e-09	2.152178e+01	1.908816e+02
5.080000e-06	4.064196e-09	1.479482e-09	2.106805e+01	1.864692e+02
5.090000e-06	3.976399e-09	1.437986e-09	2.061293e+01	1.820432e+02
5.100000e-06	3.888370e-09	1.397168e-09	2.015660e+01	1.776041e+02
5.110000e-06	3.800099e-09	1.357335e-09	1.969902e+01	1.731520e+02
5.120000e-06	3.711609e-09	1.316868e-09	1.924030e+01	1.686874e+02
5.130000e-06	3.622906e-09	1.278621e-09	1.878048e+01	1.642104e+02
5.140000e-06	3.533968e-09	1.243266e-09	1.831944e+01	1.597216e+02
5.150000e-06	3.444811e-09	1.210943e-09	1.785727e+01	1.552211e+02
5.160000e-06	3.355417e-09	1.177428e-09	1.739387e+01	1.507094e+02
5.170000e-06	3.265786e-09	1.139184e-09	1.692923e+01	1.461867e+02
5.180000e-06	3.175935e-09	1.096225e-09	1.646346e+01	1.416534e+02
5.190000e-06	3.085863e-09	1.053687e-09	1.599654e+01	1.371098e+02
5.200000e-06	2.995581e-09	1.013797e-09	1.552854e+01	1.325562e+02
5.210000e-06	2.905126e-09	9.760186e-10	1.505964e+01	1.279930e+02
5.220000e-06	2.814518e-09	9.376745e-10	1.458994e+01	1.234205e+02
5.230000e-06	2.723738e-09	9.003328e-10	1.411936e+01	1.188390e+02
5.240000e-06	2.632804e-09	8.624302e-10	1.364797e+01	1.142489e+02
5.250000e-06	2.541722e-09	8.242675e-10	1.317582e+01	1.096504e+02
5.260000e-06	2.450482e-09	7.862889e-10	1.270285e+01	1.050441e+02
5.270000e-06	2.359066e-09	7.444926e-10	1.222896e+01	1.004300e+02
5.280000e-06	2.267447e-09	6.988482e-10	1.175402e+01	9.580870e+01
5.290000e-06	2.175637e-09	6.541950e-10	1.127810e+01	9.118041e+01
5.300000e-06	2.083654e-09	6.134498e-10	1.080127e+01	8.654550e+01
5.310000e-06	1.991485e-09	5.770508e-10	1.032349e+01	8.190429e+01
5.320000e-06	1.899118e-09	5.402685e-10	9.844676e+00	7.725713e+01
5.330000e-06	1.806583e-09	4.990349e-10	9.364994e+00	7.260436e+01
5.340000e-06	1.713913e-09	4.589552e-10	8.884605e+00	6.794631e+01
5.350000e-06	1.621109e-09	4.210085e-10	8.403528e+00	6.328333e+01
5.360000e-06	1.528198e-09	3.845370e-10	7.921898e+00	5.861574e+01
5.370000e-06	1.435221e-09	3.465542e-10	7.439922e+00	5.394390e+01
5.380000e-06	1.342175e-09	3.048456e-10	6.957588e+00	4.926813e+01
5.390000e-06	1.249041e-09	2.615331e-10	6.474800e+00	4.458879e+01
5.400000e-06	1.155826e-09	2.210416e-10	5.991589e+00	3.990620e+01
5.410000e-06	1.062541e-09	1.827461e-10	5.508015e+00	3.522072e+01
5.420000e-06	9.691682e-10	1.436588e-10	5.023990e+00	3.053267e+01
5.430000e-06	8.757398e-10	1.034215e-10	4.539674e+00	2.584241e+01
5.440000e-06	7.822568e-10	6.515989e-11	4.055076e+00	2.115027e+01
5.450000e-06	6.886875e-10	2.979424e-11	3.570030e+00	1.645659e+01
5.460000e-06	5.950562e-10	-6.622429e-12	3.084664e+00	1.176172e+01
5.470000e-06	5.013670e-10	-4.823864e-11	2.598996e+00	7.065992e+00
5.480000e-06	4.076367e-10	-9.159162e-11	2.113116e+00	2.369753e+00
5.490000e-06	3.138989e-10	-1.328821e-10	1.627197e+00	-2.326658e+00
5.500000e-06	2.201670e-10	-1.703041e-10	1.141309e+00	-7.022898e+00
5.510000e-06	1.264601e-10	-2.064953e-10	6.555500e-01	-1.171863e+01
5.520000e-06	3.276205e-11	-2.444649e-10	1.698374e-01	-1.641351e+01
5.530000e-06	-6.091282e-11	-2.841446e-10	-3.157552e-01	-2.110719e+01
5.540000e-06	-1.545594e-10	-3.240504e-10	-8.012010e-01	-2.579934e+01
5.550000e-06	-2.482171e-10	-3.627866e-10	-1.286705e+00	-3.048961e+01
5.560000e-06	-3.418773e-10	-4.016151e-10	-1.772221e+00	-3.517766e+01
5.570000e-06	-4.355252e-10	-4.435439e-10	-2.257674e+00	-3.986316e+01
5.580000e-06	-5.291569e-10	-4.851491e-10	-2.743044e+00	-4.454576e+01
5.590000e-06	-6.227628e-10	-5.233795e-10	-3.228279e+00	-4.922512e+01
5.600000e-06	-7.163187e-10	-5.595309e-10	-3.713255e+00	-5.390091e+01
5.610000e-06	-8.098263e-10	-5.959097e-10	-4.197980e+00	-5.857277e+01
5.620000e-06	-9.032942e-10	-6.350885e-10	-4.682501e+00	-6.324038e+01
5.630000e-06	-9.966985e-10	-6.751138e-10	-5.166691e+00	-6.790338e+01
5.640000e-06	-1.090008e-09	-7.142137e-10	-5.650388e+00	-7.256146e+01
5.650000e-06	-1.183204e-09	-7.506011e-10	-6.133499e+00	-7.721425e+01
5.660000e-06	-1.276295e-09	-7.857898e-10	-6.616065e+00	-8.186144e+01
5.670000e-06	-1.369290e-09	-8.231808e-10	-7.098133e+00	-8.650267e+01
5.680000e-06	-1.462190e-09	-8.634143e-10	-7.579712e+00	-9.113762e+01
5.690000e-06	-1.554990e-09	-9.026921e-10	-8.060770e+00	-9.576594e+01
5.700000e-06	-1.647661e-09	-9.394223e-10	-8.541159e+00	-1.003873e+02
5.710000e-06	-1.740214e-09	-9.761237e-10	-9.020933e+00	-1.050014e+02
5.720000e-06	-1.832650e-09	-1.014593e-09	-9.500107e+00	-1.096078e+02
5.730000e-06	-1.924952e-09	-1.054297e-09	-9.978584e+00	-1.142062e+02
5.740000e-06	-2.017094e-09	-1.092170e-09	-1.045623e+01	-1.187964e+02
5.750000e-06	-2.109055e-09	-1.124910e-09	-1.093294e+01	-1.233779e+02
5.760000e-06	-2.200825e-09	-1.155672e-09	-1.140866e+01	-1.279505e+02
5.770000e-06	-2.292398e-09	-1.189798e-09	-1.188336e+01	-1.325137e+02
5.780000e-06	-2.383773e-09	-1.228634e-09	-1.235703e+01	-1.370674e+02
5.790000e-06	-2.474958e-09	-1.269177e-09	-1.282971e+01	-1.416110e+02
5.800000e-06	-2.565955e-09	-1.308400e-09	-1.330143e+01	-1.461444e+02
5.810000e-06	-2.656745e-09	-1.346392e-09	-1.377207e+01	-1.506671e+02
5.820000e-06	-2.747363e-09	-1.384629e-09	-1.424181e+01	-1.551789e+02
5.830000e-06	-2.837820e-09	-1.419971e-09	-1.471072e+01	-1.596794e+02
5.840000e-06	-2.928098e-09	-1.450693e-09	-1.517871e+01	-1.641683e+02
5.850000e-06	-3.018201e-09	-1.480886e-09	-1.564579e+01	-1.686453e+02
5.860000e-06	-3.108124e-09	-1.515263e-09	-1.611193e+01	-1.731100e+02
5.870000e-06	-3.197842e-09	-1.555884e-09	-1.657701e+01	-1.775621e+02
5.880000e-06	-3.287360e-09	-1.597815e-09	-1.704106e+01	-1.820014e+02
5.890000e-06	-3.376670e-09	-1.635751e-09	-1.750403e+01	-1.864274e+02
5.900000e-06	-3.465761e-09	-1.669176e-09	-1.796586e+01	-1.908398e+02
5.910000e-06	-3.554621e-09	-1.701590e-09	-1.842649e+01	-1.952384e+02
5.920000e-06	-3.643239e-09	-1.736354e-09	-1.888587e+01	-1.996228e+02
5.930000e-06	-3.731617e-09	-1.771396e-09	-1.934401e+01	-2.039926e+02
5.940000e-06	-3.819743e-09	-1.804987e-09	-1.980083e+01	-2.083477e+02
5.950000e-06	-3.907594e-09	-1.839018e-09	-2.025624e+01	-2.126876e+02
5.960000e-06	-3.995141e-09	-1.875199e-09	-2.071007e+01	-2.170120e+02
5.970000e-06	-4.082394e-09	-1.910980e-09	-2.116237e+01	-2.213207e+02
5.980000e-06	-4.169336e-09	-1.943618e-09	-2.161306e+01	-2.256132e+02
5.990000e-06	-4.255951e-09	-1.973216e-09	-2.206206e+01	-2.298894e+02
6.000000e-06	-4.342243e-09	-2.004793e-09	-2.250938e+01	-2.341489e+02
6.010000e-06	-4.428215e-09	-2.042932e-09	-2.295504e+01	-2.383913e+02
6.020000e-06	-4.513881e-09	-2.083330e-09	-2.339912e+01	-2.426164e+02
6.030000e-06	-4.599201e-09	-2.118882e-09	-2.384140e+01	-2.468239e+02
6.040000e-06	-4.684158e-09	-2.148040e-09	-2.428180e+01	-2.510135e+02
6.050000e-06	-4.768761e-09	-2.176079e-09	-2.472037e+01	-2.551848e+02
6.060000e-06	-4.852957e-09	-2.207074e-09	-2.515683e+01	-2.593375e+02
6.070000e-06	-4.936722e-09	-2.241184e-09	-2.559105e+01	-2.634714e+02
6.080000e-06	-5.020104e-09	-2.276838e-09	-2.602329e+01	-2.675861e+02
6.090000e-06	-5.103153e-09	-2.312961e-09	-2.645380e+01	-2.716814e+02
6.100000e-06	-5.185901e-09	-2.350010e-09	-2.688275e+01	-2.757570e+02
6.110000e-06	-5.268343e-09	-2.385705e-09	-2.731011e+01	-2.798125e+02
6.120000e-06	-5.350478e-09	-2.417175e-09	-2.773589e+01	-2.838477e+02
6.130000e-06	-5.432283e-09	-2.444984e-09	-2.815995e+01	-2.878622e+02
6.140000e-06	-5.513722e-09	-2.472247e-09	-2.858211e+01	-2.918558e+02
6.150000e-06	-5.594803e-09	-2.504139e-09	-2.900242e+01	-2.958282e+02
6.160000e-06	-5.675544e-09	-2.540272e-09	-2.942097e+01	-2.997791e+02
6.170000e-06	-5.755946e-09	-2.576197e-09	-2.983776e+01	-3.037082e+02
6.180000e-06	-5.835951e-09	-2.606764e-09	-3.025249e+01	-3.076152e+02
6.190000e-06	-5.915466e-09	-2.633232e-09	-3.066468e+01	-3.114999e+02
6.200000e-06	-5.994436e-09	-2.662801e-09	-3.107405e+01	-3.153619e+02
6.210000e-06	-6.072885e-09	-2.696921e-09	-3.148071e+01	-3.192010e+02
6.220000e-06	-6.150862e-09	-2.732167e-09	-3.188493e+01	-3.230169e+02
6.230000e-06	-6.228370e-09	-2.761157e-09	-3.228671e+01	-3.268094e+02
6.240000e-06	-6.305351e-09	-2.785511e-09	-3.268577e+01	-3.305780e+02
6.250000e-06	-6.381742e-09	-2.812743e-09	-3.308177e+01	-3.343227e+02
6.260000e-06	-6.457578e-09	-2.843920e-09	-3.347488e+01	-3.380430e+02
6.270000e-06	-6.532909e-09	-2.876138e-09	-3.386539e+01	-3.417388e+02
6.280000e-06	-6.607785e-09	-2.905526e-09	-3.425353e+01	-3.454097e+02
6.290000e-06	-6.682223e-09	-2.932900e-09	-3.463940e+01	-3.490555e+02
6.300000e-06	-6.756178e-09	-2.961420e-09	-3.502278e+01	-3.526760e+02
6.310000e-06	-6.829637e-09	-2.991172e-09	-3.540357e+01	-3.562708e+02
6.320000e-06	-6.902628e-09	-3.019793e-09	-3.578194e+01	-3.598397e+02
6.330000e-06	-6.975192e-09	-3.047572e-09	-3.615810e+01	-3.633825e+02
6.340000e-06	-7.047337e-09	-3.076814e-09	-3.653209e+01	-3.668988e+02
6.350000e-06	-7.119009e-09	-3.108132e-09	-3.690362e+01	-3.703885e+02
6.360000e-06	-7.190167e-09	-3.139087e-09	-3.727249e+01	-3.738513e+02
6.370000e-06	-7.260788e-09	-3.165509e-09	-3.763858e+01	-3.772868e+02
6.380000e-06	-7.330824e-09	-3.186563e-09	-3.800163e+01	-3.806950e+02
6.390000e-06	-7.400265e-09	-3.208479e-09	-3.836160e+01	-3.840755e+02
6.400000e-06	-7.469147e-09	-3.235726e-09	-3.871867e+01	-3.874281e+02
6.410000e-06	-7.537468e-09	-3.266893e-09	-3.907284e+01	-3.907525e+02
6.420000e-06	-7.605214e-09	-3.297006e-09	-3.942402e+01	-3.940485e+02
6.430000e-06	-7.672434e-09	-3.322358e-09	-3.977248e+01	-3.973159e+02
6.440000e-06	-7.739180e-09	-3.345795e-09	-4.011847e+01	-4.005544e+02
6.450000e-06	-7.805420e-09	-3.368893e-09	-4.046185e+01	-4.037637e+02
6.460000e-06	-7.871111e-09	-3.393166e-09	-4.080238e+01	-4.069438e+02
6.470000e-06	-7.936251e-09	-3.419702e-09	-4.114006e+01	-4.100942e+02
6.480000e-06	-8.000864e-09	-3.447399e-09	-4.147500e+01	-4.132149e+02
6.490000e-06	-8.064985e-09	-3.477397e-09	-4.180739e+01	-4.163055e+02
6.500000e-06	-8.128594e-09	-3.505880e-09	-4.213712e+01	-4.193658e+02
6.510000e-06	-8.191637e-09	-3.528645e-09	-4.246393e+01	-4.223957e+02
6.520000e-06	-8.254038e-09	-3.545954e-09	-4.278741e+01	-4.253948e+02
6.530000e-06	-8.315748e-09	-3.563489e-09	-4.310730e+01	-4.283631e+02
6.540000e-06	-8.376758e-09	-3.586089e-09	-4.342356e+01	-4.313002e+02
6.550000e-06	-8.437120e-09	-3.613773e-09	-4.373647e+01	-4.342059e+02
6.560000e-06	-8.496903e-09	-3.642423e-09	-4.404637e+01	-4.370801e+02
6.570000e-06	-8.556132e-09	-3.667479e-09	-4.435341e+01	-4.399226e+02
6.580000e-06	-8.614814e-09	-3.689408e-09	-4.465760e+01	-4.427330e+02
6.590000e-06	-8.672914e-09	-3.710916e-09	-4.495878e+01	-4.455113e+02
6.600000e-06	-8.730372e-09	-3.732154e-09	-4.525663e+01	-4.482572e+02
6.610000e-06	-8.787200e-09	-3.752409e-09	-4.555122e+01	-4.509705e+02
6.620000e-06	-8.843478e-09	-3.773381e-09	-4.584295e+01	-4.536510e+02
6.630000e-06	-8.899189e-09	-3.796835e-09	-4.613175e+01	-4.562986e+02
6.640000e-06	-8.954237e-09	-3.821484e-09	-4.641711e+01	-4.589129e+02
6.650000e-06	-9.008533e-09	-3.843283e-09	-4.669857e+01	-4.614940e+02
6.660000e-06	-9.062020e-09	-3.860685e-09	-4.697584e+01	-4.640415e+02
6.670000e-06	-9.114703e-09	-3.877177e-09	-4.724893e+01	-4.665552e+02
6.680000e-06	-9.166611e-09	-3.898033e-09	-4.751801e+01	-4.690351e+02
6.690000e-06	-9.217811e-09	-3.923346e-09	-4.778342e+01	-4.714808e+02
6.700000e-06	-9.268321e-09	-3.947794e-09	-4.804526e+01	-4.738923e+02
6.710000e-06	-9.318085e-09	-3.967421e-09	-4.830323e+01	-4.762693e+02
6.720000e-06	-9.367004e-09	-3.983130e-09	-4.855681e+01	-4.786117e+02
6.730000e-06	-9.414976e-09	-3.999151e-09	-4.880549e+01	-4.809194e+02
6.740000e-06	-9.462070e-09	-4.018688e-09	-4.904962e+01	-4.831920e+02
6.750000e-06	-9.508448e-09	-4.038254e-09	-4.929004e+01	-4.854296e+02
6.760000e-06	-9.554239e-09	-4.054589e-09	-4.952740e+01	-4.876319e+02
6.770000e-06	-9.599494e-09	-4.069345e-09	-4.976200e+01	-4.897987e+02
6.780000e-06	-9.644179e-09	-4.087215e-09	-4.999364e+01	-4.919299e+02
6.790000e-06	-9.688299e-09	-4.108218e-09	-5.022235e+01	-4.940254e+02
6.800000e-06	-9.731910e-09	-4.129173e-09	-5.044842e+01	-4.960849e+02
6.810000e-06	-9.774974e-09	-4.145949e-09	-5.067166e+01	-4.981084e+02
6.820000e-06	-9.817424e-09	-4.159861e-09	-5.089171e+01	-5.000957e+02
6.830000e-06	-9.859229e-09	-4.175996e-09	-5.110842e+01	-5.020467e+02
6.840000e-06	-9.900349e-09	-4.194989e-09	-5.132158e+01	-5.039611e+02
6.850000e-06	-9.940815e-09	-4.212456e-09	-5.153135e+01	-5.058390e+02
6.860000e-06	-9.980685e-09	-4.226072e-09	-5.173803e+01	-5.076800e+02
6.870000e-06	-1.001992e-08	-4.238971e-09	-5.194142e+01	-5.094842e+02
6.880000e-06	-1.005834e-08	-4.255667e-09	-5.214058e+01	-5.112513e+02
6.890000e-06	-1.009581e-08	-4.275247e-09	-5.233483e+01	-5.129813e+02
6.900000e-06	-1.013240e-08	-4.291895e-09	-5.252451e+01	-5.146739e+02
6.910000e-06	-1.016830e-08	-4.303073e-09	-5.271059e+01	-5.163292e+02
6.920000e-06	-1.020358e-08	-4.313054e-09	-5.289350e+01	-5.179469e+02
6.930000e-06	-1.023821e-08	-4.325822e-09	-5.307301e+01	-5.195270e+02
6.940000e-06	-1.027215e-08	-4.341112e-09	-5.324891e+01	-5.210694e+02
6.950000e-06	-1.030535e-08	-4.356067e-09	-5.342105e+01	-5.225738e+02
6.960000e-06	-1.033786e-08	-4.368091e-09	-5.358956e+01	-5.240403e+02
6.970000e-06	-1.036975e-08	-4.379278e-09	-5.375489e+01	-5.254687e+02
6.980000e-06	-1.040102e-08	-4.393201e-09	-5.391694e+01	-5.268588e+02
6.990000e-06	-1.043142e-08	-4.410091e-09	-5.407455e+01	-5.282107e+02
7.000000e-06	-1.046076e-08	-4.425197e-09	-5.422664e+01	-5.295242e+02
7.010000e-06	-1.048915e-08	-4.435835e-09	-5.437383e+01	-5.307992e+02
7.020000e-06	-1.051688e-08	-4.445841e-09	-5.451756e+01	-5.320357e+02
7.030000e-06	-1.054400e-08	-4.456956e-09	-5.465816e+01	-5.332334e+02
7.040000e-06	-1.057039e-08	-4.468463e-09	-5.479496e+01	-5.343924e+02
7.050000e-06	-1.059601e-08	-4.478981e-09	-5.492775e+01	-5.355126e+02
7.060000e-06	-1.062086e-08	-4.486065e-09	-5.505657e+01	-5.365938e+02
7.070000e-06	-1.064504e-08	-4.495366e-09	-5.518193e+01	-5.376360e+02
7.080000e-06	-1.066869e-08	-4.508815e-09	-5.530451e+01	-5.386392e+02
7.090000e-06	-1.069168e-08	-4.525269e-09	-5.542369e+01	-5.396032e+02
7.100000e-06	-1.071371e-08	-4.540845e-09	-5.553789e+01	-5.405280e+02
7.110000e-06	-1.073465e-08	-4.549957e-09	-5.564643e+01	-5.414135e+02
7.120000e-06	-1.075475e-08	-4.552916e-09	-5.575063e+01	-5.422596e+02
7.130000e-06	-1.077425e-08	-4.554512e-09	-5.585173e+01	-5.430663e+02
7.140000e-06	-1.079308e-08	-4.559696e-09	-5.594936e+01	-5.438336e+02
7.150000e-06	-1.081118e-08	-4.567967e-09	-5.604317e+01	-5.445613e+02
7.160000e-06	-1.082856e-08	-4.577955e-09	-5.613324e+01	-5.452494e+02
7.170000e-06	-1.084518e-08	-4.589875e-09	-5.621942e+01	-5.458979e+02
7.180000e-06	-1.086116e-08	-4.602336e-09	-5.630223e+01	-5.465067e+02
7.190000e-06	-1.087654e-08	-4.612487e-09	-5.638199e+01	-5.470758e+02
7.200000e-06	-1.089101e-08	-4.615926e-09	-5.645699e+01	-5.476052e+02
7.210000e-06	-1.090427e-08	-4.614001e-09	-5.652573e+01	-5.480947e+02
7.220000e-06	-1.091651e-08	-4.613929e-09	-5.658915e+01	-5.485444e+02
7.230000e-06	-1.092796e-08	-4.620248e-09	-5.664852e+01	-5.489542e+02
7.240000e-06	-1.093864e-08	-4.632241e-09	-5.670391e+01	-5.493242e+02
7.250000e-06	-1.094857e-08	-4.644249e-09	-5.675538e+01	-5.496542e+02
7.260000e-06	-1.095775e-08	-4.651979e-09	-5.680294e+01	-5.499442e+02
7.270000e-06	-1.096616e-08	-4.655861e-09	-5.684655e+01	-5.501943e+02
7.280000e-06	-1.097396e-08	-4.658479e-09	-5.688699e+01	-5.504044e+02
7.290000e-06	-1.098114e-08	-4.661260e-09	-5.692422e+01	-5.505744e+02
7.300000e-06	-1.098739e-08	-4.664157e-09	-5.695658e+01	-5.507045e+02
7.310000e-06	-1.099251e-08	-4.667317e-09	-5.698317e+01	-5.507945e+02
7.320000e-06	-1.099674e-08	-4.671330e-09	-5.700508e+01	-5.508445e+02
7.330000e-06	-1.100035e-08	-4.676180e-09	-5.702379e+01	-5.508545e+02
7.340000e-06	-1.100332e-08	-4.679691e-09	-5.703921e+01	-5.508244e+02
7.350000e-06	-1.100557e-08	-4.680659e-09	-5.705085e+01	-5.507543e+02
7.360000e-06	-1.100715e-08	-4.681846e-09	-5.705904e+01	-5.506441e+02
