# Temperatura_=_20.0
# Concentracion g/m^3_=_10000.0
# C_Vs_to_Am_M_A/Vsm_=_116720831517.84952
# pendiente_HvsI_1/m_=_3716.3
# ordenada_HvsI_A/m_=_1297.0
# frecuencia_Hz_=_135131.6223075149
# Promedio de 22 ciclos

Tiempo_(s)	Campo_(V.s)	Magnetizacion_(V.s)	Campo_(kA/m)	Magnetizacion_(A/m)
0.000000e+00	-5.999548e-09	-2.628336e-09	-3.102374e+01	-3.116917e+02
1.000000e-08	-5.999569e-09	-2.632956e-09	-3.102385e+01	-3.116459e+02
2.000000e-08	-5.999315e-09	-2.633247e-09	-3.102253e+01	-3.115777e+02
3.000000e-08	-5.998815e-09	-2.628633e-09	-3.101994e+01	-3.114871e+02
4.000000e-08	-5.997993e-09	-2.624087e-09	-3.101569e+01	-3.113740e+02
5.000000e-08	-5.996677e-09	-2.620771e-09	-3.100889e+01	-3.112384e+02
6.000000e-08	-5.994746e-09	-2.613915e-09	-3.099890e+01	-3.110804e+02
7.000000e-08	-5.992090e-09	-2.605775e-09	-3.098517e+01	-3.109000e+02
8.000000e-08	-5.988664e-09	-2.613147e-09	-3.096745e+01	-3.106971e+02
9.000000e-08	-5.984624e-09	-2.627049e-09	-3.094657e+01	-3.104719e+02
1.000000e-07	-5.980224e-09	-2.605048e-09	-3.092381e+01	-3.102242e+02
1.100000e-07	-5.975673e-09	-2.592673e-09	-3.090028e+01	-3.099542e+02
1.200000e-07	-5.970868e-09	-2.630296e-09	-3.087543e+01	-3.096619e+02
1.300000e-07	-5.965619e-09	-2.631762e-09	-3.084829e+01	-3.093472e+02
1.400000e-07	-5.959978e-09	-2.584667e-09	-3.081912e+01	-3.090103e+02
1.500000e-07	-5.954021e-09	-2.579602e-09	-3.078832e+01	-3.086510e+02
1.600000e-07	-5.947646e-09	-2.619687e-09	-3.075535e+01	-3.082695e+02
1.700000e-07	-5.940741e-09	-2.630515e-09	-3.071964e+01	-3.078658e+02
1.800000e-07	-5.933366e-09	-2.603330e-09	-3.068151e+01	-3.074398e+02
1.900000e-07	-5.925640e-09	-2.587686e-09	-3.064156e+01	-3.069917e+02
2.000000e-07	-5.917620e-09	-2.608159e-09	-3.060008e+01	-3.065215e+02
2.100000e-07	-5.909316e-09	-2.601124e-09	-3.055715e+01	-3.060292e+02
2.200000e-07	-5.900703e-09	-2.575264e-09	-3.051261e+01	-3.055148e+02
2.300000e-07	-5.891676e-09	-2.556072e-09	-3.046593e+01	-3.049784e+02
2.400000e-07	-5.881999e-09	-2.574946e-09	-3.041589e+01	-3.044200e+02
2.500000e-07	-5.871504e-09	-2.588440e-09	-3.036162e+01	-3.038396e+02
2.600000e-07	-5.860319e-09	-2.578292e-09	-3.030378e+01	-3.032374e+02
2.700000e-07	-5.848628e-09	-2.563246e-09	-3.024333e+01	-3.026132e+02
2.800000e-07	-5.836523e-09	-2.553512e-09	-3.018073e+01	-3.019673e+02
2.900000e-07	-5.824031e-09	-2.544861e-09	-3.011613e+01	-3.012996e+02
3.000000e-07	-5.811129e-09	-2.534969e-09	-3.004942e+01	-3.006101e+02
3.100000e-07	-5.797784e-09	-2.535556e-09	-2.998041e+01	-2.998990e+02
3.200000e-07	-5.783977e-09	-2.534411e-09	-2.990901e+01	-2.991663e+02
3.300000e-07	-5.769748e-09	-2.530634e-09	-2.983544e+01	-2.984120e+02
3.400000e-07	-5.755066e-09	-2.523406e-09	-2.975952e+01	-2.976362e+02
3.500000e-07	-5.739766e-09	-2.522260e-09	-2.968040e+01	-2.968389e+02
3.600000e-07	-5.723766e-09	-2.501670e-09	-2.959766e+01	-2.960202e+02
3.700000e-07	-5.707139e-09	-2.484817e-09	-2.951169e+01	-2.951802e+02
3.800000e-07	-5.689971e-09	-2.482833e-09	-2.942291e+01	-2.943189e+02
3.900000e-07	-5.672385e-09	-2.492301e-09	-2.933197e+01	-2.934364e+02
4.000000e-07	-5.654494e-09	-2.481536e-09	-2.923946e+01	-2.925327e+02
4.100000e-07	-5.636349e-09	-2.471417e-09	-2.914563e+01	-2.916080e+02
4.200000e-07	-5.617936e-09	-2.468772e-09	-2.905041e+01	-2.906622e+02
4.300000e-07	-5.599153e-09	-2.463009e-09	-2.895329e+01	-2.896954e+02
4.400000e-07	-5.579956e-09	-2.447867e-09	-2.885402e+01	-2.887078e+02
4.500000e-07	-5.560326e-09	-2.440006e-09	-2.875251e+01	-2.876993e+02
4.600000e-07	-5.540321e-09	-2.433584e-09	-2.864907e+01	-2.866701e+02
4.700000e-07	-5.520086e-09	-2.423536e-09	-2.854443e+01	-2.856203e+02
4.800000e-07	-5.499662e-09	-2.415291e-09	-2.843882e+01	-2.845498e+02
4.900000e-07	-5.478977e-09	-2.410231e-09	-2.833185e+01	-2.834589e+02
5.000000e-07	-5.457933e-09	-2.399922e-09	-2.822304e+01	-2.823475e+02
5.100000e-07	-5.436459e-09	-2.391603e-09	-2.811200e+01	-2.812157e+02
5.200000e-07	-5.414552e-09	-2.388307e-09	-2.799871e+01	-2.800637e+02
5.300000e-07	-5.392275e-09	-2.379974e-09	-2.788352e+01	-2.788914e+02
5.400000e-07	-5.369656e-09	-2.365987e-09	-2.776655e+01	-2.776991e+02
5.500000e-07	-5.346622e-09	-2.354924e-09	-2.764744e+01	-2.764867e+02
5.600000e-07	-5.323147e-09	-2.345207e-09	-2.752606e+01	-2.752545e+02
5.700000e-07	-5.299338e-09	-2.329774e-09	-2.740294e+01	-2.740023e+02
5.800000e-07	-5.275256e-09	-2.320058e-09	-2.727841e+01	-2.727304e+02
5.900000e-07	-5.250934e-09	-2.314276e-09	-2.715264e+01	-2.714389e+02
6.000000e-07	-5.226383e-09	-2.306720e-09	-2.702569e+01	-2.701277e+02
6.100000e-07	-5.201519e-09	-2.298383e-09	-2.689712e+01	-2.687971e+02
6.200000e-07	-5.176188e-09	-2.291009e-09	-2.676613e+01	-2.674472e+02
6.300000e-07	-5.150266e-09	-2.278082e-09	-2.663209e+01	-2.660779e+02
6.400000e-07	-5.123747e-09	-2.263123e-09	-2.649495e+01	-2.646894e+02
6.500000e-07	-5.096646e-09	-2.247281e-09	-2.635482e+01	-2.632819e+02
6.600000e-07	-5.069014e-09	-2.231872e-09	-2.621193e+01	-2.618554e+02
6.700000e-07	-5.041004e-09	-2.219020e-09	-2.606709e+01	-2.604100e+02
6.800000e-07	-5.012754e-09	-2.213315e-09	-2.592101e+01	-2.589458e+02
6.900000e-07	-4.984309e-09	-2.205461e-09	-2.577392e+01	-2.574630e+02
7.000000e-07	-4.955641e-09	-2.193624e-09	-2.562568e+01	-2.559616e+02
7.100000e-07	-4.926657e-09	-2.176836e-09	-2.547580e+01	-2.544417e+02
7.200000e-07	-4.897291e-09	-2.161257e-09	-2.532395e+01	-2.529035e+02
7.300000e-07	-4.867552e-09	-2.146848e-09	-2.517017e+01	-2.513471e+02
7.400000e-07	-4.837486e-09	-2.135522e-09	-2.501470e+01	-2.497725e+02
7.500000e-07	-4.807143e-09	-2.124373e-09	-2.485779e+01	-2.481800e+02
7.600000e-07	-4.776520e-09	-2.113012e-09	-2.469944e+01	-2.465695e+02
7.700000e-07	-4.745562e-09	-2.100987e-09	-2.453936e+01	-2.449413e+02
7.800000e-07	-4.714215e-09	-2.088571e-09	-2.437726e+01	-2.432954e+02
7.900000e-07	-4.682508e-09	-2.073403e-09	-2.421330e+01	-2.416320e+02
8.000000e-07	-4.650540e-09	-2.057239e-09	-2.404799e+01	-2.399511e+02
8.100000e-07	-4.618354e-09	-2.042852e-09	-2.388156e+01	-2.382529e+02
8.200000e-07	-4.585976e-09	-2.032394e-09	-2.371413e+01	-2.365376e+02
8.300000e-07	-4.553368e-09	-2.023137e-09	-2.354552e+01	-2.348052e+02
8.400000e-07	-4.520445e-09	-2.011211e-09	-2.337527e+01	-2.330559e+02
8.500000e-07	-4.487126e-09	-1.995627e-09	-2.320298e+01	-2.312898e+02
8.600000e-07	-4.453356e-09	-1.978582e-09	-2.302835e+01	-2.295070e+02
8.700000e-07	-4.419073e-09	-1.963434e-09	-2.285107e+01	-2.277076e+02
8.800000e-07	-4.384258e-09	-1.948683e-09	-2.267105e+01	-2.258919e+02
8.900000e-07	-4.348967e-09	-1.931698e-09	-2.248856e+01	-2.240598e+02
9.000000e-07	-4.313252e-09	-1.913121e-09	-2.230387e+01	-2.222116e+02
9.100000e-07	-4.277241e-09	-1.899147e-09	-2.211766e+01	-2.203474e+02
9.200000e-07	-4.241032e-09	-1.888878e-09	-2.193043e+01	-2.184673e+02
9.300000e-07	-4.204658e-09	-1.878380e-09	-2.174233e+01	-2.165714e+02
9.400000e-07	-4.168098e-09	-1.862231e-09	-2.155328e+01	-2.146599e+02
9.500000e-07	-4.131317e-09	-1.841703e-09	-2.136309e+01	-2.127330e+02
9.600000e-07	-4.094254e-09	-1.821384e-09	-2.117143e+01	-2.107907e+02
9.700000e-07	-4.056862e-09	-1.803264e-09	-2.097808e+01	-2.088332e+02
9.800000e-07	-4.019164e-09	-1.785859e-09	-2.078314e+01	-2.068606e+02
9.900000e-07	-3.981182e-09	-1.770760e-09	-2.058674e+01	-2.048732e+02
1.000000e-06	-3.942939e-09	-1.756099e-09	-2.038898e+01	-2.028709e+02
1.010000e-06	-3.904447e-09	-1.742234e-09	-2.018994e+01	-2.008541e+02
1.020000e-06	-3.865682e-09	-1.728991e-09	-1.998949e+01	-1.988227e+02
1.030000e-06	-3.826603e-09	-1.715559e-09	-1.978741e+01	-1.967770e+02
1.040000e-06	-3.787252e-09	-1.697998e-09	-1.958392e+01	-1.947172e+02
1.050000e-06	-3.747648e-09	-1.676320e-09	-1.937913e+01	-1.926433e+02
1.060000e-06	-3.707789e-09	-1.653330e-09	-1.917302e+01	-1.905555e+02
1.070000e-06	-3.667714e-09	-1.632843e-09	-1.896579e+01	-1.884539e+02
1.080000e-06	-3.627457e-09	-1.615732e-09	-1.875762e+01	-1.863388e+02
1.090000e-06	-3.587056e-09	-1.601708e-09	-1.854870e+01	-1.842103e+02
1.100000e-06	-3.546499e-09	-1.586983e-09	-1.833898e+01	-1.820684e+02
1.110000e-06	-3.505744e-09	-1.569715e-09	-1.812824e+01	-1.799135e+02
1.120000e-06	-3.464730e-09	-1.549897e-09	-1.791616e+01	-1.777455e+02
1.130000e-06	-3.423410e-09	-1.528804e-09	-1.770249e+01	-1.755648e+02
1.140000e-06	-3.381769e-09	-1.507690e-09	-1.748716e+01	-1.733714e+02
1.150000e-06	-3.339746e-09	-1.486490e-09	-1.726986e+01	-1.711654e+02
1.160000e-06	-3.297310e-09	-1.467610e-09	-1.705043e+01	-1.689472e+02
1.170000e-06	-3.254463e-09	-1.451483e-09	-1.682887e+01	-1.667168e+02
1.180000e-06	-3.211213e-09	-1.437165e-09	-1.660522e+01	-1.644743e+02
1.190000e-06	-3.167619e-09	-1.422434e-09	-1.637979e+01	-1.622200e+02
1.200000e-06	-3.123764e-09	-1.404340e-09	-1.615302e+01	-1.599540e+02
1.210000e-06	-3.079706e-09	-1.384227e-09	-1.592520e+01	-1.576764e+02
1.220000e-06	-3.035495e-09	-1.363627e-09	-1.569658e+01	-1.553875e+02
1.230000e-06	-2.991161e-09	-1.343152e-09	-1.546733e+01	-1.530874e+02
1.240000e-06	-2.946721e-09	-1.322436e-09	-1.523753e+01	-1.507762e+02
1.250000e-06	-2.902179e-09	-1.300404e-09	-1.500720e+01	-1.484542e+02
1.260000e-06	-2.857514e-09	-1.278101e-09	-1.477623e+01	-1.461215e+02
1.270000e-06	-2.812699e-09	-1.258303e-09	-1.454450e+01	-1.437782e+02
1.280000e-06	-2.767684e-09	-1.242407e-09	-1.431172e+01	-1.414246e+02
1.290000e-06	-2.722448e-09	-1.226798e-09	-1.407781e+01	-1.390608e+02
1.300000e-06	-2.676992e-09	-1.209705e-09	-1.384276e+01	-1.366869e+02
1.310000e-06	-2.631306e-09	-1.188848e-09	-1.360651e+01	-1.343032e+02
1.320000e-06	-2.585413e-09	-1.166296e-09	-1.336920e+01	-1.319098e+02
1.330000e-06	-2.539345e-09	-1.142365e-09	-1.313098e+01	-1.295069e+02
1.340000e-06	-2.493107e-09	-1.118673e-09	-1.289188e+01	-1.270946e+02
1.350000e-06	-2.446685e-09	-1.095849e-09	-1.265183e+01	-1.246732e+02
1.360000e-06	-2.400077e-09	-1.075525e-09	-1.241082e+01	-1.222428e+02
1.370000e-06	-2.353318e-09	-1.059068e-09	-1.216903e+01	-1.198036e+02
1.380000e-06	-2.306406e-09	-1.044233e-09	-1.192645e+01	-1.173558e+02
1.390000e-06	-2.259345e-09	-1.026799e-09	-1.168310e+01	-1.148995e+02
1.400000e-06	-2.212119e-09	-1.004267e-09	-1.143889e+01	-1.124349e+02
1.410000e-06	-2.164731e-09	-9.784297e-10	-1.119384e+01	-1.099622e+02
1.420000e-06	-2.117187e-09	-9.521437e-10	-1.094800e+01	-1.074815e+02
1.430000e-06	-2.069468e-09	-9.287375e-10	-1.070124e+01	-1.049931e+02
1.440000e-06	-2.021585e-09	-9.099547e-10	-1.045363e+01	-1.024972e+02
1.450000e-06	-1.973592e-09	-8.943961e-10	-1.020546e+01	-9.999383e+01
1.460000e-06	-1.925499e-09	-8.782978e-10	-9.956770e+00	-9.748328e+01
1.470000e-06	-1.877284e-09	-8.596185e-10	-9.707450e+00	-9.496569e+01
1.480000e-06	-1.828985e-09	-8.385953e-10	-9.457699e+00	-9.244126e+01
1.490000e-06	-1.780625e-09	-8.162823e-10	-9.207626e+00	-8.991016e+01
1.500000e-06	-1.732179e-09	-7.919411e-10	-8.957111e+00	-8.737258e+01
1.510000e-06	-1.683639e-09	-7.665326e-10	-8.706111e+00	-8.482870e+01
1.520000e-06	-1.635021e-09	-7.435459e-10	-8.454704e+00	-8.227870e+01
1.530000e-06	-1.586312e-09	-7.240902e-10	-8.202833e+00	-7.972276e+01
1.540000e-06	-1.537506e-09	-7.058282e-10	-7.950456e+00	-7.716108e+01
1.550000e-06	-1.488570e-09	-6.860447e-10	-7.697408e+00	-7.459384e+01
1.560000e-06	-1.439502e-09	-6.642121e-10	-7.443675e+00	-7.202121e+01
1.570000e-06	-1.390320e-09	-6.421079e-10	-7.189355e+00	-6.944339e+01
1.580000e-06	-1.340988e-09	-6.209340e-10	-6.934256e+00	-6.686057e+01
1.590000e-06	-1.291508e-09	-5.993965e-10	-6.678398e+00	-6.427292e+01
1.600000e-06	-1.241899e-09	-5.762834e-10	-6.421869e+00	-6.168064e+01
1.610000e-06	-1.192111e-09	-5.523969e-10	-6.164416e+00	-5.908391e+01
1.620000e-06	-1.142144e-09	-5.294581e-10	-5.906037e+00	-5.648292e+01
1.630000e-06	-1.092028e-09	-5.095081e-10	-5.646884e+00	-5.387785e+01
1.640000e-06	-1.041764e-09	-4.916080e-10	-5.386968e+00	-5.126890e+01
1.650000e-06	-9.913667e-10	-4.722272e-10	-5.126364e+00	-4.865625e+01
1.660000e-06	-9.408226e-10	-4.480380e-10	-4.865000e+00	-4.604009e+01
1.670000e-06	-8.901680e-10	-4.212888e-10	-4.603066e+00	-4.342061e+01
1.680000e-06	-8.394388e-10	-3.966125e-10	-4.340744e+00	-4.079800e+01
1.690000e-06	-7.886236e-10	-3.740776e-10	-4.077979e+00	-3.817245e+01
1.700000e-06	-7.377402e-10	-3.520353e-10	-3.814860e+00	-3.554415e+01
1.710000e-06	-6.867579e-10	-3.300530e-10	-3.551230e+00	-3.291328e+01
1.720000e-06	-6.356688e-10	-3.088031e-10	-3.287049e+00	-3.028003e+01
1.730000e-06	-5.844972e-10	-2.886418e-10	-3.022440e+00	-2.764460e+01
1.740000e-06	-5.332482e-10	-2.685141e-10	-2.757431e+00	-2.500718e+01
1.750000e-06	-4.819257e-10	-2.441073e-10	-2.492042e+00	-2.236795e+01
1.760000e-06	-4.305726e-10	-2.166512e-10	-2.226495e+00	-1.972711e+01
1.770000e-06	-3.792068e-10	-1.915467e-10	-1.960881e+00	-1.708485e+01
1.780000e-06	-3.278020e-10	-1.702568e-10	-1.695067e+00	-1.444135e+01
1.790000e-06	-2.763621e-10	-1.518560e-10	-1.429070e+00	-1.179681e+01
1.800000e-06	-2.248743e-10	-1.300952e-10	-1.162827e+00	-9.151416e+00
1.810000e-06	-1.733721e-10	-1.034303e-10	-8.965082e-01	-6.505362e+00
1.820000e-06	-1.218925e-10	-7.514333e-11	-6.303069e-01	-3.858838e+00
1.830000e-06	-7.041480e-11	-5.056828e-11	-3.641150e-01	-1.212035e+00
1.840000e-06	-1.892387e-11	-2.915052e-11	-9.785496e-02	1.434857e+00
1.850000e-06	3.254606e-11	-6.900577e-12	1.682965e-01	4.081648e+00
1.860000e-06	8.402821e-11	1.721605e-11	4.345111e-01	6.728145e+00
1.870000e-06	1.355184e-10	3.971977e-11	7.007674e-01	9.374159e+00
1.880000e-06	1.869944e-10	5.983141e-11	9.669502e-01	1.201950e+01
1.890000e-06	2.384706e-10	8.125616e-11	1.233134e+00	1.466397e+01
1.900000e-06	2.899005e-10	1.063776e-10	1.499079e+00	1.730739e+01
1.910000e-06	3.412997e-10	1.333867e-10	1.764864e+00	1.994956e+01
1.920000e-06	3.926770e-10	1.578140e-10	2.030537e+00	2.259030e+01
1.930000e-06	4.440075e-10	1.773204e-10	2.295967e+00	2.522941e+01
1.940000e-06	4.952718e-10	1.945449e-10	2.561056e+00	2.786670e+01
1.950000e-06	5.464592e-10	2.156541e-10	2.825746e+00	3.050198e+01
1.960000e-06	5.975876e-10	2.410637e-10	3.090131e+00	3.313507e+01
1.970000e-06	6.486470e-10	2.676613e-10	3.354160e+00	3.576576e+01
1.980000e-06	6.995767e-10	2.919411e-10	3.617518e+00	3.839388e+01
1.990000e-06	7.504142e-10	3.140448e-10	3.880399e+00	4.101924e+01
2.000000e-06	8.011863e-10	3.357371e-10	4.142942e+00	4.364164e+01
2.010000e-06	8.518650e-10	3.594751e-10	4.405002e+00	4.626089e+01
2.020000e-06	9.024511e-10	3.842501e-10	4.666582e+00	4.887681e+01
2.030000e-06	9.528865e-10	4.073121e-10	4.927384e+00	5.148921e+01
2.040000e-06	1.003201e-09	4.291267e-10	5.187560e+00	5.409790e+01
2.050000e-06	1.053393e-09	4.519247e-10	5.447104e+00	5.670268e+01
2.060000e-06	1.103386e-09	4.763779e-10	5.705620e+00	5.930339e+01
2.070000e-06	1.153223e-09	5.004387e-10	5.963324e+00	6.189981e+01
2.080000e-06	1.202913e-09	5.225937e-10	6.220275e+00	6.449178e+01
2.090000e-06	1.252446e-09	5.443869e-10	6.476409e+00	6.707910e+01
2.100000e-06	1.301828e-09	5.675441e-10	6.731765e+00	6.966158e+01
2.110000e-06	1.351069e-09	5.919553e-10	6.986390e+00	7.223905e+01
2.120000e-06	1.400188e-09	6.164753e-10	7.240382e+00	7.481131e+01
2.130000e-06	1.449138e-09	6.401129e-10	7.493505e+00	7.737817e+01
2.140000e-06	1.497956e-09	6.619969e-10	7.745944e+00	7.993946e+01
2.150000e-06	1.546702e-09	6.828885e-10	7.998012e+00	8.249499e+01
2.160000e-06	1.595361e-09	7.055746e-10	8.249626e+00	8.504457e+01
2.170000e-06	1.643929e-09	7.312331e-10	8.500772e+00	8.758802e+01
2.180000e-06	1.692405e-09	7.569720e-10	8.751441e+00	9.012515e+01
2.190000e-06	1.740808e-09	7.801666e-10	9.001733e+00	9.265580e+01
2.200000e-06	1.789142e-09	8.024780e-10	9.251670e+00	9.517976e+01
2.210000e-06	1.837386e-09	8.250667e-10	9.501142e+00	9.769686e+01
2.220000e-06	1.885535e-09	8.484485e-10	9.750122e+00	1.002069e+02
2.230000e-06	1.933577e-09	8.707985e-10	9.998547e+00	1.027098e+02
2.240000e-06	1.981483e-09	8.921877e-10	1.024627e+01	1.052052e+02
2.250000e-06	2.029252e-09	9.137852e-10	1.049328e+01	1.076930e+02
2.260000e-06	2.076876e-09	9.361412e-10	1.073955e+01	1.101731e+02
2.270000e-06	2.124332e-09	9.594322e-10	1.098494e+01	1.126453e+02
2.280000e-06	2.171605e-09	9.808892e-10	1.122939e+01	1.151093e+02
2.290000e-06	2.218710e-09	1.002601e-09	1.147297e+01	1.175650e+02
2.300000e-06	2.265662e-09	1.025045e-09	1.171576e+01	1.200123e+02
2.310000e-06	2.312460e-09	1.048993e-09	1.195775e+01	1.224509e+02
2.320000e-06	2.359102e-09	1.072150e-09	1.219894e+01	1.248807e+02
2.330000e-06	2.405578e-09	1.092189e-09	1.243927e+01	1.273015e+02
2.340000e-06	2.451885e-09	1.109389e-09	1.267872e+01	1.297131e+02
2.350000e-06	2.498040e-09	1.126023e-09	1.291739e+01	1.321153e+02
2.360000e-06	2.544037e-09	1.147485e-09	1.315524e+01	1.345080e+02
2.370000e-06	2.589835e-09	1.173239e-09	1.339206e+01	1.368911e+02
2.380000e-06	2.635423e-09	1.199956e-09	1.362780e+01	1.392642e+02
2.390000e-06	2.680822e-09	1.224004e-09	1.386256e+01	1.416274e+02
2.400000e-06	2.726000e-09	1.244110e-09	1.409617e+01	1.439803e+02
2.410000e-06	2.770961e-09	1.262832e-09	1.432867e+01	1.463228e+02
2.420000e-06	2.815763e-09	1.282393e-09	1.456034e+01	1.486548e+02
2.430000e-06	2.860414e-09	1.300816e-09	1.479123e+01	1.509761e+02
2.440000e-06	2.904935e-09	1.318904e-09	1.502145e+01	1.532865e+02
2.450000e-06	2.949352e-09	1.339002e-09	1.525113e+01	1.555858e+02
2.460000e-06	2.993681e-09	1.360307e-09	1.548036e+01	1.578740e+02
2.470000e-06	3.037911e-09	1.382708e-09	1.570907e+01	1.601507e+02
2.480000e-06	3.082012e-09	1.405087e-09	1.593712e+01	1.624159e+02
2.490000e-06	3.125924e-09	1.426046e-09	1.616419e+01	1.646694e+02
2.500000e-06	3.169580e-09	1.445949e-09	1.638993e+01	1.669110e+02
2.510000e-06	3.212911e-09	1.464264e-09	1.661400e+01	1.691406e+02
2.520000e-06	3.255843e-09	1.481460e-09	1.683600e+01	1.713580e+02
2.530000e-06	3.298365e-09	1.498233e-09	1.705588e+01	1.735631e+02
2.540000e-06	3.340474e-09	1.515051e-09	1.727363e+01	1.757556e+02
2.550000e-06	3.382157e-09	1.534162e-09	1.748917e+01	1.779355e+02
2.560000e-06	3.423476e-09	1.555855e-09	1.770283e+01	1.801025e+02
2.570000e-06	3.464500e-09	1.579849e-09	1.791497e+01	1.822566e+02
2.580000e-06	3.505263e-09	1.602951e-09	1.812575e+01	1.843975e+02
2.590000e-06	3.545829e-09	1.622657e-09	1.833552e+01	1.865251e+02
2.600000e-06	3.586246e-09	1.638706e-09	1.854452e+01	1.886393e+02
2.610000e-06	3.626528e-09	1.652611e-09	1.875282e+01	1.907399e+02
2.620000e-06	3.666653e-09	1.666024e-09	1.896031e+01	1.928267e+02
2.630000e-06	3.706572e-09	1.680755e-09	1.916672e+01	1.948997e+02
2.640000e-06	3.746256e-09	1.698893e-09	1.937193e+01	1.969586e+02
2.650000e-06	3.785644e-09	1.721102e-09	1.957561e+01	1.990033e+02
2.660000e-06	3.824715e-09	1.747704e-09	1.977764e+01	2.010336e+02
2.670000e-06	3.863509e-09	1.772398e-09	1.997825e+01	2.030495e+02
2.680000e-06	3.902046e-09	1.789098e-09	2.017753e+01	2.050507e+02
2.690000e-06	3.940340e-09	1.799687e-09	2.037554e+01	2.070371e+02
2.700000e-06	3.978388e-09	1.810667e-09	2.057229e+01	2.090086e+02
2.710000e-06	4.016172e-09	1.825536e-09	2.076767e+01	2.109650e+02
2.720000e-06	4.053667e-09	1.843060e-09	2.096156e+01	2.129063e+02
2.730000e-06	4.090864e-09	1.863357e-09	2.115391e+01	2.148322e+02
2.740000e-06	4.127768e-09	1.885155e-09	2.134473e+01	2.167426e+02
2.750000e-06	4.164422e-09	1.906351e-09	2.153427e+01	2.186373e+02
2.760000e-06	4.200888e-09	1.924247e-09	2.172284e+01	2.205164e+02
2.770000e-06	4.237189e-09	1.937117e-09	2.191055e+01	2.223795e+02
2.780000e-06	4.273321e-09	1.947786e-09	2.209739e+01	2.242266e+02
2.790000e-06	4.309225e-09	1.958743e-09	2.228305e+01	2.260575e+02
2.800000e-06	4.344776e-09	1.972710e-09	2.246689e+01	2.278721e+02
2.810000e-06	4.379902e-09	1.990105e-09	2.264853e+01	2.296703e+02
2.820000e-06	4.414543e-09	2.009531e-09	2.282765e+01	2.314520e+02
2.830000e-06	4.448624e-09	2.027567e-09	2.300388e+01	2.332169e+02
2.840000e-06	4.482179e-09	2.044411e-09	2.317740e+01	2.349651e+02
2.850000e-06	4.515304e-09	2.060544e-09	2.334869e+01	2.366963e+02
2.860000e-06	4.548099e-09	2.074339e-09	2.351827e+01	2.384104e+02
2.870000e-06	4.580642e-09	2.086347e-09	2.368655e+01	2.401074e+02
2.880000e-06	4.612996e-09	2.097809e-09	2.385386e+01	2.417870e+02
2.890000e-06	4.645168e-09	2.111554e-09	2.402022e+01	2.434493e+02
2.900000e-06	4.677080e-09	2.129104e-09	2.418523e+01	2.450939e+02
2.910000e-06	4.708659e-09	2.146577e-09	2.434853e+01	2.467209e+02
2.920000e-06	4.739866e-09	2.161995e-09	2.450990e+01	2.483302e+02
2.930000e-06	4.770692e-09	2.175790e-09	2.466930e+01	2.499215e+02
2.940000e-06	4.801181e-09	2.188795e-09	2.482696e+01	2.514948e+02
2.950000e-06	4.831381e-09	2.202554e-09	2.498313e+01	2.530499e+02
2.960000e-06	4.861287e-09	2.215307e-09	2.513777e+01	2.545869e+02
2.970000e-06	4.890884e-09	2.225333e-09	2.529082e+01	2.561055e+02
2.980000e-06	4.920124e-09	2.236261e-09	2.544202e+01	2.576056e+02
2.990000e-06	4.949018e-09	2.250878e-09	2.559143e+01	2.590871e+02
3.000000e-06	4.977657e-09	2.267863e-09	2.573952e+01	2.605500e+02
3.010000e-06	5.006098e-09	2.284213e-09	2.588659e+01	2.619941e+02
3.020000e-06	5.034353e-09	2.297690e-09	2.603270e+01	2.634193e+02
3.030000e-06	5.062362e-09	2.309504e-09	2.617753e+01	2.648255e+02
3.040000e-06	5.089980e-09	2.321099e-09	2.632035e+01	2.662126e+02
3.050000e-06	5.117080e-09	2.332005e-09	2.646048e+01	2.675805e+02
3.060000e-06	5.143562e-09	2.340908e-09	2.659742e+01	2.689292e+02
3.070000e-06	5.169400e-09	2.350175e-09	2.673103e+01	2.702584e+02
3.080000e-06	5.194688e-09	2.362080e-09	2.686179e+01	2.715682e+02
3.090000e-06	5.219546e-09	2.376785e-09	2.699033e+01	2.728584e+02
3.100000e-06	5.244079e-09	2.390370e-09	2.711719e+01	2.741289e+02
3.110000e-06	5.268354e-09	2.400251e-09	2.724272e+01	2.753797e+02
3.120000e-06	5.292355e-09	2.408024e-09	2.736683e+01	2.766106e+02
3.130000e-06	5.316005e-09	2.416517e-09	2.748913e+01	2.778215e+02
3.140000e-06	5.339260e-09	2.427168e-09	2.760937e+01	2.790125e+02
3.150000e-06	5.362114e-09	2.437634e-09	2.772755e+01	2.801833e+02
3.160000e-06	5.384605e-09	2.445780e-09	2.784386e+01	2.813339e+02
3.170000e-06	5.406777e-09	2.452810e-09	2.795851e+01	2.824643e+02
3.180000e-06	5.428597e-09	2.461291e-09	2.807134e+01	2.835743e+02
3.190000e-06	5.449999e-09	2.472601e-09	2.818201e+01	2.846638e+02
3.200000e-06	5.470997e-09	2.484370e-09	2.829059e+01	2.857329e+02
3.210000e-06	5.491670e-09	2.493667e-09	2.839749e+01	2.867813e+02
3.220000e-06	5.512114e-09	2.501726e-09	2.850320e+01	2.878090e+02
3.230000e-06	5.532354e-09	2.509704e-09	2.860787e+01	2.888160e+02
3.240000e-06	5.552341e-09	2.517904e-09	2.871122e+01	2.898022e+02
3.250000e-06	5.571947e-09	2.525256e-09	2.881261e+01	2.907675e+02
3.260000e-06	5.591102e-09	2.530556e-09	2.891165e+01	2.917119e+02
3.270000e-06	5.609821e-09	2.536169e-09	2.900845e+01	2.926352e+02
3.280000e-06	5.628100e-09	2.544540e-09	2.910297e+01	2.935374e+02
3.290000e-06	5.646021e-09	2.554604e-09	2.919564e+01	2.944184e+02
3.300000e-06	5.663685e-09	2.562855e-09	2.928698e+01	2.952782e+02
3.310000e-06	5.681055e-09	2.568558e-09	2.937680e+01	2.961168e+02
3.320000e-06	5.698026e-09	2.573788e-09	2.946456e+01	2.969340e+02
3.330000e-06	5.714524e-09	2.579306e-09	2.954987e+01	2.977297e+02
3.340000e-06	5.730448e-09	2.584849e-09	2.963221e+01	2.985041e+02
3.350000e-06	5.745762e-09	2.589938e-09	2.971140e+01	2.992569e+02
3.360000e-06	5.760578e-09	2.595631e-09	2.978802e+01	2.999881e+02
3.370000e-06	5.774975e-09	2.602995e-09	2.986246e+01	3.006977e+02
3.380000e-06	5.788939e-09	2.611057e-09	2.993467e+01	3.013856e+02
3.390000e-06	5.802434e-09	2.617781e-09	3.000445e+01	3.020518e+02
3.400000e-06	5.815490e-09	2.621835e-09	3.007197e+01	3.026963e+02
3.410000e-06	5.828161e-09	2.624954e-09	3.013749e+01	3.033189e+02
3.420000e-06	5.840471e-09	2.628806e-09	3.020115e+01	3.039196e+02
3.430000e-06	5.852368e-09	2.633661e-09	3.026266e+01	3.044984e+02
3.440000e-06	5.863744e-09	2.639731e-09	3.032149e+01	3.050553e+02
3.450000e-06	5.874478e-09	2.646086e-09	3.037699e+01	3.055902e+02
3.460000e-06	5.884471e-09	2.651291e-09	3.042867e+01	3.061031e+02
3.470000e-06	5.893828e-09	2.655056e-09	3.047705e+01	3.065939e+02
3.480000e-06	5.902707e-09	2.660168e-09	3.052297e+01	3.070626e+02
3.490000e-06	5.911249e-09	2.666846e-09	3.056714e+01	3.075091e+02
3.500000e-06	5.919527e-09	2.672391e-09	3.060994e+01	3.079335e+02
3.510000e-06	5.927500e-09	2.675337e-09	3.065117e+01	3.083357e+02
3.520000e-06	5.935086e-09	2.676545e-09	3.069040e+01	3.087157e+02
3.530000e-06	5.942222e-09	2.678281e-09	3.072730e+01	3.090734e+02
3.540000e-06	5.948940e-09	2.680763e-09	3.076204e+01	3.094088e+02
3.550000e-06	5.955273e-09	2.683257e-09	3.079479e+01	3.097219e+02
3.560000e-06	5.961196e-09	2.685256e-09	3.082542e+01	3.100127e+02
3.570000e-06	5.966678e-09	2.686835e-09	3.085376e+01	3.102811e+02
3.580000e-06	5.971728e-09	2.689105e-09	3.087988e+01	3.105272e+02
3.590000e-06	5.976420e-09	2.691551e-09	3.090414e+01	3.107509e+02
3.600000e-06	5.980859e-09	2.692091e-09	3.092709e+01	3.109522e+02
3.610000e-06	5.985056e-09	2.691164e-09	3.094879e+01	3.111311e+02
3.620000e-06	5.988891e-09	2.691318e-09	3.096863e+01	3.112875e+02
3.630000e-06	5.992232e-09	2.693475e-09	3.098590e+01	3.114215e+02
3.640000e-06	5.994960e-09	2.695903e-09	3.100001e+01	3.115331e+02
3.650000e-06	5.997016e-09	2.697791e-09	3.101064e+01	3.116222e+02
3.660000e-06	5.998434e-09	2.699343e-09	3.101798e+01	3.116888e+02
3.670000e-06	5.999349e-09	2.699306e-09	3.102270e+01	3.117330e+02
3.680000e-06	5.999920e-09	2.698121e-09	3.102566e+01	3.117547e+02
3.690000e-06	6.000227e-09	2.696228e-09	3.102724e+01	3.117539e+02
3.700000e-06	6.000234e-09	2.693372e-09	3.102728e+01	3.117306e+02
3.710000e-06	5.999844e-09	2.690937e-09	3.102526e+01	3.116849e+02
3.720000e-06	5.999005e-09	2.689635e-09	3.102092e+01	3.116167e+02
3.730000e-06	5.997755e-09	2.689185e-09	3.101446e+01	3.115260e+02
3.740000e-06	5.996147e-09	2.690073e-09	3.100615e+01	3.114129e+02
3.750000e-06	5.994175e-09	2.697548e-09	3.099595e+01	3.112774e+02
3.760000e-06	5.991792e-09	2.706725e-09	3.098362e+01	3.111193e+02
3.770000e-06	5.988972e-09	2.703509e-09	3.096904e+01	3.109389e+02
3.780000e-06	5.985704e-09	2.669868e-09	3.095214e+01	3.107361e+02
3.790000e-06	5.982039e-09	2.647880e-09	3.093320e+01	3.105108e+02
3.800000e-06	5.978117e-09	2.672005e-09	3.091291e+01	3.102632e+02
3.810000e-06	5.973905e-09	2.676380e-09	3.089113e+01	3.099932e+02
3.820000e-06	5.969163e-09	2.643203e-09	3.086661e+01	3.097008e+02
3.830000e-06	5.963699e-09	2.677704e-09	3.083836e+01	3.093861e+02
3.840000e-06	5.957630e-09	2.699530e-09	3.080698e+01	3.090492e+02
3.850000e-06	5.951119e-09	2.654606e-09	3.077331e+01	3.086899e+02
3.860000e-06	5.944160e-09	2.627090e-09	3.073732e+01	3.083084e+02
3.870000e-06	5.936779e-09	2.633061e-09	3.069915e+01	3.079046e+02
3.880000e-06	5.929095e-09	2.651539e-09	3.065942e+01	3.074787e+02
3.890000e-06	5.921146e-09	2.622396e-09	3.061832e+01	3.070306e+02
3.900000e-06	5.912782e-09	2.618515e-09	3.057507e+01	3.065604e+02
3.910000e-06	5.903923e-09	2.648001e-09	3.052926e+01	3.060680e+02
3.920000e-06	5.894648e-09	2.651501e-09	3.048129e+01	3.055537e+02
3.930000e-06	5.885038e-09	2.609403e-09	3.043160e+01	3.050172e+02
3.940000e-06	5.874979e-09	2.590817e-09	3.037958e+01	3.044588e+02
3.950000e-06	5.864376e-09	2.601292e-09	3.032476e+01	3.038785e+02
3.960000e-06	5.853318e-09	2.600327e-09	3.026758e+01	3.032762e+02
3.970000e-06	5.841900e-09	2.583039e-09	3.020853e+01	3.026521e+02
3.980000e-06	5.830077e-09	2.583666e-09	3.014739e+01	3.020061e+02
3.990000e-06	5.817792e-09	2.598921e-09	3.008387e+01	3.013384e+02
4.000000e-06	5.805041e-09	2.587745e-09	3.001793e+01	3.006490e+02
4.010000e-06	5.791700e-09	2.553095e-09	2.994895e+01	2.999378e+02
4.020000e-06	5.777577e-09	2.546211e-09	2.987591e+01	2.992051e+02
4.030000e-06	5.762754e-09	2.564314e-09	2.979927e+01	2.984508e+02
4.040000e-06	5.747511e-09	2.554768e-09	2.972044e+01	2.976750e+02
4.050000e-06	5.731999e-09	2.536682e-09	2.964023e+01	2.968777e+02
4.060000e-06	5.716211e-09	2.538176e-09	2.955859e+01	2.960590e+02
4.070000e-06	5.700097e-09	2.536666e-09	2.947527e+01	2.952190e+02
4.080000e-06	5.683605e-09	2.510668e-09	2.938999e+01	2.943577e+02
4.090000e-06	5.666647e-09	2.500020e-09	2.930230e+01	2.934752e+02
4.100000e-06	5.649260e-09	2.506951e-09	2.921239e+01	2.925715e+02
4.110000e-06	5.631525e-09	2.501988e-09	2.912068e+01	2.916467e+02
4.120000e-06	5.613409e-09	2.486062e-09	2.902700e+01	2.907009e+02
4.130000e-06	5.594870e-09	2.489990e-09	2.893114e+01	2.897342e+02
4.140000e-06	5.575929e-09	2.488866e-09	2.883319e+01	2.887465e+02
4.150000e-06	5.556669e-09	2.466026e-09	2.873360e+01	2.877381e+02
4.160000e-06	5.537181e-09	2.445297e-09	2.863283e+01	2.867089e+02
4.170000e-06	5.517475e-09	2.442224e-09	2.853092e+01	2.856590e+02
4.180000e-06	5.497503e-09	2.431453e-09	2.842765e+01	2.845886e+02
4.190000e-06	5.477118e-09	2.421426e-09	2.832224e+01	2.834976e+02
4.200000e-06	5.456147e-09	2.420306e-09	2.821380e+01	2.823862e+02
4.210000e-06	5.434505e-09	2.414152e-09	2.810189e+01	2.812544e+02
4.220000e-06	5.412187e-09	2.392659e-09	2.798648e+01	2.801024e+02
4.230000e-06	5.389323e-09	2.378744e-09	2.786825e+01	2.789301e+02
4.240000e-06	5.366077e-09	2.369175e-09	2.774804e+01	2.777378e+02
4.250000e-06	5.342561e-09	2.355431e-09	2.762644e+01	2.765254e+02
4.260000e-06	5.318827e-09	2.344648e-09	2.750372e+01	2.752931e+02
4.270000e-06	5.294813e-09	2.341905e-09	2.737954e+01	2.740410e+02
4.280000e-06	5.270441e-09	2.333558e-09	2.725351e+01	2.727691e+02
4.290000e-06	5.245649e-09	2.323006e-09	2.712531e+01	2.714775e+02
4.300000e-06	5.220469e-09	2.313630e-09	2.699510e+01	2.701664e+02
4.310000e-06	5.194953e-09	2.299309e-09	2.686316e+01	2.688358e+02
4.320000e-06	5.169096e-09	2.282408e-09	2.672946e+01	2.674858e+02
4.330000e-06	5.142861e-09	2.273651e-09	2.659379e+01	2.661165e+02
4.340000e-06	5.116191e-09	2.268507e-09	2.645588e+01	2.647281e+02
4.350000e-06	5.089142e-09	2.258303e-09	2.631601e+01	2.633206e+02
4.360000e-06	5.061817e-09	2.245731e-09	2.617471e+01	2.618940e+02
4.370000e-06	5.034297e-09	2.230699e-09	2.603241e+01	2.604486e+02
4.380000e-06	5.006584e-09	2.216476e-09	2.588910e+01	2.589845e+02
4.390000e-06	4.978609e-09	2.203584e-09	2.574444e+01	2.575016e+02
4.400000e-06	4.950263e-09	2.191332e-09	2.559786e+01	2.560002e+02
4.410000e-06	4.921426e-09	2.178226e-09	2.544875e+01	2.544803e+02
4.420000e-06	4.892030e-09	2.166676e-09	2.529674e+01	2.529421e+02
4.430000e-06	4.862063e-09	2.152514e-09	2.514178e+01	2.513857e+02
4.440000e-06	4.831546e-09	2.138267e-09	2.498398e+01	2.498111e+02
4.450000e-06	4.800573e-09	2.122787e-09	2.482381e+01	2.482186e+02
4.460000e-06	4.769277e-09	2.107560e-09	2.466198e+01	2.466081e+02
4.470000e-06	4.737755e-09	2.091550e-09	2.449898e+01	2.449799e+02
4.480000e-06	4.706023e-09	2.081200e-09	2.433490e+01	2.433340e+02
4.490000e-06	4.674020e-09	2.070906e-09	2.416941e+01	2.416705e+02
4.500000e-06	4.641651e-09	2.058343e-09	2.400203e+01	2.399897e+02
4.510000e-06	4.608917e-09	2.041658e-09	2.383276e+01	2.382915e+02
4.520000e-06	4.575875e-09	2.022950e-09	2.366190e+01	2.365762e+02
4.530000e-06	4.542559e-09	2.004328e-09	2.348962e+01	2.348438e+02
4.540000e-06	4.508979e-09	1.991274e-09	2.331598e+01	2.330944e+02
4.550000e-06	4.475095e-09	1.979932e-09	2.314076e+01	2.313283e+02
4.560000e-06	4.440894e-09	1.967554e-09	2.296391e+01	2.295455e+02
4.570000e-06	4.406354e-09	1.952760e-09	2.278530e+01	2.277462e+02
4.580000e-06	4.371460e-09	1.934954e-09	2.260487e+01	2.259304e+02
4.590000e-06	4.336285e-09	1.915420e-09	2.242298e+01	2.240983e+02
4.600000e-06	4.300898e-09	1.896101e-09	2.223999e+01	2.222501e+02
4.610000e-06	4.265346e-09	1.877441e-09	2.205615e+01	2.203859e+02
4.620000e-06	4.229632e-09	1.860145e-09	2.187147e+01	2.185058e+02
4.630000e-06	4.193691e-09	1.845367e-09	2.168562e+01	2.166099e+02
4.640000e-06	4.157442e-09	1.831113e-09	2.149818e+01	2.146984e+02
4.650000e-06	4.120765e-09	1.816515e-09	2.130852e+01	2.127715e+02
4.660000e-06	4.083580e-09	1.801389e-09	2.111624e+01	2.108292e+02
4.670000e-06	4.045928e-09	1.784224e-09	2.092154e+01	2.088717e+02
4.680000e-06	4.007822e-09	1.764194e-09	2.072449e+01	2.068991e+02
4.690000e-06	3.969238e-09	1.744693e-09	2.052497e+01	2.049116e+02
4.700000e-06	3.930280e-09	1.726453e-09	2.032352e+01	2.029094e+02
4.710000e-06	3.891060e-09	1.710741e-09	2.012071e+01	2.008925e+02
4.720000e-06	3.851640e-09	1.694603e-09	1.991687e+01	1.988612e+02
4.730000e-06	3.812068e-09	1.677646e-09	1.971224e+01	1.968155e+02
4.740000e-06	3.772337e-09	1.660648e-09	1.950679e+01	1.947556e+02
4.750000e-06	3.732407e-09	1.644377e-09	1.930031e+01	1.926817e+02
4.760000e-06	3.692228e-09	1.626205e-09	1.909255e+01	1.905939e+02
4.770000e-06	3.651752e-09	1.607141e-09	1.888325e+01	1.884924e+02
4.780000e-06	3.610991e-09	1.585906e-09	1.867247e+01	1.863772e+02
4.790000e-06	3.569957e-09	1.565006e-09	1.846029e+01	1.842487e+02
4.800000e-06	3.528659e-09	1.546347e-09	1.824673e+01	1.821068e+02
4.810000e-06	3.487158e-09	1.530306e-09	1.803213e+01	1.799519e+02
4.820000e-06	3.445470e-09	1.514031e-09	1.781656e+01	1.777839e+02
4.830000e-06	3.403551e-09	1.495751e-09	1.759980e+01	1.756032e+02
4.840000e-06	3.361379e-09	1.476830e-09	1.738173e+01	1.734097e+02
4.850000e-06	3.318934e-09	1.459592e-09	1.716224e+01	1.712038e+02
4.860000e-06	3.276219e-09	1.441702e-09	1.694136e+01	1.689856e+02
4.870000e-06	3.233267e-09	1.421911e-09	1.671925e+01	1.667551e+02
4.880000e-06	3.190110e-09	1.399973e-09	1.649609e+01	1.645127e+02
4.890000e-06	3.146775e-09	1.377833e-09	1.627200e+01	1.622584e+02
4.900000e-06	3.103314e-09	1.359001e-09	1.604727e+01	1.599923e+02
4.910000e-06	3.059749e-09	1.341756e-09	1.582199e+01	1.577148e+02
4.920000e-06	3.016068e-09	1.323988e-09	1.559612e+01	1.554259e+02
4.930000e-06	2.972268e-09	1.304721e-09	1.536963e+01	1.531257e+02
4.940000e-06	2.928324e-09	1.284173e-09	1.514239e+01	1.508146e+02
4.950000e-06	2.884189e-09	1.262885e-09	1.491417e+01	1.484926e+02
4.960000e-06	2.839850e-09	1.240965e-09	1.468489e+01	1.461598e+02
4.970000e-06	2.795298e-09	1.219540e-09	1.445451e+01	1.438165e+02
4.980000e-06	2.750494e-09	1.198799e-09	1.422283e+01	1.414629e+02
4.990000e-06	2.705448e-09	1.178971e-09	1.398990e+01	1.390991e+02
5.000000e-06	2.660205e-09	1.159877e-09	1.375594e+01	1.367252e+02
5.010000e-06	2.614755e-09	1.139556e-09	1.352092e+01	1.343415e+02
5.020000e-06	2.569107e-09	1.118759e-09	1.328488e+01	1.319481e+02
5.030000e-06	2.523301e-09	1.097411e-09	1.304801e+01	1.295452e+02
5.040000e-06	2.477383e-09	1.076516e-09	1.281057e+01	1.271329e+02
5.050000e-06	2.431371e-09	1.055421e-09	1.257264e+01	1.247115e+02
5.060000e-06	2.385237e-09	1.033585e-09	1.233408e+01	1.222811e+02
5.070000e-06	2.339008e-09	1.012077e-09	1.209503e+01	1.198419e+02
5.080000e-06	2.292683e-09	9.909652e-10	1.185548e+01	1.173940e+02
5.090000e-06	2.246231e-09	9.683825e-10	1.161528e+01	1.149377e+02
5.100000e-06	2.199660e-09	9.447672e-10	1.137446e+01	1.124731e+02
5.110000e-06	2.152962e-09	9.217056e-10	1.113298e+01	1.100004e+02
5.120000e-06	2.106102e-09	9.005118e-10	1.089067e+01	1.075198e+02
5.130000e-06	2.059053e-09	8.800218e-10	1.064738e+01	1.050314e+02
5.140000e-06	2.011821e-09	8.602148e-10	1.040314e+01	1.025354e+02
5.150000e-06	1.964388e-09	8.389576e-10	1.015786e+01	1.000321e+02
5.160000e-06	1.916728e-09	8.151242e-10	9.911417e+00	9.752151e+01
5.170000e-06	1.868857e-09	7.893164e-10	9.663872e+00	9.500392e+01
5.180000e-06	1.820784e-09	7.639202e-10	9.415289e+00	9.247948e+01
5.190000e-06	1.772482e-09	7.427385e-10	9.165519e+00	8.994838e+01
5.200000e-06	1.724001e-09	7.242250e-10	8.914820e+00	8.741079e+01
5.210000e-06	1.675372e-09	7.054149e-10	8.663359e+00	8.486691e+01
5.220000e-06	1.626602e-09	6.846181e-10	8.411168e+00	8.231690e+01
5.230000e-06	1.577687e-09	6.601756e-10	8.158231e+00	7.976096e+01
5.240000e-06	1.528639e-09	6.339092e-10	7.904603e+00	7.719928e+01
5.250000e-06	1.479471e-09	6.078100e-10	7.650353e+00	7.463203e+01
5.260000e-06	1.430186e-09	5.836860e-10	7.395503e+00	7.205940e+01
5.270000e-06	1.380810e-09	5.624404e-10	7.140175e+00	6.948157e+01
5.280000e-06	1.331329e-09	5.429889e-10	6.884310e+00	6.689874e+01
5.290000e-06	1.281749e-09	5.252211e-10	6.627931e+00	6.431109e+01
5.300000e-06	1.232057e-09	5.066442e-10	6.370971e+00	6.171880e+01
5.310000e-06	1.182241e-09	4.851184e-10	6.113375e+00	5.912207e+01
5.320000e-06	1.132302e-09	4.608926e-10	5.855140e+00	5.652107e+01
5.330000e-06	1.082292e-09	4.364264e-10	5.596536e+00	5.391600e+01
5.340000e-06	1.032224e-09	4.130371e-10	5.337635e+00	5.130704e+01
5.350000e-06	9.820704e-10	3.913576e-10	5.078290e+00	4.869439e+01
5.360000e-06	9.318367e-10	3.697278e-10	4.818531e+00	4.607823e+01
5.370000e-06	8.815392e-10	3.474801e-10	4.558442e+00	4.345874e+01
5.380000e-06	8.311678e-10	3.241369e-10	4.297971e+00	4.083613e+01
5.390000e-06	7.807211e-10	3.013804e-10	4.037110e+00	3.821057e+01
5.400000e-06	7.301986e-10	2.817826e-10	3.775858e+00	3.558226e+01
5.410000e-06	6.796116e-10	2.635008e-10	3.514272e+00	3.295138e+01
5.420000e-06	6.289724e-10	2.419363e-10	3.252416e+00	3.031813e+01
5.430000e-06	5.782709e-10	2.167162e-10	2.990238e+00	2.768270e+01
5.440000e-06	5.275310e-10	1.902430e-10	2.727862e+00	2.504527e+01
5.450000e-06	4.767496e-10	1.652675e-10	2.465271e+00	2.240604e+01
5.460000e-06	4.259088e-10	1.440160e-10	2.202372e+00	1.976519e+01
5.470000e-06	3.750077e-10	1.237005e-10	1.939162e+00	1.712292e+01
5.480000e-06	3.240750e-10	1.018472e-10	1.675788e+00	1.447942e+01
5.490000e-06	2.731397e-10	8.042337e-11	1.412401e+00	1.183488e+01
5.500000e-06	2.221922e-10	5.957650e-11	1.148951e+00	9.189478e+00
5.510000e-06	1.712321e-10	3.666757e-11	8.854356e-01	6.543420e+00
5.520000e-06	1.202703e-10	1.236103e-11	6.219115e-01	3.896891e+00
5.530000e-06	6.931179e-11	-9.576786e-12	3.584048e-01	1.250082e+00
5.540000e-06	1.833938e-11	-3.016065e-11	9.482610e-02	-1.396815e+00
5.550000e-06	-3.264064e-11	-5.110393e-11	-1.687921e-01	-4.043610e+00
5.560000e-06	-8.361522e-11	-7.372655e-11	-4.323823e-01	-6.690113e+00
5.570000e-06	-1.345910e-10	-9.874310e-11	-6.959789e-01	-9.336132e+00
5.580000e-06	-1.855518e-10	-1.254233e-10	-9.594975e-01	-1.198148e+01
5.590000e-06	-2.364939e-10	-1.499525e-10	-1.222920e+00	-1.462596e+01
5.600000e-06	-2.874169e-10	-1.703199e-10	-1.486243e+00	-1.726938e+01
5.610000e-06	-3.383248e-10	-1.887387e-10	-1.749489e+00	-1.991156e+01
5.620000e-06	-3.892053e-10	-2.071681e-10	-2.012592e+00	-2.255230e+01
5.630000e-06	-4.400231e-10	-2.293813e-10	-2.275372e+00	-2.519141e+01
5.640000e-06	-4.908028e-10	-2.560488e-10	-2.537954e+00	-2.782870e+01
5.650000e-06	-5.415468e-10	-2.850980e-10	-2.800352e+00	-3.046399e+01
5.660000e-06	-5.922114e-10	-3.128600e-10	-3.062339e+00	-3.309708e+01
5.670000e-06	-6.428059e-10	-3.364721e-10	-3.323964e+00	-3.572779e+01
5.680000e-06	-6.933471e-10	-3.555632e-10	-3.585312e+00	-3.835591e+01
5.690000e-06	-7.438272e-10	-3.720820e-10	-3.846346e+00	-4.098127e+01
5.700000e-06	-7.942355e-10	-3.882964e-10	-4.107008e+00	-4.360368e+01
5.710000e-06	-8.445729e-10	-4.097963e-10	-4.367303e+00	-4.622293e+01
5.720000e-06	-8.948443e-10	-4.379400e-10	-4.627257e+00	-4.883886e+01
5.730000e-06	-9.450251e-10	-4.675838e-10	-4.886742e+00	-5.145126e+01
5.740000e-06	-9.951149e-10	-4.925286e-10	-5.145757e+00	-5.405995e+01
5.750000e-06	-1.045125e-09	-5.121187e-10	-5.404362e+00	-5.666475e+01
5.760000e-06	-1.095033e-09	-5.308225e-10	-5.662432e+00	-5.926546e+01
5.770000e-06	-1.144838e-09	-5.518800e-10	-5.919977e+00	-6.186189e+01
5.780000e-06	-1.194519e-09	-5.730881e-10	-6.176876e+00	-6.445386e+01
5.790000e-06	-1.244094e-09	-5.934591e-10	-6.433230e+00	-6.704118e+01
5.800000e-06	-1.293592e-09	-6.162061e-10	-6.689187e+00	-6.962367e+01
5.810000e-06	-1.342992e-09	-6.426736e-10	-6.944631e+00	-7.220114e+01
5.820000e-06	-1.392274e-09	-6.686034e-10	-7.199469e+00	-7.477340e+01
5.830000e-06	-1.441416e-09	-6.906392e-10	-7.453585e+00	-7.734027e+01
5.840000e-06	-1.490446e-09	-7.093674e-10	-7.707120e+00	-7.990157e+01
5.850000e-06	-1.539364e-09	-7.275615e-10	-7.960075e+00	-8.245710e+01
5.860000e-06	-1.588131e-09	-7.494679e-10	-8.212248e+00	-8.500668e+01
5.870000e-06	-1.636710e-09	-7.741541e-10	-8.463451e+00	-8.755014e+01
5.880000e-06	-1.685092e-09	-7.980159e-10	-8.713633e+00	-9.008728e+01
5.890000e-06	-1.733282e-09	-8.190506e-10	-8.962827e+00	-9.261793e+01
5.900000e-06	-1.781287e-09	-8.375855e-10	-9.211061e+00	-9.514190e+01
5.910000e-06	-1.829075e-09	-8.575696e-10	-9.458172e+00	-9.765901e+01
5.920000e-06	-1.876620e-09	-8.800148e-10	-9.704030e+00	-1.001691e+02
5.930000e-06	-1.923938e-09	-9.019989e-10	-9.948710e+00	-1.026719e+02
5.940000e-06	-1.971054e-09	-9.236276e-10	-1.019235e+01	-1.051674e+02
5.950000e-06	-2.018001e-09	-9.454237e-10	-1.043511e+01	-1.076552e+02
5.960000e-06	-2.064767e-09	-9.684299e-10	-1.067694e+01	-1.101353e+02
5.970000e-06	-2.111342e-09	-9.903237e-10	-1.091778e+01	-1.126075e+02
5.980000e-06	-2.157791e-09	-1.009653e-09	-1.115796e+01	-1.150715e+02
5.990000e-06	-2.204116e-09	-1.028439e-09	-1.139751e+01	-1.175272e+02
6.000000e-06	-2.250299e-09	-1.048803e-09	-1.163633e+01	-1.199745e+02
6.010000e-06	-2.296368e-09	-1.071151e-09	-1.187455e+01	-1.224131e+02
6.020000e-06	-2.342346e-09	-1.093700e-09	-1.211230e+01	-1.248429e+02
6.030000e-06	-2.388229e-09	-1.114214e-09	-1.234956e+01	-1.272637e+02
6.040000e-06	-2.434003e-09	-1.131681e-09	-1.258626e+01	-1.296753e+02
6.050000e-06	-2.479698e-09	-1.149358e-09	-1.282255e+01	-1.320775e+02
6.060000e-06	-2.525302e-09	-1.169025e-09	-1.305837e+01	-1.344703e+02
6.070000e-06	-2.570791e-09	-1.189412e-09	-1.329359e+01	-1.368533e+02
6.080000e-06	-2.616125e-09	-1.210169e-09	-1.352802e+01	-1.392265e+02
6.090000e-06	-2.661300e-09	-1.229716e-09	-1.376162e+01	-1.415896e+02
6.100000e-06	-2.706279e-09	-1.248628e-09	-1.399421e+01	-1.439425e+02
6.110000e-06	-2.751013e-09	-1.268983e-09	-1.422552e+01	-1.462851e+02
6.120000e-06	-2.795532e-09	-1.289262e-09	-1.445573e+01	-1.486171e+02
6.130000e-06	-2.839840e-09	-1.307746e-09	-1.468485e+01	-1.509384e+02
6.140000e-06	-2.883925e-09	-1.324364e-09	-1.491282e+01	-1.532488e+02
6.150000e-06	-2.927813e-09	-1.341336e-09	-1.513976e+01	-1.555481e+02
6.160000e-06	-2.971562e-09	-1.359273e-09	-1.536599e+01	-1.578362e+02
6.170000e-06	-3.015205e-09	-1.377726e-09	-1.559167e+01	-1.601130e+02
6.180000e-06	-3.058753e-09	-1.397414e-09	-1.581685e+01	-1.623782e+02
6.190000e-06	-3.102215e-09	-1.417394e-09	-1.604160e+01	-1.646317e+02
6.200000e-06	-3.145560e-09	-1.437981e-09	-1.626573e+01	-1.668733e+02
6.210000e-06	-3.188748e-09	-1.458125e-09	-1.648906e+01	-1.691029e+02
6.220000e-06	-3.231727e-09	-1.478086e-09	-1.671130e+01	-1.713203e+02
6.230000e-06	-3.274439e-09	-1.498029e-09	-1.693217e+01	-1.735254e+02
6.240000e-06	-3.316885e-09	-1.516911e-09	-1.715166e+01	-1.757179e+02
6.250000e-06	-3.359072e-09	-1.534730e-09	-1.736981e+01	-1.778978e+02
6.260000e-06	-3.401020e-09	-1.552270e-09	-1.758672e+01	-1.800649e+02
6.270000e-06	-3.442759e-09	-1.569538e-09	-1.780255e+01	-1.822189e+02
6.280000e-06	-3.484303e-09	-1.586313e-09	-1.801737e+01	-1.843598e+02
6.290000e-06	-3.525649e-09	-1.604665e-09	-1.823118e+01	-1.864875e+02
6.300000e-06	-3.566759e-09	-1.625142e-09	-1.844376e+01	-1.886017e+02
6.310000e-06	-3.607567e-09	-1.645394e-09	-1.865477e+01	-1.907023e+02
6.320000e-06	-3.648055e-09	-1.664125e-09	-1.886414e+01	-1.927891e+02
6.330000e-06	-3.688266e-09	-1.680965e-09	-1.907207e+01	-1.948620e+02
6.340000e-06	-3.728226e-09	-1.696681e-09	-1.927870e+01	-1.969209e+02
6.350000e-06	-3.767979e-09	-1.711382e-09	-1.948427e+01	-1.989656e+02
6.360000e-06	-3.807595e-09	-1.724088e-09	-1.968912e+01	-2.009960e+02
6.370000e-06	-3.847072e-09	-1.738552e-09	-1.989326e+01	-2.030118e+02
6.380000e-06	-3.886379e-09	-1.758513e-09	-2.009652e+01	-2.050130e+02
6.390000e-06	-3.925481e-09	-1.782941e-09	-2.029872e+01	-2.069995e+02
6.400000e-06	-3.964307e-09	-1.806278e-09	-2.049948e+01	-2.089710e+02
6.410000e-06	-4.002770e-09	-1.824551e-09	-2.069837e+01	-2.109274e+02
6.420000e-06	-4.040769e-09	-1.838045e-09	-2.089487e+01	-2.128687e+02
6.430000e-06	-4.078277e-09	-1.850329e-09	-2.108882e+01	-2.147946e+02
6.440000e-06	-4.115290e-09	-1.863039e-09	-2.128022e+01	-2.167050e+02
6.450000e-06	-4.151823e-09	-1.875847e-09	-2.146913e+01	-2.185998e+02
6.460000e-06	-4.187970e-09	-1.888777e-09	-2.165604e+01	-2.204788e+02
6.470000e-06	-4.223830e-09	-1.904364e-09	-2.184148e+01	-2.223419e+02
6.480000e-06	-4.259500e-09	-1.924826e-09	-2.202593e+01	-2.241890e+02
6.490000e-06	-4.295021e-09	-1.946973e-09	-2.220961e+01	-2.260199e+02
6.500000e-06	-4.330363e-09	-1.964830e-09	-2.239236e+01	-2.278346e+02
6.510000e-06	-4.365487e-09	-1.977017e-09	-2.257399e+01	-2.296328e+02
6.520000e-06	-4.400317e-09	-1.988669e-09	-2.275409e+01	-2.314144e+02
6.530000e-06	-4.434787e-09	-2.002208e-09	-2.293234e+01	-2.331794e+02
6.540000e-06	-4.468896e-09	-2.016115e-09	-2.310872e+01	-2.349275e+02
6.550000e-06	-4.502693e-09	-2.029171e-09	-2.328348e+01	-2.366587e+02
6.560000e-06	-4.536210e-09	-2.040859e-09	-2.345680e+01	-2.383729e+02
6.570000e-06	-4.569410e-09	-2.054058e-09	-2.362848e+01	-2.400699e+02
6.580000e-06	-4.602250e-09	-2.071644e-09	-2.379829e+01	-2.417495e+02
6.590000e-06	-4.634728e-09	-2.089846e-09	-2.396624e+01	-2.434117e+02
6.600000e-06	-4.666864e-09	-2.103602e-09	-2.413241e+01	-2.450564e+02
6.610000e-06	-4.698712e-09	-2.113020e-09	-2.429710e+01	-2.466834e+02
6.620000e-06	-4.730347e-09	-2.122014e-09	-2.446069e+01	-2.482927e+02
6.630000e-06	-4.761768e-09	-2.133784e-09	-2.462316e+01	-2.498840e+02
6.640000e-06	-4.792917e-09	-2.147267e-09	-2.478423e+01	-2.514573e+02
6.650000e-06	-4.823703e-09	-2.159942e-09	-2.494343e+01	-2.530125e+02
6.660000e-06	-4.853999e-09	-2.172325e-09	-2.510009e+01	-2.545494e+02
6.670000e-06	-4.883763e-09	-2.185888e-09	-2.525400e+01	-2.560680e+02
6.680000e-06	-4.912976e-09	-2.199174e-09	-2.540506e+01	-2.575681e+02
6.690000e-06	-4.941630e-09	-2.209624e-09	-2.555323e+01	-2.590497e+02
6.700000e-06	-4.969834e-09	-2.218144e-09	-2.569907e+01	-2.605125e+02
6.710000e-06	-4.997721e-09	-2.227985e-09	-2.584328e+01	-2.619566e+02
6.720000e-06	-5.025399e-09	-2.240085e-09	-2.598640e+01	-2.633818e+02
6.730000e-06	-5.052884e-09	-2.253170e-09	-2.612853e+01	-2.647880e+02
6.740000e-06	-5.080114e-09	-2.265227e-09	-2.626934e+01	-2.661752e+02
6.750000e-06	-5.107008e-09	-2.274104e-09	-2.640840e+01	-2.675431e+02
6.760000e-06	-5.133511e-09	-2.282769e-09	-2.654545e+01	-2.688917e+02
6.770000e-06	-5.159616e-09	-2.294367e-09	-2.668044e+01	-2.702210e+02
6.780000e-06	-5.185354e-09	-2.307761e-09	-2.681353e+01	-2.715308e+02
6.790000e-06	-5.210755e-09	-2.319455e-09	-2.694488e+01	-2.728210e+02
6.800000e-06	-5.235780e-09	-2.329247e-09	-2.707428e+01	-2.740915e+02
6.810000e-06	-5.260389e-09	-2.339736e-09	-2.720154e+01	-2.753423e+02
6.820000e-06	-5.284622e-09	-2.350916e-09	-2.732685e+01	-2.765732e+02
6.830000e-06	-5.308539e-09	-2.360851e-09	-2.745052e+01	-2.777842e+02
6.840000e-06	-5.332220e-09	-2.368560e-09	-2.757298e+01	-2.789751e+02
6.850000e-06	-5.355691e-09	-2.376215e-09	-2.769434e+01	-2.801459e+02
6.860000e-06	-5.378866e-09	-2.385469e-09	-2.781418e+01	-2.812966e+02
6.870000e-06	-5.401635e-09	-2.395932e-09	-2.793192e+01	-2.824269e+02
6.880000e-06	-5.423865e-09	-2.405503e-09	-2.804687e+01	-2.835369e+02
6.890000e-06	-5.445477e-09	-2.413680e-09	-2.815863e+01	-2.846265e+02
6.900000e-06	-5.466450e-09	-2.420797e-09	-2.826708e+01	-2.856955e+02
6.910000e-06	-5.486859e-09	-2.427975e-09	-2.837262e+01	-2.867439e+02
6.920000e-06	-5.506866e-09	-2.436026e-09	-2.847607e+01	-2.877717e+02
6.930000e-06	-5.526606e-09	-2.444031e-09	-2.857815e+01	-2.887787e+02
6.940000e-06	-5.546141e-09	-2.450860e-09	-2.867917e+01	-2.897649e+02
6.950000e-06	-5.565419e-09	-2.457116e-09	-2.877885e+01	-2.907302e+02
6.960000e-06	-5.584346e-09	-2.464456e-09	-2.887672e+01	-2.916745e+02
6.970000e-06	-5.602832e-09	-2.473197e-09	-2.897231e+01	-2.925978e+02
6.980000e-06	-5.620908e-09	-2.481042e-09	-2.906578e+01	-2.935000e+02
6.990000e-06	-5.638645e-09	-2.486407e-09	-2.915750e+01	-2.943811e+02
7.000000e-06	-5.656040e-09	-2.492107e-09	-2.924745e+01	-2.952409e+02
7.010000e-06	-5.673041e-09	-2.499244e-09	-2.933537e+01	-2.960795e+02
7.020000e-06	-5.689612e-09	-2.507989e-09	-2.942106e+01	-2.968967e+02
7.030000e-06	-5.705787e-09	-2.516670e-09	-2.950470e+01	-2.976925e+02
7.040000e-06	-5.721647e-09	-2.522808e-09	-2.958671e+01	-2.984668e+02
7.050000e-06	-5.737261e-09	-2.526999e-09	-2.966745e+01	-2.992196e+02
7.060000e-06	-5.752578e-09	-2.530875e-09	-2.974665e+01	-2.999508e+02
7.070000e-06	-5.767443e-09	-2.536379e-09	-2.982352e+01	-3.006604e+02
7.080000e-06	-5.781690e-09	-2.543435e-09	-2.989719e+01	-3.013484e+02
7.090000e-06	-5.795209e-09	-2.551483e-09	-2.996710e+01	-3.020146e+02
7.100000e-06	-5.808042e-09	-2.559467e-09	-3.003346e+01	-3.026590e+02
7.110000e-06	-5.820332e-09	-2.566514e-09	-3.009701e+01	-3.032816e+02
7.120000e-06	-5.832206e-09	-2.571079e-09	-3.015841e+01	-3.038824e+02
7.130000e-06	-5.843749e-09	-2.573852e-09	-3.021810e+01	-3.044612e+02
7.140000e-06	-5.854911e-09	-2.577852e-09	-3.027582e+01	-3.050181e+02
7.150000e-06	-5.865625e-09	-2.582690e-09	-3.033122e+01	-3.055530e+02
7.160000e-06	-5.875873e-09	-2.587604e-09	-3.038421e+01	-3.060658e+02
7.170000e-06	-5.885732e-09	-2.591145e-09	-3.043520e+01	-3.065566e+02
7.180000e-06	-5.895265e-09	-2.593040e-09	-3.048449e+01	-3.070253e+02
7.190000e-06	-5.904414e-09	-2.596278e-09	-3.053180e+01	-3.074719e+02
7.200000e-06	-5.913104e-09	-2.602704e-09	-3.057674e+01	-3.078963e+02
7.210000e-06	-5.921339e-09	-2.609332e-09	-3.061932e+01	-3.082985e+02
7.220000e-06	-5.929240e-09	-2.612865e-09	-3.066017e+01	-3.086785e+02
7.230000e-06	-5.936897e-09	-2.612014e-09	-3.069977e+01	-3.090362e+02
7.240000e-06	-5.944304e-09	-2.609643e-09	-3.073807e+01	-3.093716e+02
7.250000e-06	-5.951350e-09	-2.610150e-09	-3.077450e+01	-3.096847e+02
7.260000e-06	-5.957877e-09	-2.613955e-09	-3.080826e+01	-3.099755e+02
7.270000e-06	-5.963752e-09	-2.618473e-09	-3.083864e+01	-3.102440e+02
7.280000e-06	-5.968939e-09	-2.621971e-09	-3.086546e+01	-3.104901e+02
7.290000e-06	-5.973512e-09	-2.625558e-09	-3.088911e+01	-3.107138e+02
7.300000e-06	-5.977603e-09	-2.629662e-09	-3.091026e+01	-3.109151e+02
7.310000e-06	-5.981380e-09	-2.631848e-09	-3.092979e+01	-3.110939e+02
7.320000e-06	-5.984928e-09	-2.629001e-09	-3.094814e+01	-3.112504e+02
7.330000e-06	-5.988178e-09	-2.624389e-09	-3.096494e+01	-3.113844e+02
7.340000e-06	-5.991009e-09	-2.623855e-09	-3.097958e+01	-3.114960e+02
7.350000e-06	-5.993405e-09	-2.628705e-09	-3.099197e+01	-3.115851e+02
7.360000e-06	-5.995421e-09	-2.633723e-09	-3.100240e+01	-3.116517e+02
7.370000e-06	-5.997086e-09	-2.633124e-09	-3.101101e+01	-3.116959e+02
7.380000e-06	-5.998422e-09	-2.628447e-09	-3.101791e+01	-3.117176e+02
7.390000e-06	-5.999232e-09	-2.625459e-09	-3.102210e+01	-3.117168e+02
