# Temperatura_=_20.0
# Concentracion g/m^3_=_10000.0
# C_Vs_to_Am_M_A/Vsm_=_116720831517.84952
# pendiente_HvsI_1/m_=_3716.3
# ordenada_HvsI_A/m_=_1297.0
# frecuencia_Hz_=_81179.73343121096
# Promedio de 21 ciclos

Tiempo_(s)	Campo_(V.s)	Magnetizacion_(V.s)	Campo_(kA/m)	Magnetizacion_(A/m)
0.000000e+00	-9.303171e-09	-4.103397e-09	-4.960670e+01	-4.845055e+02
1.000000e-08	-9.303350e-09	-4.100634e-09	-4.960765e+01	-4.844520e+02
2.000000e-08	-9.303305e-09	-4.095939e-09	-4.960741e+01	-4.843859e+02
3.000000e-08	-9.303101e-09	-4.090674e-09	-4.960633e+01	-4.843072e+02
4.000000e-08	-9.302747e-09	-4.086358e-09	-4.960444e+01	-4.842159e+02
5.000000e-08	-9.302247e-09	-4.078117e-09	-4.960177e+01	-4.841120e+02
6.000000e-08	-9.301588e-09	-4.059982e-09	-4.959826e+01	-4.839955e+02
7.000000e-08	-9.300656e-09	-4.068762e-09	-4.959329e+01	-4.838664e+02
8.000000e-08	-9.299328e-09	-4.111659e-09	-4.958621e+01	-4.837247e+02
9.000000e-08	-9.297531e-09	-4.170401e-09	-4.957663e+01	-4.835704e+02
1.000000e-07	-9.295304e-09	-4.160989e-09	-4.956476e+01	-4.834036e+02
1.100000e-07	-9.292786e-09	-4.105395e-09	-4.955133e+01	-4.832241e+02
1.200000e-07	-9.290113e-09	-4.078178e-09	-4.953707e+01	-4.830321e+02
1.300000e-07	-9.287308e-09	-4.047481e-09	-4.952212e+01	-4.828275e+02
1.400000e-07	-9.284251e-09	-4.024677e-09	-4.950582e+01	-4.826104e+02
1.500000e-07	-9.280914e-09	-4.032392e-09	-4.948803e+01	-4.823807e+02
1.600000e-07	-9.277322e-09	-4.077339e-09	-4.946887e+01	-4.821385e+02
1.700000e-07	-9.273480e-09	-4.105201e-09	-4.944839e+01	-4.818837e+02
1.800000e-07	-9.269450e-09	-4.130340e-09	-4.942689e+01	-4.816164e+02
1.900000e-07	-9.265253e-09	-4.105879e-09	-4.940452e+01	-4.813365e+02
2.000000e-07	-9.260871e-09	-4.061482e-09	-4.938115e+01	-4.810441e+02
2.100000e-07	-9.256213e-09	-4.106285e-09	-4.935631e+01	-4.807392e+02
2.200000e-07	-9.251214e-09	-4.114204e-09	-4.932966e+01	-4.804218e+02
2.300000e-07	-9.245906e-09	-4.073650e-09	-4.930135e+01	-4.800919e+02
2.400000e-07	-9.240368e-09	-4.076179e-09	-4.927182e+01	-4.797495e+02
2.500000e-07	-9.234687e-09	-4.119852e-09	-4.924153e+01	-4.793947e+02
2.600000e-07	-9.228838e-09	-4.103528e-09	-4.921035e+01	-4.790273e+02
2.700000e-07	-9.222753e-09	-4.042265e-09	-4.917790e+01	-4.786475e+02
2.800000e-07	-9.216455e-09	-4.077278e-09	-4.914432e+01	-4.782552e+02
2.900000e-07	-9.209937e-09	-4.132910e-09	-4.910956e+01	-4.778505e+02
3.000000e-07	-9.203135e-09	-4.127361e-09	-4.907329e+01	-4.774334e+02
3.100000e-07	-9.196068e-09	-4.117566e-09	-4.903561e+01	-4.770038e+02
3.200000e-07	-9.188822e-09	-4.119957e-09	-4.899697e+01	-4.765618e+02
3.300000e-07	-9.181366e-09	-4.076149e-09	-4.895721e+01	-4.761075e+02
3.400000e-07	-9.173668e-09	-4.047241e-09	-4.891616e+01	-4.756407e+02
3.500000e-07	-9.165785e-09	-4.082510e-09	-4.887413e+01	-4.751616e+02
3.600000e-07	-9.157712e-09	-4.107224e-09	-4.883108e+01	-4.746701e+02
3.700000e-07	-9.149430e-09	-4.109287e-09	-4.878692e+01	-4.741662e+02
3.800000e-07	-9.140962e-09	-4.124155e-09	-4.874177e+01	-4.736500e+02
3.900000e-07	-9.132298e-09	-4.115105e-09	-4.869557e+01	-4.731215e+02
4.000000e-07	-9.123418e-09	-4.048146e-09	-4.864822e+01	-4.725807e+02
4.100000e-07	-9.114342e-09	-4.033723e-09	-4.859982e+01	-4.720276e+02
4.200000e-07	-9.105017e-09	-4.075720e-09	-4.855010e+01	-4.714622e+02
4.300000e-07	-9.095348e-09	-4.088660e-09	-4.849855e+01	-4.708845e+02
4.400000e-07	-9.085264e-09	-4.087948e-09	-4.844478e+01	-4.702946e+02
4.500000e-07	-9.074795e-09	-4.091501e-09	-4.838896e+01	-4.696924e+02
4.600000e-07	-9.064007e-09	-4.076517e-09	-4.833143e+01	-4.690781e+02
4.700000e-07	-9.052895e-09	-4.050128e-09	-4.827218e+01	-4.684515e+02
4.800000e-07	-9.041448e-09	-4.052495e-09	-4.821114e+01	-4.678127e+02
4.900000e-07	-9.029706e-09	-4.045578e-09	-4.814853e+01	-4.671618e+02
5.000000e-07	-9.017682e-09	-4.038507e-09	-4.808442e+01	-4.664987e+02
5.100000e-07	-9.005402e-09	-4.063132e-09	-4.801894e+01	-4.658234e+02
5.200000e-07	-8.992890e-09	-4.072053e-09	-4.795222e+01	-4.651361e+02
5.300000e-07	-8.980122e-09	-4.047423e-09	-4.788414e+01	-4.644366e+02
5.400000e-07	-8.967135e-09	-4.020997e-09	-4.781489e+01	-4.637251e+02
5.500000e-07	-8.953913e-09	-4.013604e-09	-4.774439e+01	-4.630015e+02
5.600000e-07	-8.940420e-09	-4.016297e-09	-4.767244e+01	-4.622659e+02
5.700000e-07	-8.926654e-09	-4.032718e-09	-4.759903e+01	-4.615182e+02
5.800000e-07	-8.912607e-09	-4.034668e-09	-4.752414e+01	-4.607585e+02
5.900000e-07	-8.898313e-09	-4.016576e-09	-4.744791e+01	-4.599868e+02
6.000000e-07	-8.883784e-09	-4.003785e-09	-4.737044e+01	-4.592032e+02
6.100000e-07	-8.868995e-09	-3.991287e-09	-4.729159e+01	-4.584076e+02
6.200000e-07	-8.853940e-09	-3.981402e-09	-4.721131e+01	-4.576001e+02
6.300000e-07	-8.838561e-09	-3.977408e-09	-4.712930e+01	-4.567807e+02
6.400000e-07	-8.822820e-09	-3.976141e-09	-4.704537e+01	-4.559493e+02
6.500000e-07	-8.806732e-09	-3.971539e-09	-4.695959e+01	-4.551062e+02
6.600000e-07	-8.790257e-09	-3.973831e-09	-4.687174e+01	-4.542512e+02
6.700000e-07	-8.773406e-09	-3.968767e-09	-4.678189e+01	-4.533843e+02
6.800000e-07	-8.756270e-09	-3.949268e-09	-4.669051e+01	-4.525057e+02
6.900000e-07	-8.738887e-09	-3.934375e-09	-4.659782e+01	-4.516153e+02
7.000000e-07	-8.721284e-09	-3.923056e-09	-4.650396e+01	-4.507132e+02
7.100000e-07	-8.703512e-09	-3.919872e-09	-4.640920e+01	-4.497993e+02
7.200000e-07	-8.685584e-09	-3.921702e-09	-4.631360e+01	-4.488737e+02
7.300000e-07	-8.667511e-09	-3.916301e-09	-4.621723e+01	-4.479365e+02
7.400000e-07	-8.649287e-09	-3.898490e-09	-4.612006e+01	-4.469875e+02
7.500000e-07	-8.630920e-09	-3.884252e-09	-4.602212e+01	-4.460270e+02
7.600000e-07	-8.612386e-09	-3.878305e-09	-4.592329e+01	-4.450548e+02
7.700000e-07	-8.593648e-09	-3.873225e-09	-4.582338e+01	-4.440711e+02
7.800000e-07	-8.574685e-09	-3.869993e-09	-4.572226e+01	-4.430758e+02
7.900000e-07	-8.555453e-09	-3.861916e-09	-4.561971e+01	-4.420690e+02
8.000000e-07	-8.535952e-09	-3.853694e-09	-4.551573e+01	-4.410507e+02
8.100000e-07	-8.516221e-09	-3.848072e-09	-4.541052e+01	-4.400209e+02
8.200000e-07	-8.496268e-09	-3.841360e-09	-4.530412e+01	-4.389797e+02
8.300000e-07	-8.476124e-09	-3.829074e-09	-4.519671e+01	-4.379270e+02
8.400000e-07	-8.455850e-09	-3.816217e-09	-4.508860e+01	-4.368630e+02
8.500000e-07	-8.435463e-09	-3.810297e-09	-4.497989e+01	-4.357876e+02
8.600000e-07	-8.414967e-09	-3.809266e-09	-4.487061e+01	-4.347008e+02
8.700000e-07	-8.394362e-09	-3.808679e-09	-4.476073e+01	-4.336027e+02
8.800000e-07	-8.373632e-09	-3.799754e-09	-4.465020e+01	-4.324934e+02
8.900000e-07	-8.352732e-09	-3.786570e-09	-4.453876e+01	-4.313728e+02
9.000000e-07	-8.331626e-09	-3.775644e-09	-4.442621e+01	-4.302410e+02
9.100000e-07	-8.310310e-09	-3.770878e-09	-4.431255e+01	-4.290979e+02
9.200000e-07	-8.288741e-09	-3.768817e-09	-4.419754e+01	-4.279438e+02
9.300000e-07	-8.266918e-09	-3.762415e-09	-4.408117e+01	-4.267784e+02
9.400000e-07	-8.244876e-09	-3.752382e-09	-4.396364e+01	-4.256020e+02
9.500000e-07	-8.222629e-09	-3.740623e-09	-4.384501e+01	-4.244145e+02
9.600000e-07	-8.200204e-09	-3.730979e-09	-4.372544e+01	-4.232160e+02
9.700000e-07	-8.177599e-09	-3.721500e-09	-4.360490e+01	-4.220064e+02
9.800000e-07	-8.154787e-09	-3.711664e-09	-4.348326e+01	-4.207859e+02
9.900000e-07	-8.131765e-09	-3.702381e-09	-4.336051e+01	-4.195544e+02
1.000000e-06	-8.108535e-09	-3.696344e-09	-4.323664e+01	-4.183120e+02
1.010000e-06	-8.085102e-09	-3.692375e-09	-4.311169e+01	-4.170587e+02
1.020000e-06	-8.061448e-09	-3.684603e-09	-4.298556e+01	-4.157946e+02
1.030000e-06	-8.037577e-09	-3.672167e-09	-4.285827e+01	-4.145197e+02
1.040000e-06	-8.013535e-09	-3.658982e-09	-4.273008e+01	-4.132339e+02
1.050000e-06	-7.989337e-09	-3.650909e-09	-4.260105e+01	-4.119374e+02
1.060000e-06	-7.964982e-09	-3.646064e-09	-4.247118e+01	-4.106302e+02
1.070000e-06	-7.940489e-09	-3.642322e-09	-4.234058e+01	-4.093123e+02
1.080000e-06	-7.915857e-09	-3.635973e-09	-4.220924e+01	-4.079838e+02
1.090000e-06	-7.891049e-09	-3.626052e-09	-4.207695e+01	-4.066446e+02
1.100000e-06	-7.866039e-09	-3.615182e-09	-4.194359e+01	-4.052949e+02
1.110000e-06	-7.840824e-09	-3.605314e-09	-4.180914e+01	-4.039346e+02
1.120000e-06	-7.815378e-09	-3.596213e-09	-4.167346e+01	-4.025638e+02
1.130000e-06	-7.789650e-09	-3.584505e-09	-4.153627e+01	-4.011826e+02
1.140000e-06	-7.763604e-09	-3.572849e-09	-4.139739e+01	-3.997909e+02
1.150000e-06	-7.737248e-09	-3.562034e-09	-4.125686e+01	-3.983888e+02
1.160000e-06	-7.710572e-09	-3.552302e-09	-4.111461e+01	-3.969763e+02
1.170000e-06	-7.683551e-09	-3.543345e-09	-4.097053e+01	-3.955535e+02
1.180000e-06	-7.656221e-09	-3.534442e-09	-4.082480e+01	-3.941204e+02
1.190000e-06	-7.628598e-09	-3.525154e-09	-4.067751e+01	-3.926771e+02
1.200000e-06	-7.600741e-09	-3.513291e-09	-4.052897e+01	-3.912235e+02
1.210000e-06	-7.572712e-09	-3.500400e-09	-4.037951e+01	-3.897598e+02
1.220000e-06	-7.544507e-09	-3.486512e-09	-4.022912e+01	-3.882859e+02
1.230000e-06	-7.516154e-09	-3.474526e-09	-4.007793e+01	-3.868019e+02
1.240000e-06	-7.487678e-09	-3.465269e-09	-3.992609e+01	-3.853078e+02
1.250000e-06	-7.459090e-09	-3.455965e-09	-3.977365e+01	-3.838038e+02
1.260000e-06	-7.430390e-09	-3.445660e-09	-3.962062e+01	-3.822897e+02
1.270000e-06	-7.401574e-09	-3.433073e-09	-3.946696e+01	-3.807657e+02
1.280000e-06	-7.372599e-09	-3.420097e-09	-3.931246e+01	-3.792318e+02
1.290000e-06	-7.343418e-09	-3.405759e-09	-3.915686e+01	-3.776880e+02
1.300000e-06	-7.314033e-09	-3.391407e-09	-3.900017e+01	-3.761344e+02
1.310000e-06	-7.284452e-09	-3.377200e-09	-3.884245e+01	-3.745710e+02
1.320000e-06	-7.254667e-09	-3.361658e-09	-3.868362e+01	-3.729979e+02
1.330000e-06	-7.224679e-09	-3.346844e-09	-3.852372e+01	-3.714150e+02
1.340000e-06	-7.194514e-09	-3.332806e-09	-3.836287e+01	-3.698225e+02
1.350000e-06	-7.164170e-09	-3.319556e-09	-3.820107e+01	-3.682204e+02
1.360000e-06	-7.133649e-09	-3.305273e-09	-3.803833e+01	-3.666087e+02
1.370000e-06	-7.102973e-09	-3.289165e-09	-3.787476e+01	-3.649874e+02
1.380000e-06	-7.072163e-09	-3.272788e-09	-3.771047e+01	-3.633566e+02
1.390000e-06	-7.041194e-09	-3.257747e-09	-3.754534e+01	-3.617164e+02
1.400000e-06	-7.010051e-09	-3.244715e-09	-3.737927e+01	-3.600668e+02
1.410000e-06	-6.978741e-09	-3.230682e-09	-3.721232e+01	-3.584078e+02
1.420000e-06	-6.947244e-09	-3.214944e-09	-3.704437e+01	-3.567395e+02
1.430000e-06	-6.915593e-09	-3.199927e-09	-3.687560e+01	-3.550619e+02
1.440000e-06	-6.883796e-09	-3.186661e-09	-3.670605e+01	-3.533751e+02
1.450000e-06	-6.851845e-09	-3.173962e-09	-3.653568e+01	-3.516791e+02
1.460000e-06	-6.819747e-09	-3.159999e-09	-3.636453e+01	-3.499739e+02
1.470000e-06	-6.787501e-09	-3.144640e-09	-3.619259e+01	-3.482596e+02
1.480000e-06	-6.755115e-09	-3.128136e-09	-3.601990e+01	-3.465363e+02
1.490000e-06	-6.722603e-09	-3.112559e-09	-3.584653e+01	-3.448039e+02
1.500000e-06	-6.689961e-09	-3.099616e-09	-3.567248e+01	-3.430626e+02
1.510000e-06	-6.657186e-09	-3.087192e-09	-3.549771e+01	-3.413123e+02
1.520000e-06	-6.624274e-09	-3.073195e-09	-3.532222e+01	-3.395532e+02
1.530000e-06	-6.591203e-09	-3.058603e-09	-3.514588e+01	-3.377852e+02
1.540000e-06	-6.557941e-09	-3.044109e-09	-3.496852e+01	-3.360085e+02
1.550000e-06	-6.524448e-09	-3.029397e-09	-3.478993e+01	-3.342230e+02
1.560000e-06	-6.490744e-09	-3.012747e-09	-3.461021e+01	-3.324288e+02
1.570000e-06	-6.456842e-09	-2.993327e-09	-3.442944e+01	-3.306259e+02
1.580000e-06	-6.422673e-09	-2.974038e-09	-3.424724e+01	-3.288145e+02
1.590000e-06	-6.388196e-09	-2.959123e-09	-3.406340e+01	-3.269944e+02
1.600000e-06	-6.353453e-09	-2.947923e-09	-3.387814e+01	-3.251659e+02
1.610000e-06	-6.318443e-09	-2.934401e-09	-3.369146e+01	-3.233289e+02
1.620000e-06	-6.283154e-09	-2.914941e-09	-3.350330e+01	-3.214836e+02
1.630000e-06	-6.247646e-09	-2.891464e-09	-3.331396e+01	-3.196298e+02
1.640000e-06	-6.211933e-09	-2.870193e-09	-3.312353e+01	-3.177677e+02
1.650000e-06	-6.176019e-09	-2.855954e-09	-3.293203e+01	-3.158974e+02
1.660000e-06	-6.139958e-09	-2.845836e-09	-3.273974e+01	-3.140188e+02
1.670000e-06	-6.103791e-09	-2.833959e-09	-3.254689e+01	-3.121321e+02
1.680000e-06	-6.067521e-09	-2.818934e-09	-3.235349e+01	-3.102372e+02
1.690000e-06	-6.031150e-09	-2.802585e-09	-3.215955e+01	-3.083343e+02
1.700000e-06	-5.994684e-09	-2.785538e-09	-3.196510e+01	-3.064234e+02
1.710000e-06	-5.958113e-09	-2.766865e-09	-3.177010e+01	-3.045044e+02
1.720000e-06	-5.921445e-09	-2.746215e-09	-3.157458e+01	-3.025776e+02
1.730000e-06	-5.884675e-09	-2.725747e-09	-3.137851e+01	-3.006429e+02
1.740000e-06	-5.847790e-09	-2.709341e-09	-3.118182e+01	-2.987003e+02
1.750000e-06	-5.810773e-09	-2.696889e-09	-3.098444e+01	-2.967500e+02
1.760000e-06	-5.773602e-09	-2.683330e-09	-3.078624e+01	-2.947920e+02
1.770000e-06	-5.736280e-09	-2.666494e-09	-3.058723e+01	-2.928263e+02
1.780000e-06	-5.698811e-09	-2.647089e-09	-3.038743e+01	-2.908530e+02
1.790000e-06	-5.661186e-09	-2.627957e-09	-3.018681e+01	-2.888721e+02
1.800000e-06	-5.623414e-09	-2.612561e-09	-2.998540e+01	-2.868837e+02
1.810000e-06	-5.585486e-09	-2.596966e-09	-2.978316e+01	-2.848878e+02
1.820000e-06	-5.547389e-09	-2.577362e-09	-2.958002e+01	-2.828845e+02
1.830000e-06	-5.509167e-09	-2.556340e-09	-2.937621e+01	-2.808739e+02
1.840000e-06	-5.470833e-09	-2.537825e-09	-2.917180e+01	-2.788559e+02
1.850000e-06	-5.432374e-09	-2.521328e-09	-2.896674e+01	-2.768307e+02
1.860000e-06	-5.393797e-09	-2.503454e-09	-2.876103e+01	-2.747983e+02
1.870000e-06	-5.355061e-09	-2.483818e-09	-2.855449e+01	-2.727587e+02
1.880000e-06	-5.316174e-09	-2.465122e-09	-2.834713e+01	-2.707120e+02
1.890000e-06	-5.277152e-09	-2.449532e-09	-2.813906e+01	-2.686583e+02
1.900000e-06	-5.237990e-09	-2.433887e-09	-2.793023e+01	-2.665976e+02
1.910000e-06	-5.198699e-09	-2.413467e-09	-2.772072e+01	-2.645300e+02
1.920000e-06	-5.159269e-09	-2.389312e-09	-2.751047e+01	-2.624555e+02
1.930000e-06	-5.119716e-09	-2.366955e-09	-2.729957e+01	-2.603741e+02
1.940000e-06	-5.080041e-09	-2.349634e-09	-2.708801e+01	-2.582860e+02
1.950000e-06	-5.040239e-09	-2.335085e-09	-2.687578e+01	-2.561912e+02
1.960000e-06	-5.000318e-09	-2.319163e-09	-2.666291e+01	-2.540897e+02
1.970000e-06	-4.960286e-09	-2.299730e-09	-2.644945e+01	-2.519816e+02
1.980000e-06	-4.920181e-09	-2.279922e-09	-2.623560e+01	-2.498669e+02
1.990000e-06	-4.879979e-09	-2.261138e-09	-2.602123e+01	-2.477457e+02
2.000000e-06	-4.839667e-09	-2.240536e-09	-2.580628e+01	-2.456181e+02
2.010000e-06	-4.799267e-09	-2.217059e-09	-2.559085e+01	-2.434841e+02
2.020000e-06	-4.758776e-09	-2.192537e-09	-2.537495e+01	-2.413437e+02
2.030000e-06	-4.718191e-09	-2.171729e-09	-2.515854e+01	-2.391971e+02
2.040000e-06	-4.677513e-09	-2.154029e-09	-2.494163e+01	-2.370442e+02
2.050000e-06	-4.636755e-09	-2.136115e-09	-2.472430e+01	-2.348852e+02
2.060000e-06	-4.595917e-09	-2.114938e-09	-2.450655e+01	-2.327201e+02
2.070000e-06	-4.554973e-09	-2.091734e-09	-2.428822e+01	-2.305489e+02
2.080000e-06	-4.513917e-09	-2.070427e-09	-2.406930e+01	-2.283717e+02
2.090000e-06	-4.472770e-09	-2.050150e-09	-2.384990e+01	-2.261885e+02
2.100000e-06	-4.431510e-09	-2.030056e-09	-2.362989e+01	-2.239995e+02
2.110000e-06	-4.390130e-09	-2.008227e-09	-2.340924e+01	-2.218047e+02
2.120000e-06	-4.348613e-09	-1.986475e-09	-2.318786e+01	-2.196040e+02
2.130000e-06	-4.306906e-09	-1.966941e-09	-2.296547e+01	-2.173977e+02
2.140000e-06	-4.265018e-09	-1.947704e-09	-2.274212e+01	-2.151857e+02
2.150000e-06	-4.222946e-09	-1.927109e-09	-2.251778e+01	-2.129681e+02
2.160000e-06	-4.180676e-09	-1.904088e-09	-2.229239e+01	-2.107450e+02
2.170000e-06	-4.138232e-09	-1.881744e-09	-2.206607e+01	-2.085164e+02
2.180000e-06	-4.095605e-09	-1.863685e-09	-2.183878e+01	-2.062823e+02
2.190000e-06	-4.052787e-09	-1.848603e-09	-2.161046e+01	-2.040429e+02
2.200000e-06	-4.009824e-09	-1.833593e-09	-2.138137e+01	-2.017982e+02
2.210000e-06	-3.966729e-09	-1.814014e-09	-2.115158e+01	-1.995482e+02
2.220000e-06	-3.923474e-09	-1.788727e-09	-2.092094e+01	-1.972931e+02
2.230000e-06	-3.880076e-09	-1.762942e-09	-2.068953e+01	-1.950328e+02
2.240000e-06	-3.836562e-09	-1.738377e-09	-2.045750e+01	-1.927674e+02
2.250000e-06	-3.792934e-09	-1.717689e-09	-2.022487e+01	-1.904970e+02
2.260000e-06	-3.749175e-09	-1.699769e-09	-1.999154e+01	-1.882217e+02
2.270000e-06	-3.705288e-09	-1.683101e-09	-1.975752e+01	-1.859414e+02
2.280000e-06	-3.661309e-09	-1.666433e-09	-1.952301e+01	-1.836563e+02
2.290000e-06	-3.617254e-09	-1.645179e-09	-1.928810e+01	-1.813665e+02
2.300000e-06	-3.573101e-09	-1.620673e-09	-1.905267e+01	-1.790719e+02
2.310000e-06	-3.528872e-09	-1.592677e-09	-1.881683e+01	-1.767726e+02
2.320000e-06	-3.484595e-09	-1.567073e-09	-1.858073e+01	-1.744688e+02
2.330000e-06	-3.440259e-09	-1.548362e-09	-1.834432e+01	-1.721604e+02
2.340000e-06	-3.395854e-09	-1.534082e-09	-1.810754e+01	-1.698475e+02
2.350000e-06	-3.351394e-09	-1.520505e-09	-1.787047e+01	-1.675303e+02
2.360000e-06	-3.306893e-09	-1.503119e-09	-1.763318e+01	-1.652086e+02
2.370000e-06	-3.262340e-09	-1.481527e-09	-1.739561e+01	-1.628827e+02
2.380000e-06	-3.217727e-09	-1.458164e-09	-1.715772e+01	-1.605525e+02
2.390000e-06	-3.173056e-09	-1.433422e-09	-1.691953e+01	-1.582181e+02
2.400000e-06	-3.128320e-09	-1.406558e-09	-1.668098e+01	-1.558796e+02
2.410000e-06	-3.083516e-09	-1.382824e-09	-1.644208e+01	-1.535371e+02
2.420000e-06	-3.038645e-09	-1.363570e-09	-1.620282e+01	-1.511906e+02
2.430000e-06	-2.993707e-09	-1.348190e-09	-1.596319e+01	-1.488401e+02
2.440000e-06	-2.948718e-09	-1.331276e-09	-1.572330e+01	-1.464858e+02
2.450000e-06	-2.903688e-09	-1.309157e-09	-1.548319e+01	-1.441276e+02
2.460000e-06	-2.858595e-09	-1.285043e-09	-1.524274e+01	-1.417657e+02
2.470000e-06	-2.813427e-09	-1.260706e-09	-1.500190e+01	-1.394001e+02
2.480000e-06	-2.768185e-09	-1.238695e-09	-1.476066e+01	-1.370309e+02
2.490000e-06	-2.722866e-09	-1.215407e-09	-1.451900e+01	-1.346581e+02
2.500000e-06	-2.677482e-09	-1.192381e-09	-1.427701e+01	-1.322818e+02
2.510000e-06	-2.632042e-09	-1.171579e-09	-1.403471e+01	-1.299021e+02
2.520000e-06	-2.586546e-09	-1.153423e-09	-1.379212e+01	-1.275190e+02
2.530000e-06	-2.540987e-09	-1.136374e-09	-1.354919e+01	-1.251326e+02
2.540000e-06	-2.495350e-09	-1.114543e-09	-1.330584e+01	-1.227429e+02
2.550000e-06	-2.449645e-09	-1.090102e-09	-1.306213e+01	-1.203500e+02
2.560000e-06	-2.403881e-09	-1.063131e-09	-1.281811e+01	-1.179540e+02
2.570000e-06	-2.358026e-09	-1.035938e-09	-1.257360e+01	-1.155549e+02
2.580000e-06	-2.312066e-09	-1.010151e-09	-1.232853e+01	-1.131528e+02
2.590000e-06	-2.266054e-09	-9.862687e-10	-1.208318e+01	-1.107478e+02
2.600000e-06	-2.219997e-09	-9.654767e-10	-1.183759e+01	-1.083398e+02
2.610000e-06	-2.173885e-09	-9.451787e-10	-1.159172e+01	-1.059291e+02
2.620000e-06	-2.127719e-09	-9.259652e-10	-1.134555e+01	-1.035156e+02
2.630000e-06	-2.081493e-09	-9.046378e-10	-1.109906e+01	-1.010994e+02
2.640000e-06	-2.035214e-09	-8.788487e-10	-1.085229e+01	-9.868058e+01
2.650000e-06	-1.988894e-09	-8.490436e-10	-1.060530e+01	-9.625919e+01
2.660000e-06	-1.942542e-09	-8.198589e-10	-1.035814e+01	-9.383529e+01
2.670000e-06	-1.896149e-09	-7.954614e-10	-1.011076e+01	-9.140895e+01
2.680000e-06	-1.849702e-09	-7.738042e-10	-9.863095e+00	-8.898023e+01
2.690000e-06	-1.803195e-09	-7.528112e-10	-9.615109e+00	-8.654919e+01
2.700000e-06	-1.756628e-09	-7.297973e-10	-9.366803e+00	-8.411590e+01
2.710000e-06	-1.710007e-09	-7.060028e-10	-9.118208e+00	-8.168042e+01
2.720000e-06	-1.663347e-09	-6.829323e-10	-8.869409e+00	-7.924282e+01
2.730000e-06	-1.616653e-09	-6.592783e-10	-8.620425e+00	-7.680315e+01
2.740000e-06	-1.569920e-09	-6.339338e-10	-8.371231e+00	-7.436148e+01
2.750000e-06	-1.523148e-09	-6.076786e-10	-8.121832e+00	-7.191788e+01
2.760000e-06	-1.476346e-09	-5.835745e-10	-7.872276e+00	-6.947240e+01
2.770000e-06	-1.429521e-09	-5.625101e-10	-7.622593e+00	-6.702512e+01
2.780000e-06	-1.382672e-09	-5.426482e-10	-7.372783e+00	-6.457609e+01
2.790000e-06	-1.335779e-09	-5.201333e-10	-7.122738e+00	-6.212538e+01
2.800000e-06	-1.288844e-09	-4.960099e-10	-6.872469e+00	-5.967305e+01
2.810000e-06	-1.241896e-09	-4.737116e-10	-6.622130e+00	-5.721917e+01
2.820000e-06	-1.194919e-09	-4.534840e-10	-6.371640e+00	-5.476379e+01
2.830000e-06	-1.147898e-09	-4.332095e-10	-6.120913e+00	-5.230699e+01
2.840000e-06	-1.100827e-09	-4.107158e-10	-5.869919e+00	-4.984883e+01
2.850000e-06	-1.053725e-09	-3.862143e-10	-5.618760e+00	-4.738937e+01
2.860000e-06	-1.006583e-09	-3.622563e-10	-5.367389e+00	-4.492868e+01
2.870000e-06	-9.594194e-10	-3.412166e-10	-5.115902e+00	-4.246682e+01
2.880000e-06	-9.122669e-10	-3.216902e-10	-4.864474e+00	-4.000385e+01
2.890000e-06	-8.651028e-10	-3.001293e-10	-4.612984e+00	-3.753984e+01
2.900000e-06	-8.179327e-10	-2.767930e-10	-4.361462e+00	-3.507485e+01
2.910000e-06	-7.707415e-10	-2.559528e-10	-4.109828e+00	-3.260894e+01
2.920000e-06	-7.235227e-10	-2.367081e-10	-3.858047e+00	-3.014219e+01
2.930000e-06	-6.762845e-10	-2.159696e-10	-3.606161e+00	-2.767465e+01
2.940000e-06	-6.290205e-10	-1.929362e-10	-3.354138e+00	-2.520639e+01
2.950000e-06	-5.817397e-10	-1.684846e-10	-3.102026e+00	-2.273747e+01
2.960000e-06	-5.344660e-10	-1.452593e-10	-2.849952e+00	-2.026796e+01
2.970000e-06	-4.871772e-10	-1.247637e-10	-2.597797e+00	-1.779792e+01
2.980000e-06	-4.398586e-10	-1.045809e-10	-2.345483e+00	-1.532742e+01
2.990000e-06	-3.925350e-10	-8.349273e-11	-2.093143e+00	-1.285652e+01
3.000000e-06	-3.452066e-10	-6.134616e-11	-1.840777e+00	-1.038528e+01
3.010000e-06	-2.978749e-10	-3.843662e-11	-1.588394e+00	-7.913766e+00
3.020000e-06	-2.505517e-10	-1.679759e-11	-1.336056e+00	-5.442048e+00
3.030000e-06	-2.032201e-10	4.764252e-12	-1.083673e+00	-2.970187e+00
3.040000e-06	-1.558907e-10	2.825825e-11	-8.313012e-01	-4.982470e-01
3.050000e-06	-1.085707e-10	5.218852e-11	-5.789796e-01	1.973707e+00
3.060000e-06	-6.123727e-11	7.483148e-11	-3.265867e-01	4.445611e+00
3.070000e-06	-1.389218e-11	9.590998e-11	-7.413181e-02	6.917401e+00
3.080000e-06	3.345429e-11	1.155970e-10	1.783305e-01	9.389012e+00
3.090000e-06	8.078206e-11	1.372261e-10	4.306931e-01	1.186038e+01
3.100000e-06	1.280959e-10	1.618969e-10	6.829812e-01	1.433144e+01
3.110000e-06	1.754230e-10	1.850259e-10	9.353400e-01	1.680213e+01
3.120000e-06	2.227672e-10	2.050630e-10	1.187791e+00	1.927239e+01
3.130000e-06	2.701024e-10	2.256091e-10	1.440192e+00	2.174214e+01
3.140000e-06	3.174209e-10	2.489929e-10	1.692506e+00	2.421133e+01
3.150000e-06	3.647348e-10	2.738169e-10	1.944794e+00	2.667989e+01
3.160000e-06	4.120252e-10	2.966710e-10	2.196958e+00	2.914776e+01
3.170000e-06	4.592905e-10	3.162788e-10	2.448987e+00	3.161487e+01
3.180000e-06	5.065438e-10	3.368551e-10	2.700953e+00	3.408116e+01
3.190000e-06	5.537828e-10	3.615940e-10	2.952842e+00	3.654657e+01
3.200000e-06	6.009900e-10	3.869739e-10	3.204562e+00	3.901102e+01
3.210000e-06	6.481615e-10	4.085438e-10	3.456092e+00	4.147446e+01
3.220000e-06	6.953384e-10	4.268643e-10	3.707650e+00	4.393683e+01
3.230000e-06	7.425147e-10	4.467483e-10	3.959205e+00	4.639805e+01
3.240000e-06	7.896675e-10	4.722717e-10	4.210635e+00	4.885807e+01
3.250000e-06	8.367886e-10	5.003074e-10	4.461896e+00	5.131682e+01
3.260000e-06	8.839030e-10	5.239606e-10	4.713121e+00	5.377423e+01
3.270000e-06	9.310142e-10	5.436409e-10	4.964329e+00	5.623025e+01
3.280000e-06	9.780932e-10	5.647211e-10	5.215365e+00	5.868480e+01
3.290000e-06	1.025136e-09	5.889804e-10	5.466207e+00	6.113783e+01
3.300000e-06	1.072149e-09	6.134806e-10	5.716892e+00	6.358927e+01
3.310000e-06	1.119121e-09	6.351750e-10	5.967359e+00	6.603906e+01
3.320000e-06	1.166040e-09	6.552060e-10	6.217541e+00	6.848713e+01
3.330000e-06	1.212935e-09	6.777500e-10	6.467597e+00	7.093342e+01
3.340000e-06	1.259818e-09	7.052920e-10	6.717586e+00	7.337787e+01
3.350000e-06	1.306655e-09	7.329958e-10	6.967335e+00	7.582041e+01
3.360000e-06	1.353468e-09	7.564541e-10	7.216950e+00	7.826098e+01
3.370000e-06	1.400269e-09	7.762594e-10	7.466507e+00	8.069951e+01
3.380000e-06	1.446996e-09	7.955427e-10	7.715666e+00	8.313595e+01
3.390000e-06	1.493657e-09	8.174370e-10	7.964472e+00	8.557022e+01
3.400000e-06	1.540298e-09	8.387157e-10	8.213172e+00	8.800227e+01
3.410000e-06	1.586933e-09	8.590674e-10	8.461843e+00	9.043203e+01
3.420000e-06	1.633555e-09	8.798317e-10	8.710442e+00	9.285944e+01
3.430000e-06	1.680120e-09	9.031829e-10	8.958737e+00	9.528443e+01
3.440000e-06	1.726617e-09	9.280168e-10	9.206674e+00	9.770695e+01
3.450000e-06	1.773085e-09	9.496879e-10	9.454451e+00	1.001269e+02
3.460000e-06	1.819513e-09	9.682292e-10	9.702013e+00	1.025443e+02
3.470000e-06	1.865871e-09	9.854606e-10	9.949206e+00	1.049590e+02
3.480000e-06	1.912159e-09	1.006275e-09	1.019603e+01	1.073710e+02
3.490000e-06	1.958402e-09	1.030260e-09	1.044260e+01	1.097802e+02
3.500000e-06	2.004623e-09	1.053751e-09	1.068906e+01	1.121865e+02
3.510000e-06	2.050793e-09	1.074746e-09	1.093526e+01	1.145899e+02
3.520000e-06	2.096906e-09	1.094209e-09	1.118114e+01	1.169904e+02
3.530000e-06	2.142968e-09	1.114785e-09	1.142675e+01	1.193878e+02
3.540000e-06	2.188981e-09	1.135710e-09	1.167211e+01	1.217820e+02
3.550000e-06	2.234944e-09	1.155129e-09	1.191719e+01	1.241732e+02
3.560000e-06	2.280834e-09	1.173675e-09	1.216189e+01	1.265611e+02
3.570000e-06	2.326660e-09	1.195183e-09	1.240625e+01	1.289457e+02
3.580000e-06	2.372414e-09	1.219645e-09	1.265021e+01	1.313269e+02
3.590000e-06	2.418087e-09	1.242789e-09	1.289375e+01	1.337047e+02
3.600000e-06	2.463683e-09	1.262069e-09	1.313688e+01	1.360791e+02
3.610000e-06	2.509215e-09	1.278307e-09	1.337967e+01	1.384499e+02
3.620000e-06	2.554695e-09	1.294982e-09	1.362218e+01	1.408171e+02
3.630000e-06	2.600117e-09	1.313744e-09	1.386438e+01	1.431807e+02
3.640000e-06	2.645471e-09	1.334984e-09	1.410622e+01	1.455405e+02
3.650000e-06	2.690734e-09	1.357543e-09	1.434757e+01	1.478966e+02
3.660000e-06	2.735928e-09	1.380050e-09	1.458856e+01	1.502488e+02
3.670000e-06	2.781085e-09	1.402640e-09	1.482935e+01	1.525970e+02
3.680000e-06	2.826171e-09	1.423688e-09	1.506975e+01	1.549414e+02
3.690000e-06	2.871180e-09	1.440465e-09	1.530975e+01	1.572817e+02
3.700000e-06	2.916139e-09	1.452648e-09	1.554948e+01	1.596179e+02
3.710000e-06	2.961016e-09	1.465724e-09	1.578878e+01	1.619499e+02
3.720000e-06	3.005805e-09	1.485887e-09	1.602761e+01	1.642778e+02
3.730000e-06	3.050549e-09	1.511980e-09	1.626619e+01	1.666013e+02
3.740000e-06	3.095242e-09	1.538409e-09	1.650451e+01	1.689206e+02
3.750000e-06	3.139881e-09	1.560780e-09	1.674253e+01	1.712354e+02
3.760000e-06	3.184479e-09	1.578551e-09	1.698034e+01	1.735458e+02
3.770000e-06	3.229023e-09	1.595486e-09	1.721786e+01	1.758517e+02
3.780000e-06	3.273511e-09	1.612415e-09	1.745509e+01	1.781530e+02
3.790000e-06	3.317955e-09	1.629199e-09	1.769207e+01	1.804497e+02
3.800000e-06	3.362356e-09	1.646821e-09	1.792883e+01	1.827416e+02
3.810000e-06	3.406704e-09	1.666741e-09	1.816530e+01	1.850289e+02
3.820000e-06	3.450995e-09	1.691397e-09	1.840147e+01	1.873113e+02
3.830000e-06	3.495213e-09	1.716652e-09	1.863725e+01	1.895888e+02
3.840000e-06	3.539362e-09	1.737839e-09	1.887267e+01	1.918614e+02
3.850000e-06	3.583440e-09	1.754664e-09	1.910770e+01	1.941290e+02
3.860000e-06	3.627408e-09	1.771153e-09	1.934215e+01	1.963916e+02
3.870000e-06	3.671275e-09	1.791091e-09	1.957606e+01	1.986491e+02
3.880000e-06	3.715030e-09	1.812157e-09	1.980937e+01	2.009014e+02
3.890000e-06	3.758667e-09	1.832356e-09	2.004206e+01	2.031484e+02
3.900000e-06	3.802195e-09	1.850386e-09	2.027415e+01	2.053902e+02
3.910000e-06	3.845595e-09	1.868532e-09	2.050558e+01	2.076267e+02
3.920000e-06	3.888863e-09	1.889037e-09	2.073629e+01	2.098577e+02
3.930000e-06	3.931983e-09	1.910336e-09	2.096621e+01	2.120833e+02
3.940000e-06	3.974944e-09	1.931787e-09	2.119529e+01	2.143034e+02
3.950000e-06	4.017733e-09	1.953350e-09	2.142345e+01	2.165179e+02
3.960000e-06	4.060332e-09	1.974742e-09	2.165060e+01	2.187267e+02
3.970000e-06	4.102746e-09	1.995324e-09	2.187675e+01	2.209299e+02
3.980000e-06	4.144966e-09	2.014613e-09	2.210188e+01	2.231273e+02
3.990000e-06	4.187016e-09	2.032401e-09	2.232610e+01	2.253190e+02
4.000000e-06	4.228912e-09	2.049393e-09	2.254950e+01	2.275047e+02
4.010000e-06	4.270634e-09	2.067655e-09	2.277197e+01	2.296846e+02
4.020000e-06	4.312183e-09	2.088841e-09	2.299352e+01	2.318584e+02
4.030000e-06	4.353583e-09	2.111913e-09	2.321427e+01	2.340263e+02
4.040000e-06	4.394852e-09	2.134088e-09	2.343433e+01	2.361880e+02
4.050000e-06	4.436001e-09	2.152096e-09	2.365375e+01	2.383437e+02
4.060000e-06	4.477031e-09	2.166584e-09	2.387252e+01	2.404931e+02
4.070000e-06	4.517951e-09	2.182127e-09	2.409072e+01	2.426362e+02
4.080000e-06	4.558776e-09	2.200585e-09	2.430841e+01	2.447731e+02
4.090000e-06	4.599496e-09	2.220278e-09	2.452554e+01	2.469036e+02
4.100000e-06	4.640114e-09	2.238950e-09	2.474213e+01	2.490276e+02
4.110000e-06	4.680652e-09	2.255573e-09	2.495829e+01	2.511452e+02
4.120000e-06	4.721107e-09	2.270478e-09	2.517400e+01	2.532563e+02
4.130000e-06	4.761479e-09	2.285800e-09	2.538928e+01	2.553607e+02
4.140000e-06	4.801772e-09	2.301132e-09	2.560413e+01	2.574585e+02
4.150000e-06	4.841974e-09	2.317669e-09	2.581849e+01	2.595497e+02
4.160000e-06	4.882092e-09	2.337811e-09	2.603241e+01	2.616340e+02
4.170000e-06	4.922112e-09	2.358775e-09	2.624581e+01	2.637116e+02
4.180000e-06	4.962031e-09	2.379805e-09	2.645867e+01	2.657823e+02
4.190000e-06	5.001855e-09	2.396414e-09	2.667102e+01	2.678461e+02
4.200000e-06	5.041553e-09	2.408829e-09	2.688270e+01	2.699030e+02
4.210000e-06	5.081123e-09	2.419464e-09	2.709369e+01	2.719528e+02
4.220000e-06	5.120577e-09	2.430759e-09	2.730407e+01	2.739955e+02
4.230000e-06	5.159866e-09	2.448523e-09	2.751357e+01	2.760311e+02
4.240000e-06	5.198993e-09	2.469415e-09	2.772221e+01	2.780595e+02
4.250000e-06	5.237993e-09	2.493408e-09	2.793017e+01	2.800807e+02
4.260000e-06	5.276868e-09	2.516549e-09	2.813745e+01	2.820947e+02
4.270000e-06	5.315605e-09	2.534210e-09	2.834401e+01	2.841012e+02
4.280000e-06	5.354222e-09	2.545588e-09	2.854992e+01	2.861004e+02
4.290000e-06	5.392723e-09	2.550834e-09	2.875522e+01	2.880922e+02
4.300000e-06	5.431080e-09	2.557397e-09	2.895975e+01	2.900764e+02
4.310000e-06	5.469313e-09	2.570765e-09	2.916362e+01	2.920531e+02
4.320000e-06	5.507441e-09	2.592260e-09	2.936693e+01	2.940222e+02
4.330000e-06	5.545452e-09	2.615273e-09	2.956961e+01	2.959837e+02
4.340000e-06	5.583327e-09	2.634846e-09	2.977157e+01	2.979375e+02
4.350000e-06	5.621036e-09	2.651501e-09	2.997264e+01	2.998835e+02
4.360000e-06	5.658570e-09	2.666160e-09	3.017278e+01	3.018217e+02
4.370000e-06	5.695966e-09	2.679095e-09	3.037219e+01	3.037520e+02
4.380000e-06	5.733204e-09	2.687873e-09	3.057075e+01	3.056745e+02
4.390000e-06	5.770283e-09	2.698279e-09	3.076846e+01	3.075890e+02
4.400000e-06	5.807228e-09	2.714785e-09	3.096546e+01	3.094955e+02
4.410000e-06	5.844049e-09	2.735630e-09	3.116180e+01	3.113940e+02
4.420000e-06	5.880769e-09	2.757058e-09	3.135760e+01	3.132843e+02
4.430000e-06	5.917382e-09	2.772724e-09	3.155283e+01	3.151666e+02
4.440000e-06	5.953905e-09	2.784359e-09	3.174758e+01	3.170406e+02
4.450000e-06	5.990338e-09	2.794106e-09	3.194185e+01	3.189063e+02
4.460000e-06	6.026680e-09	2.806528e-09	3.213564e+01	3.207638e+02
4.470000e-06	6.062947e-09	2.822714e-09	3.232902e+01	3.226129e+02
4.480000e-06	6.099108e-09	2.839925e-09	3.252184e+01	3.244537e+02
4.490000e-06	6.135149e-09	2.858679e-09	3.271402e+01	3.262860e+02
4.500000e-06	6.171044e-09	2.878280e-09	3.290542e+01	3.281098e+02
4.510000e-06	6.206740e-09	2.898208e-09	3.309576e+01	3.299251e+02
4.520000e-06	6.242222e-09	2.913405e-09	3.328496e+01	3.317317e+02
4.530000e-06	6.277475e-09	2.923074e-09	3.347293e+01	3.335298e+02
4.540000e-06	6.312486e-09	2.931617e-09	3.365962e+01	3.353192e+02
4.550000e-06	6.347218e-09	2.945333e-09	3.384482e+01	3.370999e+02
4.560000e-06	6.381646e-09	2.965696e-09	3.402839e+01	3.388718e+02
4.570000e-06	6.415771e-09	2.987027e-09	3.421036e+01	3.406348e+02
4.580000e-06	6.449643e-09	3.004189e-09	3.439097e+01	3.423891e+02
4.590000e-06	6.483294e-09	3.018342e-09	3.457041e+01	3.441344e+02
4.600000e-06	6.516706e-09	3.033605e-09	3.474857e+01	3.458708e+02
4.610000e-06	6.549894e-09	3.047689e-09	3.492553e+01	3.475981e+02
4.620000e-06	6.582897e-09	3.058935e-09	3.510152e+01	3.493165e+02
4.630000e-06	6.615759e-09	3.068982e-09	3.527674e+01	3.510257e+02
4.640000e-06	6.648497e-09	3.082928e-09	3.545131e+01	3.527258e+02
4.650000e-06	6.681112e-09	3.103546e-09	3.562522e+01	3.544167e+02
4.660000e-06	6.713605e-09	3.125592e-09	3.579848e+01	3.560985e+02
4.670000e-06	6.745993e-09	3.141751e-09	3.597118e+01	3.577709e+02
4.680000e-06	6.778290e-09	3.151435e-09	3.614340e+01	3.594341e+02
4.690000e-06	6.810456e-09	3.160721e-09	3.631492e+01	3.610879e+02
4.700000e-06	6.842480e-09	3.173975e-09	3.648568e+01	3.627323e+02
4.710000e-06	6.874352e-09	3.189867e-09	3.665562e+01	3.643672e+02
4.720000e-06	6.906044e-09	3.202452e-09	3.682461e+01	3.659927e+02
4.730000e-06	6.937543e-09	3.211192e-09	3.699258e+01	3.676087e+02
4.740000e-06	6.968857e-09	3.221834e-09	3.715955e+01	3.692151e+02
4.750000e-06	6.999966e-09	3.238868e-09	3.732543e+01	3.708119e+02
4.760000e-06	7.030877e-09	3.259374e-09	3.749025e+01	3.723991e+02
4.770000e-06	7.061621e-09	3.275644e-09	3.765419e+01	3.739766e+02
4.780000e-06	7.092201e-09	3.285093e-09	3.781725e+01	3.755443e+02
4.790000e-06	7.122639e-09	3.292869e-09	3.797955e+01	3.771023e+02
4.800000e-06	7.152936e-09	3.303986e-09	3.814110e+01	3.786505e+02
4.810000e-06	7.183094e-09	3.316489e-09	3.830191e+01	3.801888e+02
4.820000e-06	7.213092e-09	3.327149e-09	3.846187e+01	3.817172e+02
4.830000e-06	7.242897e-09	3.336596e-09	3.862080e+01	3.832357e+02
4.840000e-06	7.272501e-09	3.347401e-09	3.877865e+01	3.847443e+02
4.850000e-06	7.301918e-09	3.362142e-09	3.893551e+01	3.862428e+02
4.860000e-06	7.331140e-09	3.377679e-09	3.909133e+01	3.877313e+02
4.870000e-06	7.360175e-09	3.389332e-09	3.924615e+01	3.892097e+02
4.880000e-06	7.389048e-09	3.396661e-09	3.940011e+01	3.906779e+02
4.890000e-06	7.417779e-09	3.405221e-09	3.955331e+01	3.921360e+02
4.900000e-06	7.446393e-09	3.418972e-09	3.970589e+01	3.935839e+02
4.910000e-06	7.474906e-09	3.432432e-09	3.985793e+01	3.950216e+02
4.920000e-06	7.503326e-09	3.441462e-09	4.000947e+01	3.964490e+02
4.930000e-06	7.531642e-09	3.448169e-09	4.016046e+01	3.978661e+02
4.940000e-06	7.559840e-09	3.458215e-09	4.031082e+01	3.992728e+02
4.950000e-06	7.587881e-09	3.472480e-09	4.046034e+01	4.006692e+02
4.960000e-06	7.615704e-09	3.487119e-09	4.060870e+01	4.020551e+02
4.970000e-06	7.643282e-09	3.498584e-09	4.075575e+01	4.034305e+02
4.980000e-06	7.670576e-09	3.507069e-09	4.090129e+01	4.047955e+02
4.990000e-06	7.697562e-09	3.516279e-09	4.104519e+01	4.061500e+02
5.000000e-06	7.724215e-09	3.526160e-09	4.118730e+01	4.074938e+02
5.010000e-06	7.750494e-09	3.535036e-09	4.132743e+01	4.088271e+02
5.020000e-06	7.776443e-09	3.542538e-09	4.146580e+01	4.101498e+02
5.030000e-06	7.802090e-09	3.550813e-09	4.160255e+01	4.114617e+02
5.040000e-06	7.827443e-09	3.562678e-09	4.173774e+01	4.127630e+02
5.050000e-06	7.852547e-09	3.576283e-09	4.187160e+01	4.140535e+02
5.060000e-06	7.877451e-09	3.586974e-09	4.200440e+01	4.153333e+02
5.070000e-06	7.902184e-09	3.593276e-09	4.213627e+01	4.166023e+02
5.080000e-06	7.926741e-09	3.598847e-09	4.226722e+01	4.178604e+02
5.090000e-06	7.951141e-09	3.608375e-09	4.239733e+01	4.191076e+02
5.100000e-06	7.975418e-09	3.621780e-09	4.252678e+01	4.203440e+02
5.110000e-06	7.999553e-09	3.634707e-09	4.265547e+01	4.215694e+02
5.120000e-06	8.023515e-09	3.644767e-09	4.278325e+01	4.227839e+02
5.130000e-06	8.047265e-09	3.653273e-09	4.290989e+01	4.239873e+02
5.140000e-06	8.070772e-09	3.662183e-09	4.303523e+01	4.251797e+02
5.150000e-06	8.094038e-09	3.671344e-09	4.315929e+01	4.263611e+02
5.160000e-06	8.117087e-09	3.679611e-09	4.328219e+01	4.275314e+02
5.170000e-06	8.139943e-09	3.688449e-09	4.340407e+01	4.286905e+02
5.180000e-06	8.162607e-09	3.699030e-09	4.352492e+01	4.298385e+02
5.190000e-06	8.185096e-09	3.710275e-09	4.364483e+01	4.309754e+02
5.200000e-06	8.207415e-09	3.719445e-09	4.376385e+01	4.321010e+02
5.210000e-06	8.229554e-09	3.725395e-09	4.388190e+01	4.332153e+02
5.220000e-06	8.251486e-09	3.731672e-09	4.399884e+01	4.343185e+02
5.230000e-06	8.273188e-09	3.740566e-09	4.411456e+01	4.354103e+02
5.240000e-06	8.294655e-09	3.751662e-09	4.422903e+01	4.364907e+02
5.250000e-06	8.315898e-09	3.763256e-09	4.434230e+01	4.375599e+02
5.260000e-06	8.336927e-09	3.773388e-09	4.445444e+01	4.386176e+02
5.270000e-06	8.357760e-09	3.781810e-09	4.456552e+01	4.396639e+02
5.280000e-06	8.378450e-09	3.789798e-09	4.467585e+01	4.406988e+02
5.290000e-06	8.399014e-09	3.798589e-09	4.478550e+01	4.417223e+02
5.300000e-06	8.419471e-09	3.807795e-09	4.489458e+01	4.427342e+02
5.310000e-06	8.439829e-09	3.816835e-09	4.500314e+01	4.437346e+02
5.320000e-06	8.460041e-09	3.824405e-09	4.511091e+01	4.447235e+02
5.330000e-06	8.480096e-09	3.831983e-09	4.521785e+01	4.457008e+02
5.340000e-06	8.499979e-09	3.841256e-09	4.532387e+01	4.466666e+02
5.350000e-06	8.519632e-09	3.850360e-09	4.542866e+01	4.476207e+02
5.360000e-06	8.539027e-09	3.858610e-09	4.553208e+01	4.485631e+02
5.370000e-06	8.558154e-09	3.865548e-09	4.563407e+01	4.494939e+02
5.380000e-06	8.577017e-09	3.872194e-09	4.573466e+01	4.504130e+02
5.390000e-06	8.595644e-09	3.879939e-09	4.583398e+01	4.513204e+02
5.400000e-06	8.614054e-09	3.889251e-09	4.593214e+01	4.522160e+02
5.410000e-06	8.632297e-09	3.897821e-09	4.602942e+01	4.530999e+02
5.420000e-06	8.650390e-09	3.902612e-09	4.612590e+01	4.539720e+02
5.430000e-06	8.668334e-09	3.906001e-09	4.622158e+01	4.548323e+02
5.440000e-06	8.686149e-09	3.910971e-09	4.631657e+01	4.556807e+02
5.450000e-06	8.703802e-09	3.917850e-09	4.641070e+01	4.565173e+02
5.460000e-06	8.721284e-09	3.924226e-09	4.650393e+01	4.573421e+02
5.470000e-06	8.738573e-09	3.930350e-09	4.659611e+01	4.581549e+02
5.480000e-06	8.755629e-09	3.937314e-09	4.668706e+01	4.589558e+02
5.490000e-06	8.772382e-09	3.943243e-09	4.677639e+01	4.597448e+02
5.500000e-06	8.788790e-09	3.947677e-09	4.686388e+01	4.605218e+02
5.510000e-06	8.804872e-09	3.951223e-09	4.694963e+01	4.612868e+02
5.520000e-06	8.820618e-09	3.954773e-09	4.703359e+01	4.620399e+02
5.530000e-06	8.836019e-09	3.959364e-09	4.711572e+01	4.627809e+02
5.540000e-06	8.851120e-09	3.964963e-09	4.719624e+01	4.635099e+02
5.550000e-06	8.865968e-09	3.970343e-09	4.727542e+01	4.642268e+02
5.560000e-06	8.880593e-09	3.975302e-09	4.735340e+01	4.649316e+02
5.570000e-06	8.894987e-09	3.979879e-09	4.743015e+01	4.656244e+02
5.580000e-06	8.909141e-09	3.985299e-09	4.750562e+01	4.663050e+02
5.590000e-06	8.923063e-09	3.990570e-09	4.757986e+01	4.669735e+02
5.600000e-06	8.936747e-09	3.993746e-09	4.765282e+01	4.676299e+02
5.610000e-06	8.950141e-09	3.996011e-09	4.772425e+01	4.682741e+02
5.620000e-06	8.963245e-09	3.997780e-09	4.779412e+01	4.689061e+02
5.630000e-06	8.976128e-09	4.001741e-09	4.786282e+01	4.695259e+02
5.640000e-06	8.988823e-09	4.008098e-09	4.793051e+01	4.701335e+02
5.650000e-06	9.001330e-09	4.013473e-09	4.799720e+01	4.707289e+02
5.660000e-06	9.013641e-09	4.017048e-09	4.806285e+01	4.713120e+02
5.670000e-06	9.025733e-09	4.020440e-09	4.812732e+01	4.718829e+02
5.680000e-06	9.037552e-09	4.025156e-09	4.819034e+01	4.724415e+02
5.690000e-06	9.049063e-09	4.030125e-09	4.825172e+01	4.729878e+02
5.700000e-06	9.060256e-09	4.034120e-09	4.831141e+01	4.735218e+02
5.710000e-06	9.071063e-09	4.037102e-09	4.836903e+01	4.740435e+02
5.720000e-06	9.081455e-09	4.039768e-09	4.842444e+01	4.745529e+02
5.730000e-06	9.091452e-09	4.042938e-09	4.847775e+01	4.750499e+02
5.740000e-06	9.101080e-09	4.046656e-09	4.852909e+01	4.755345e+02
5.750000e-06	9.110377e-09	4.049529e-09	4.857866e+01	4.760068e+02
5.760000e-06	9.119375e-09	4.051107e-09	4.862664e+01	4.764667e+02
5.770000e-06	9.128148e-09	4.052398e-09	4.867342e+01	4.769142e+02
5.780000e-06	9.136785e-09	4.056017e-09	4.871948e+01	4.773493e+02
5.790000e-06	9.145305e-09	4.061103e-09	4.876491e+01	4.777720e+02
5.800000e-06	9.153672e-09	4.064233e-09	4.880952e+01	4.781822e+02
5.810000e-06	9.161895e-09	4.065633e-09	4.885337e+01	4.785801e+02
5.820000e-06	9.169941e-09	4.066468e-09	4.889628e+01	4.789654e+02
5.830000e-06	9.177753e-09	4.070069e-09	4.893793e+01	4.793383e+02
5.840000e-06	9.185308e-09	4.074918e-09	4.897822e+01	4.796988e+02
5.850000e-06	9.192616e-09	4.077534e-09	4.901718e+01	4.800467e+02
5.860000e-06	9.199685e-09	4.078765e-09	4.905487e+01	4.803822e+02
5.870000e-06	9.206508e-09	4.082693e-09	4.909126e+01	4.807052e+02
5.880000e-06	9.213102e-09	4.091509e-09	4.912642e+01	4.810157e+02
5.890000e-06	9.219490e-09	4.098344e-09	4.916048e+01	4.813136e+02
5.900000e-06	9.225664e-09	4.100075e-09	4.919340e+01	4.815991e+02
5.910000e-06	9.231589e-09	4.098502e-09	4.922500e+01	4.818720e+02
5.920000e-06	9.237265e-09	4.098572e-09	4.925526e+01	4.821324e+02
5.930000e-06	9.242689e-09	4.103307e-09	4.928419e+01	4.823802e+02
5.940000e-06	9.247842e-09	4.109145e-09	4.931166e+01	4.826155e+02
5.950000e-06	9.252768e-09	4.111935e-09	4.933793e+01	4.828382e+02
5.960000e-06	9.257520e-09	4.110099e-09	4.936327e+01	4.830484e+02
5.970000e-06	9.262127e-09	4.110043e-09	4.938783e+01	4.832460e+02
5.980000e-06	9.266615e-09	4.113921e-09	4.941177e+01	4.834311e+02
5.990000e-06	9.270986e-09	4.118454e-09	4.943508e+01	4.836035e+02
6.000000e-06	9.275215e-09	4.120113e-09	4.945763e+01	4.837634e+02
6.010000e-06	9.279245e-09	4.118094e-09	4.947912e+01	4.839107e+02
6.020000e-06	9.283036e-09	4.116223e-09	4.949933e+01	4.840454e+02
6.030000e-06	9.286543e-09	4.117000e-09	4.951803e+01	4.841676e+02
6.040000e-06	9.289690e-09	4.120610e-09	4.953481e+01	4.842771e+02
6.050000e-06	9.292457e-09	4.120722e-09	4.954956e+01	4.843740e+02
6.060000e-06	9.294860e-09	4.116732e-09	4.956238e+01	4.844584e+02
6.070000e-06	9.296905e-09	4.113892e-09	4.957328e+01	4.845301e+02
6.080000e-06	9.298575e-09	4.115013e-09	4.958219e+01	4.845892e+02
6.090000e-06	9.299903e-09	4.119444e-09	4.958927e+01	4.846357e+02
6.100000e-06	9.300955e-09	4.121341e-09	4.959488e+01	4.846696e+02
6.110000e-06	9.301766e-09	4.119374e-09	4.959920e+01	4.846909e+02
6.120000e-06	9.302393e-09	4.115989e-09	4.960255e+01	4.846996e+02
6.130000e-06	9.302892e-09	4.113972e-09	4.960521e+01	4.846957e+02
6.140000e-06	9.303276e-09	4.112573e-09	4.960726e+01	4.846792e+02
6.150000e-06	9.303522e-09	4.109447e-09	4.960856e+01	4.846501e+02
6.160000e-06	9.303575e-09	4.106755e-09	4.960885e+01	4.846084e+02
6.170000e-06	9.303389e-09	4.104554e-09	4.960786e+01	4.845540e+02
6.180000e-06	9.302958e-09	4.103615e-09	4.960556e+01	4.844871e+02
6.190000e-06	9.302270e-09	4.105444e-09	4.960189e+01	4.844075e+02
6.200000e-06	9.301328e-09	4.111467e-09	4.959687e+01	4.843154e+02
6.210000e-06	9.300165e-09	4.123041e-09	4.959067e+01	4.842106e+02
6.220000e-06	9.298802e-09	4.131452e-09	4.958340e+01	4.840933e+02
6.230000e-06	9.297268e-09	4.094360e-09	4.957522e+01	4.839634e+02
6.240000e-06	9.295588e-09	4.033244e-09	4.956626e+01	4.838208e+02
6.250000e-06	9.293715e-09	4.033522e-09	4.955628e+01	4.836657e+02
6.260000e-06	9.291524e-09	4.105898e-09	4.954459e+01	4.834980e+02
6.270000e-06	9.288951e-09	4.145342e-09	4.953088e+01	4.833178e+02
6.280000e-06	9.286074e-09	4.159432e-09	4.951554e+01	4.831249e+02
6.290000e-06	9.282984e-09	4.211085e-09	4.949906e+01	4.829195e+02
6.300000e-06	9.279713e-09	4.210309e-09	4.948162e+01	4.827016e+02
6.310000e-06	9.276301e-09	4.173048e-09	4.946342e+01	4.824710e+02
6.320000e-06	9.272801e-09	4.140863e-09	4.944476e+01	4.822280e+02
6.330000e-06	9.269229e-09	4.094215e-09	4.942572e+01	4.819723e+02
6.340000e-06	9.265548e-09	4.099517e-09	4.940609e+01	4.817042e+02
6.350000e-06	9.261662e-09	4.141011e-09	4.938536e+01	4.814235e+02
6.360000e-06	9.257474e-09	4.164611e-09	4.936303e+01	4.811303e+02
6.370000e-06	9.252927e-09	4.195705e-09	4.933879e+01	4.808246e+02
6.380000e-06	9.248043e-09	4.164189e-09	4.931275e+01	4.805063e+02
6.390000e-06	9.242867e-09	4.117247e-09	4.928515e+01	4.801756e+02
6.400000e-06	9.237342e-09	4.138005e-09	4.925569e+01	4.798324e+02
6.410000e-06	9.231389e-09	4.127757e-09	4.922395e+01	4.794767e+02
6.420000e-06	9.225026e-09	4.107885e-09	4.919002e+01	4.791085e+02
6.430000e-06	9.218333e-09	4.134234e-09	4.915433e+01	4.787278e+02
6.440000e-06	9.211368e-09	4.181014e-09	4.911719e+01	4.783348e+02
6.450000e-06	9.204195e-09	4.161863e-09	4.907894e+01	4.779292e+02
6.460000e-06	9.196852e-09	4.104435e-09	4.903979e+01	4.775112e+02
6.470000e-06	9.189359e-09	4.093107e-09	4.899983e+01	4.770809e+02
6.480000e-06	9.181721e-09	4.098545e-09	4.895911e+01	4.766381e+02
6.490000e-06	9.173919e-09	4.120446e-09	4.891751e+01	4.761829e+02
6.500000e-06	9.165927e-09	4.130966e-09	4.887489e+01	4.757153e+02
6.510000e-06	9.157710e-09	4.120561e-09	4.883108e+01	4.752353e+02
6.520000e-06	9.149211e-09	4.096719e-09	4.878576e+01	4.747430e+02
6.530000e-06	9.140452e-09	4.097450e-09	4.873905e+01	4.742383e+02
6.540000e-06	9.131499e-09	4.115131e-09	4.869131e+01	4.737213e+02
6.550000e-06	9.122318e-09	4.089160e-09	4.864236e+01	4.731920e+02
6.560000e-06	9.112892e-09	4.065050e-09	4.859210e+01	4.726504e+02
6.570000e-06	9.103258e-09	4.074269e-09	4.854073e+01	4.720964e+02
6.580000e-06	9.093411e-09	4.089335e-09	4.848822e+01	4.715302e+02
6.590000e-06	9.083326e-09	4.092182e-09	4.843445e+01	4.709517e+02
6.600000e-06	9.073026e-09	4.090687e-09	4.837952e+01	4.703610e+02
6.610000e-06	9.062484e-09	4.063383e-09	4.832331e+01	4.697580e+02
6.620000e-06	9.051651e-09	4.028653e-09	4.826555e+01	4.691429e+02
6.630000e-06	9.040565e-09	4.040474e-09	4.820644e+01	4.685155e+02
6.640000e-06	9.029263e-09	4.063865e-09	4.814617e+01	4.678759e+02
6.650000e-06	9.017740e-09	4.057714e-09	4.808473e+01	4.672241e+02
6.660000e-06	9.005975e-09	4.039539e-09	4.802200e+01	4.665602e+02
6.670000e-06	8.993969e-09	4.028653e-09	4.795798e+01	4.658842e+02
6.680000e-06	8.981665e-09	4.018029e-09	4.789237e+01	4.651961e+02
6.690000e-06	8.969024e-09	4.021136e-09	4.782497e+01	4.644958e+02
6.700000e-06	8.956037e-09	4.022867e-09	4.775572e+01	4.637835e+02
6.710000e-06	8.942641e-09	3.999669e-09	4.768429e+01	4.630591e+02
6.720000e-06	8.928823e-09	3.984452e-09	4.761061e+01	4.623226e+02
6.730000e-06	8.914647e-09	3.987770e-09	4.753502e+01	4.615741e+02
6.740000e-06	8.900139e-09	3.989862e-09	4.745766e+01	4.608137e+02
6.750000e-06	8.885312e-09	3.979900e-09	4.737860e+01	4.600412e+02
6.760000e-06	8.870234e-09	3.958689e-09	4.729820e+01	4.592568e+02
6.770000e-06	8.854962e-09	3.935864e-09	4.721677e+01	4.584604e+02
6.780000e-06	8.839534e-09	3.936816e-09	4.713450e+01	4.576521e+02
6.790000e-06	8.823962e-09	3.950570e-09	4.705147e+01	4.568319e+02
6.800000e-06	8.808246e-09	3.943211e-09	4.696767e+01	4.559998e+02
6.810000e-06	8.792362e-09	3.924075e-09	4.688297e+01	4.551558e+02
6.820000e-06	8.776265e-09	3.905731e-09	4.679713e+01	4.543000e+02
6.830000e-06	8.759941e-09	3.894960e-09	4.671009e+01	4.534324e+02
6.840000e-06	8.743377e-09	3.895766e-09	4.662177e+01	4.525530e+02
6.850000e-06	8.726575e-09	3.891657e-09	4.653218e+01	4.516618e+02
6.860000e-06	8.709539e-09	3.871330e-09	4.644134e+01	4.507589e+02
6.870000e-06	8.692262e-09	3.854997e-09	4.634922e+01	4.498442e+02
6.880000e-06	8.674802e-09	3.850732e-09	4.625611e+01	4.489179e+02
6.890000e-06	8.657190e-09	3.845724e-09	4.616220e+01	4.479798e+02
6.900000e-06	8.639384e-09	3.838484e-09	4.606726e+01	4.470302e+02
6.910000e-06	8.621373e-09	3.822944e-09	4.597122e+01	4.460688e+02
6.920000e-06	8.603156e-09	3.806338e-09	4.587408e+01	4.450959e+02
6.930000e-06	8.584682e-09	3.800687e-09	4.577557e+01	4.441114e+02
6.940000e-06	8.565952e-09	3.797399e-09	4.567570e+01	4.431154e+02
6.950000e-06	8.547013e-09	3.784666e-09	4.557471e+01	4.421078e+02
6.960000e-06	8.527880e-09	3.765418e-09	4.547269e+01	4.410887e+02
6.970000e-06	8.508588e-09	3.749008e-09	4.536982e+01	4.400582e+02
6.980000e-06	8.489173e-09	3.742475e-09	4.526630e+01	4.390162e+02
6.990000e-06	8.469633e-09	3.745260e-09	4.516211e+01	4.379628e+02
7.000000e-06	8.449974e-09	3.740500e-09	4.505728e+01	4.368980e+02
7.010000e-06	8.430186e-09	3.726096e-09	4.495177e+01	4.358218e+02
7.020000e-06	8.410234e-09	3.709476e-09	4.484538e+01	4.347343e+02
7.030000e-06	8.390057e-09	3.695865e-09	4.473779e+01	4.336355e+02
7.040000e-06	8.369588e-09	3.687014e-09	4.462864e+01	4.325254e+02
7.050000e-06	8.348819e-09	3.676763e-09	4.451790e+01	4.314040e+02
7.060000e-06	8.327728e-09	3.665452e-09	4.440544e+01	4.302714e+02
7.070000e-06	8.306263e-09	3.656236e-09	4.429098e+01	4.291277e+02
7.080000e-06	8.284402e-09	3.650547e-09	4.417442e+01	4.279728e+02
7.090000e-06	8.262155e-09	3.642421e-09	4.405579e+01	4.268067e+02
7.100000e-06	8.239579e-09	3.628860e-09	4.393541e+01	4.256295e+02
7.110000e-06	8.216739e-09	3.611533e-09	4.381362e+01	4.244413e+02
7.120000e-06	8.193688e-09	3.595875e-09	4.369071e+01	4.232420e+02
7.130000e-06	8.170451e-09	3.586356e-09	4.356680e+01	4.220318e+02
7.140000e-06	8.147064e-09	3.578262e-09	4.344210e+01	4.208105e+02
7.150000e-06	8.123559e-09	3.569558e-09	4.331677e+01	4.195783e+02
7.160000e-06	8.099941e-09	3.559150e-09	4.319083e+01	4.183352e+02
7.170000e-06	8.076195e-09	3.550585e-09	4.306421e+01	4.170812e+02
7.180000e-06	8.052271e-09	3.545719e-09	4.293664e+01	4.158163e+02
7.190000e-06	8.028148e-09	3.540566e-09	4.280801e+01	4.145406e+02
7.200000e-06	8.003833e-09	3.531418e-09	4.267836e+01	4.132542e+02
7.210000e-06	7.979311e-09	3.518539e-09	4.254760e+01	4.119570e+02
7.220000e-06	7.954561e-09	3.506618e-09	4.241563e+01	4.106491e+02
7.230000e-06	7.929587e-09	3.496610e-09	4.228246e+01	4.093305e+02
7.240000e-06	7.904388e-09	3.487367e-09	4.214809e+01	4.080012e+02
7.250000e-06	7.878999e-09	3.476738e-09	4.201272e+01	4.066614e+02
7.260000e-06	7.853431e-09	3.465992e-09	4.187638e+01	4.053109e+02
7.270000e-06	7.827681e-09	3.457302e-09	4.173908e+01	4.039500e+02
7.280000e-06	7.801732e-09	3.450544e-09	4.160071e+01	4.025785e+02
7.290000e-06	7.775566e-09	3.441542e-09	4.146119e+01	4.011965e+02
7.300000e-06	7.749199e-09	3.425983e-09	4.132059e+01	3.998041e+02
7.310000e-06	7.722640e-09	3.408681e-09	4.117898e+01	3.984013e+02
7.320000e-06	7.695876e-09	3.394673e-09	4.103626e+01	3.969882e+02
7.330000e-06	7.668882e-09	3.386841e-09	4.089233e+01	3.955647e+02
7.340000e-06	7.641699e-09	3.380370e-09	4.074738e+01	3.941309e+02
7.350000e-06	7.614387e-09	3.369332e-09	4.060175e+01	3.926869e+02
7.360000e-06	7.586975e-09	3.355374e-09	4.045558e+01	3.912326e+02
7.370000e-06	7.559455e-09	3.340487e-09	4.030883e+01	3.897682e+02
7.380000e-06	7.531810e-09	3.326928e-09	4.016142e+01	3.882937e+02
7.390000e-06	7.504043e-09	3.313097e-09	4.001336e+01	3.868090e+02
7.400000e-06	7.476121e-09	3.295895e-09	3.986448e+01	3.853143e+02
7.410000e-06	7.447998e-09	3.276648e-09	3.971452e+01	3.838096e+02
7.420000e-06	7.419677e-09	3.261755e-09	3.956350e+01	3.822948e+02
7.430000e-06	7.391117e-09	3.253320e-09	3.941122e+01	3.807702e+02
7.440000e-06	7.362265e-09	3.245316e-09	3.925737e+01	3.792356e+02
7.450000e-06	7.333098e-09	3.231739e-09	3.910185e+01	3.776912e+02
7.460000e-06	7.303616e-09	3.212386e-09	3.894464e+01	3.761369e+02
7.470000e-06	7.273818e-09	3.193035e-09	3.878576e+01	3.745729e+02
7.480000e-06	7.243711e-09	3.176935e-09	3.862522e+01	3.729991e+02
7.490000e-06	7.213319e-09	3.163450e-09	3.846316e+01	3.714156e+02
7.500000e-06	7.182654e-09	3.150483e-09	3.829965e+01	3.698224e+02
7.510000e-06	7.151746e-09	3.136507e-09	3.813484e+01	3.682196e+02
7.520000e-06	7.120646e-09	3.121445e-09	3.796901e+01	3.666073e+02
7.530000e-06	7.089382e-09	3.105868e-09	3.780231e+01	3.649854e+02
7.540000e-06	7.057985e-09	3.090371e-09	3.763488e+01	3.633540e+02
7.550000e-06	7.026449e-09	3.073623e-09	3.746673e+01	3.617132e+02
7.560000e-06	6.994784e-09	3.055951e-09	3.729788e+01	3.600630e+02
7.570000e-06	6.962997e-09	3.038510e-09	3.712839e+01	3.584034e+02
7.580000e-06	6.931076e-09	3.023313e-09	3.695818e+01	3.567344e+02
7.590000e-06	6.899022e-09	3.008754e-09	3.678726e+01	3.550562e+02
7.600000e-06	6.866807e-09	2.991729e-09	3.661548e+01	3.533688e+02
7.610000e-06	6.834420e-09	2.974411e-09	3.644279e+01	3.516721e+02
7.620000e-06	6.801846e-09	2.958557e-09	3.626909e+01	3.499664e+02
7.630000e-06	6.769088e-09	2.944420e-09	3.609442e+01	3.482515e+02
7.640000e-06	6.736166e-09	2.928181e-09	3.591887e+01	3.465275e+02
7.650000e-06	6.703075e-09	2.908212e-09	3.574242e+01	3.447946e+02
7.660000e-06	6.669812e-09	2.887285e-09	3.556506e+01	3.430526e+02
7.670000e-06	6.636411e-09	2.868168e-09	3.538696e+01	3.413018e+02
7.680000e-06	6.602861e-09	2.852954e-09	3.520806e+01	3.395421e+02
7.690000e-06	6.569125e-09	2.839286e-09	3.502817e+01	3.377735e+02
7.700000e-06	6.535214e-09	2.826052e-09	3.484735e+01	3.359961e+02
7.710000e-06	6.501148e-09	2.812028e-09	3.466570e+01	3.342101e+02
7.720000e-06	6.466946e-09	2.795555e-09	3.448333e+01	3.324153e+02
7.730000e-06	6.432582e-09	2.778384e-09	3.430009e+01	3.306119e+02
7.740000e-06	6.398032e-09	2.760890e-09	3.411587e+01	3.287998e+02
7.750000e-06	6.363305e-09	2.744040e-09	3.393069e+01	3.269793e+02
7.760000e-06	6.328408e-09	2.726939e-09	3.374461e+01	3.251502e+02
7.770000e-06	6.293350e-09	2.710145e-09	3.355768e+01	3.233126e+02
7.780000e-06	6.258166e-09	2.694509e-09	3.337007e+01	3.214667e+02
7.790000e-06	6.222873e-09	2.680671e-09	3.318188e+01	3.196124e+02
7.800000e-06	6.187471e-09	2.667659e-09	3.299310e+01	3.177497e+02
7.810000e-06	6.151968e-09	2.652506e-09	3.280379e+01	3.158788e+02
7.820000e-06	6.116374e-09	2.635559e-09	3.261399e+01	3.139997e+02
7.830000e-06	6.080706e-09	2.618720e-09	3.242380e+01	3.121125e+02
7.840000e-06	6.044957e-09	2.602707e-09	3.223318e+01	3.102171e+02
7.850000e-06	6.009083e-09	2.584661e-09	3.204189e+01	3.083136e+02
7.860000e-06	5.973044e-09	2.565767e-09	3.184972e+01	3.064021e+02
7.870000e-06	5.936814e-09	2.548458e-09	3.165654e+01	3.044827e+02
7.880000e-06	5.900358e-09	2.533207e-09	3.146215e+01	3.025553e+02
7.890000e-06	5.863674e-09	2.519786e-09	3.126654e+01	3.006201e+02
7.900000e-06	5.826774e-09	2.505840e-09	3.106978e+01	2.986770e+02
7.910000e-06	5.789653e-09	2.489531e-09	3.087185e+01	2.967262e+02
7.920000e-06	5.752312e-09	2.470859e-09	3.067274e+01	2.947676e+02
7.930000e-06	5.714728e-09	2.450412e-09	3.047233e+01	2.928014e+02
7.940000e-06	5.676896e-09	2.428821e-09	3.027060e+01	2.908276e+02
7.950000e-06	5.638823e-09	2.408951e-09	3.006759e+01	2.888462e+02
7.960000e-06	5.600517e-09	2.391855e-09	2.986333e+01	2.868573e+02
7.970000e-06	5.562016e-09	2.376701e-09	2.965804e+01	2.848609e+02
7.980000e-06	5.523310e-09	2.362202e-09	2.945165e+01	2.828571e+02
7.990000e-06	5.484402e-09	2.344876e-09	2.924419e+01	2.808460e+02
8.000000e-06	5.445347e-09	2.324421e-09	2.903594e+01	2.788275e+02
8.010000e-06	5.406183e-09	2.301979e-09	2.882710e+01	2.768019e+02
8.020000e-06	5.366900e-09	2.278779e-09	2.861764e+01	2.747690e+02
8.030000e-06	5.327508e-09	2.255489e-09	2.840759e+01	2.727289e+02
8.040000e-06	5.288035e-09	2.234186e-09	2.819711e+01	2.706818e+02
8.050000e-06	5.248472e-09	2.217203e-09	2.798615e+01	2.686276e+02
8.060000e-06	5.208811e-09	2.202808e-09	2.777467e+01	2.665664e+02
8.070000e-06	5.169070e-09	2.187375e-09	2.756276e+01	2.644983e+02
8.080000e-06	5.129257e-09	2.167938e-09	2.735047e+01	2.624234e+02
8.090000e-06	5.089347e-09	2.145592e-09	2.713766e+01	2.603416e+02
8.100000e-06	5.049329e-09	2.122046e-09	2.692427e+01	2.582530e+02
8.110000e-06	5.009183e-09	2.099083e-09	2.671020e+01	2.561577e+02
8.120000e-06	4.968897e-09	2.078827e-09	2.649539e+01	2.540558e+02
8.130000e-06	4.928505e-09	2.059073e-09	2.628001e+01	2.519472e+02
8.140000e-06	4.888008e-09	2.039635e-09	2.606407e+01	2.498321e+02
8.150000e-06	4.847391e-09	2.022276e-09	2.584749e+01	2.477105e+02
8.160000e-06	4.806649e-09	2.004083e-09	2.563025e+01	2.455824e+02
8.170000e-06	4.765766e-09	1.982531e-09	2.541225e+01	2.434480e+02
8.180000e-06	4.724746e-09	1.958406e-09	2.519352e+01	2.413072e+02
8.190000e-06	4.683595e-09	1.934205e-09	2.497409e+01	2.391601e+02
8.200000e-06	4.642329e-09	1.913656e-09	2.475405e+01	2.370069e+02
8.210000e-06	4.600939e-09	1.896115e-09	2.453335e+01	2.348474e+02
8.220000e-06	4.559422e-09	1.878307e-09	2.431197e+01	2.326819e+02
8.230000e-06	4.517795e-09	1.857756e-09	2.409001e+01	2.305103e+02
8.240000e-06	4.476071e-09	1.834588e-09	2.386753e+01	2.283327e+02
8.250000e-06	4.434265e-09	1.812457e-09	2.364461e+01	2.261492e+02
8.260000e-06	4.392370e-09	1.792735e-09	2.342121e+01	2.239598e+02
8.270000e-06	4.350362e-09	1.774002e-09	2.319722e+01	2.217645e+02
8.280000e-06	4.308227e-09	1.752672e-09	2.297255e+01	2.195635e+02
8.290000e-06	4.265975e-09	1.730414e-09	2.274725e+01	2.173568e+02
8.300000e-06	4.223618e-09	1.711421e-09	2.252139e+01	2.151444e+02
8.310000e-06	4.181141e-09	1.694603e-09	2.229489e+01	2.129265e+02
8.320000e-06	4.138527e-09	1.675089e-09	2.206767e+01	2.107030e+02
8.330000e-06	4.095781e-09	1.651017e-09	2.183974e+01	2.084740e+02
8.340000e-06	4.052950e-09	1.627287e-09	2.161135e+01	2.062396e+02
8.350000e-06	4.010018e-09	1.606876e-09	2.138243e+01	2.039998e+02
8.360000e-06	3.967002e-09	1.589103e-09	2.115306e+01	2.017547e+02
8.370000e-06	3.923938e-09	1.569872e-09	2.092343e+01	1.995044e+02
8.380000e-06	3.880789e-09	1.546435e-09	2.069335e+01	1.972489e+02
8.390000e-06	3.837572e-09	1.521527e-09	2.046290e+01	1.949882e+02
8.400000e-06	3.794281e-09	1.499841e-09	2.023206e+01	1.927225e+02
8.410000e-06	3.750924e-09	1.481937e-09	2.000087e+01	1.904518e+02
8.420000e-06	3.707510e-09	1.464108e-09	1.976938e+01	1.881761e+02
8.430000e-06	3.664037e-09	1.444990e-09	1.953757e+01	1.858956e+02
8.440000e-06	3.620511e-09	1.424191e-09	1.930548e+01	1.836101e+02
8.450000e-06	3.576915e-09	1.403989e-09	1.907301e+01	1.813200e+02
8.460000e-06	3.533255e-09	1.384632e-09	1.884021e+01	1.790251e+02
8.470000e-06	3.489541e-09	1.362580e-09	1.860712e+01	1.767255e+02
8.480000e-06	3.445772e-09	1.340022e-09	1.837373e+01	1.744214e+02
8.490000e-06	3.401953e-09	1.321222e-09	1.814007e+01	1.721127e+02
8.500000e-06	3.358088e-09	1.306949e-09	1.790618e+01	1.697995e+02
8.510000e-06	3.314172e-09	1.293096e-09	1.767200e+01	1.674819e+02
8.520000e-06	3.270196e-09	1.275056e-09	1.743751e+01	1.651600e+02
8.530000e-06	3.226141e-09	1.252456e-09	1.720260e+01	1.628337e+02
8.540000e-06	3.182022e-09	1.229426e-09	1.696735e+01	1.605033e+02
8.550000e-06	3.137840e-09	1.209965e-09	1.673176e+01	1.581686e+02
8.560000e-06	3.093568e-09	1.195083e-09	1.649569e+01	1.558299e+02
8.570000e-06	3.049188e-09	1.179246e-09	1.625905e+01	1.534871e+02
8.580000e-06	3.004704e-09	1.159950e-09	1.602185e+01	1.511403e+02
8.590000e-06	2.960152e-09	1.140494e-09	1.578429e+01	1.487895e+02
8.600000e-06	2.915517e-09	1.119579e-09	1.554628e+01	1.464350e+02
8.610000e-06	2.870797e-09	1.097235e-09	1.530783e+01	1.440765e+02
8.620000e-06	2.826004e-09	1.073375e-09	1.506898e+01	1.417144e+02
8.630000e-06	2.781129e-09	1.052579e-09	1.482970e+01	1.393485e+02
8.640000e-06	2.736169e-09	1.035984e-09	1.458996e+01	1.369791e+02
8.650000e-06	2.691129e-09	1.020734e-09	1.434979e+01	1.346061e+02
8.660000e-06	2.646045e-09	1.003456e-09	1.410940e+01	1.322295e+02
8.670000e-06	2.600900e-09	9.806501e-10	1.386867e+01	1.298496e+02
8.680000e-06	2.555671e-09	9.573363e-10	1.362750e+01	1.274662e+02
8.690000e-06	2.510394e-09	9.350943e-10	1.338608e+01	1.250796e+02
8.700000e-06	2.465062e-09	9.146027e-10	1.314435e+01	1.226897e+02
8.710000e-06	2.419637e-09	8.946784e-10	1.290213e+01	1.202966e+02
8.720000e-06	2.374124e-09	8.751187e-10	1.265945e+01	1.179003e+02
8.730000e-06	2.328571e-09	8.579583e-10	1.241655e+01	1.155010e+02
8.740000e-06	2.282983e-09	8.397452e-10	1.217347e+01	1.130987e+02
8.750000e-06	2.237333e-09	8.196295e-10	1.193005e+01	1.106935e+02
8.760000e-06	2.191652e-09	7.959471e-10	1.168647e+01	1.082854e+02
8.770000e-06	2.145941e-09	7.704482e-10	1.144273e+01	1.058745e+02
8.780000e-06	2.100176e-09	7.470900e-10	1.119870e+01	1.034608e+02
8.790000e-06	2.054378e-09	7.263064e-10	1.095449e+01	1.010444e+02
8.800000e-06	2.008550e-09	7.082896e-10	1.071012e+01	9.862539e+01
8.810000e-06	1.962675e-09	6.897171e-10	1.046551e+01	9.620382e+01
8.820000e-06	1.916761e-09	6.693898e-10	1.022068e+01	9.377975e+01
8.830000e-06	1.870804e-09	6.475085e-10	9.975627e+00	9.135325e+01
8.840000e-06	1.824820e-09	6.260318e-10	9.730429e+00	8.892436e+01
8.850000e-06	1.778823e-09	6.051648e-10	9.485162e+00	8.649317e+01
8.860000e-06	1.732800e-09	5.827700e-10	9.239756e+00	8.405972e+01
8.870000e-06	1.686739e-09	5.607433e-10	8.994150e+00	8.162410e+01
8.880000e-06	1.640667e-09	5.400683e-10	8.748484e+00	7.918634e+01
8.890000e-06	1.594566e-09	5.210499e-10	8.502661e+00	7.674653e+01
8.900000e-06	1.548420e-09	4.999507e-10	8.256600e+00	7.430473e+01
8.910000e-06	1.502287e-09	4.755741e-10	8.010604e+00	7.186099e+01
8.920000e-06	1.456114e-09	4.527900e-10	7.764400e+00	6.941539e+01
8.930000e-06	1.409894e-09	4.340811e-10	7.517943e+00	6.696798e+01
8.940000e-06	1.363650e-09	4.177771e-10	7.271358e+00	6.451882e+01
8.950000e-06	1.317383e-09	3.996296e-10	7.024654e+00	6.206800e+01
8.960000e-06	1.271080e-09	3.771265e-10	6.777753e+00	5.961556e+01
8.970000e-06	1.224749e-09	3.526098e-10	6.530708e+00	5.716156e+01
8.980000e-06	1.178400e-09	3.305782e-10	6.283563e+00	5.470609e+01
8.990000e-06	1.132016e-09	3.118915e-10	6.036233e+00	5.224919e+01
9.000000e-06	1.085591e-09	2.948824e-10	5.788682e+00	4.979093e+01
9.010000e-06	1.039123e-09	2.768903e-10	5.540903e+00	4.733138e+01
9.020000e-06	9.926457e-10	2.571302e-10	5.293076e+00	4.487060e+01
9.030000e-06	9.461738e-10	2.360948e-10	5.045277e+00	4.240865e+01
9.040000e-06	8.997067e-10	2.155645e-10	4.797504e+00	3.994561e+01
9.050000e-06	8.532145e-10	1.972772e-10	4.549596e+00	3.748152e+01
9.060000e-06	8.067047e-10	1.799985e-10	4.301595e+00	3.501646e+01
9.070000e-06	7.601902e-10	1.626962e-10	4.053569e+00	3.255049e+01
9.080000e-06	7.136630e-10	1.452610e-10	3.805475e+00	3.008367e+01
9.090000e-06	6.671284e-10	1.266897e-10	3.557342e+00	2.761608e+01
9.100000e-06	6.205734e-10	1.059795e-10	3.309100e+00	2.514776e+01
9.110000e-06	5.739946e-10	8.472423e-11	3.060730e+00	2.267880e+01
9.120000e-06	5.274096e-10	6.356398e-11	2.812328e+00	2.020924e+01
9.130000e-06	4.808104e-10	4.383552e-11	2.563850e+00	1.773916e+01
9.140000e-06	4.341908e-10	2.638277e-11	2.315263e+00	1.526862e+01
9.150000e-06	3.875685e-10	1.018846e-11	2.066661e+00	1.279768e+01
9.160000e-06	3.409317e-10	-5.957889e-12	1.817983e+00	1.032642e+01
9.170000e-06	2.942949e-10	-2.465509e-11	1.569304e+00	7.854880e+00
9.180000e-06	2.476441e-10	-4.613785e-11	1.320551e+00	5.383142e+00
9.190000e-06	2.009868e-10	-6.903312e-11	1.071764e+00	2.911265e+00
9.200000e-06	1.543452e-10	-9.019835e-11	8.230593e-01	4.393141e-01
9.210000e-06	1.077155e-10	-1.077618e-10	5.744186e-01	-2.032647e+00
9.220000e-06	6.107914e-11	-1.236578e-10	3.257433e-01	-4.504555e+00
9.230000e-06	1.442130e-11	-1.403564e-10	7.695262e-02	-6.976343e+00
9.240000e-06	-3.223800e-11	-1.598505e-10	-1.718457e-01	-9.447949e+00
9.250000e-06	-7.888786e-11	-1.813319e-10	-4.205936e-01	-1.191931e+01
9.260000e-06	-1.255480e-10	-2.018850e-10	-6.693962e-01	-1.439036e+01
9.270000e-06	-1.722170e-10	-2.207887e-10	-9.182460e-01	-1.686103e+01
9.280000e-06	-2.188381e-10	-2.384312e-10	-1.166841e+00	-1.933126e+01
9.290000e-06	-2.654361e-10	-2.567785e-10	-1.415313e+00	-2.180099e+01
9.300000e-06	-3.120337e-10	-2.768409e-10	-1.663783e+00	-2.427015e+01
9.310000e-06	-3.586097e-10	-2.967838e-10	-1.912137e+00	-2.673867e+01
9.320000e-06	-4.051998e-10	-3.165498e-10	-2.160566e+00	-2.920650e+01
9.330000e-06	-4.517849e-10	-3.358862e-10	-2.408969e+00	-3.167357e+01
9.340000e-06	-4.983403e-10	-3.535069e-10	-2.657214e+00	-3.413981e+01
9.350000e-06	-5.448925e-10	-3.708598e-10	-2.905441e+00	-3.660517e+01
9.360000e-06	-5.914346e-10	-3.906028e-10	-3.153615e+00	-3.906957e+01
9.370000e-06	-6.379807e-10	-4.135917e-10	-3.401809e+00	-4.153295e+01
9.380000e-06	-6.844955e-10	-4.388162e-10	-3.649838e+00	-4.399525e+01
9.390000e-06	-7.309774e-10	-4.624578e-10	-3.897690e+00	-4.645640e+01
9.400000e-06	-7.774521e-10	-4.810047e-10	-4.145504e+00	-4.891635e+01
9.410000e-06	-8.238973e-10	-4.963688e-10	-4.393161e+00	-5.137502e+01
9.420000e-06	-8.703051e-10	-5.116381e-10	-4.640618e+00	-5.383235e+01
9.430000e-06	-9.166710e-10	-5.299224e-10	-4.887853e+00	-5.628828e+01
9.440000e-06	-9.630187e-10	-5.526692e-10	-5.134990e+00	-5.874275e+01
9.450000e-06	-1.009356e-09	-5.764069e-10	-5.382070e+00	-6.119569e+01
9.460000e-06	-1.055672e-09	-5.988994e-10	-5.629040e+00	-6.364703e+01
9.470000e-06	-1.101950e-09	-6.188284e-10	-5.875803e+00	-6.609671e+01
9.480000e-06	-1.148214e-09	-6.370563e-10	-6.122496e+00	-6.854468e+01
9.490000e-06	-1.194466e-09	-6.553089e-10	-6.369123e+00	-7.099086e+01
9.500000e-06	-1.240680e-09	-6.732228e-10	-6.615548e+00	-7.343519e+01
9.510000e-06	-1.286869e-09	-6.918956e-10	-6.861838e+00	-7.587761e+01
9.520000e-06	-1.333033e-09	-7.122168e-10	-7.107996e+00	-7.831806e+01
9.530000e-06	-1.379159e-09	-7.343896e-10	-7.353953e+00	-8.075646e+01
9.540000e-06	-1.425264e-09	-7.552196e-10	-7.599793e+00	-8.319277e+01
9.550000e-06	-1.471359e-09	-7.735884e-10	-7.845585e+00	-8.562691e+01
9.560000e-06	-1.517426e-09	-7.923216e-10	-8.091225e+00	-8.805881e+01
9.570000e-06	-1.563476e-09	-8.125011e-10	-8.336776e+00	-9.048843e+01
9.580000e-06	-1.609509e-09	-8.340758e-10	-8.582237e+00	-9.291569e+01
9.590000e-06	-1.655505e-09	-8.554344e-10	-8.827498e+00	-9.534054e+01
9.600000e-06	-1.701484e-09	-8.757353e-10	-9.072671e+00	-9.776290e+01
9.610000e-06	-1.747428e-09	-8.933970e-10	-9.317655e+00	-1.001827e+02
9.620000e-06	-1.793308e-09	-9.095424e-10	-9.562299e+00	-1.025999e+02
9.630000e-06	-1.839154e-09	-9.275733e-10	-9.806762e+00	-1.050145e+02
9.640000e-06	-1.884968e-09	-9.473364e-10	-1.005105e+01	-1.074263e+02
9.650000e-06	-1.930747e-09	-9.672676e-10	-1.029515e+01	-1.098353e+02
9.660000e-06	-1.976498e-09	-9.875005e-10	-1.053911e+01	-1.122414e+02
9.670000e-06	-2.022224e-09	-1.008638e-09	-1.078294e+01	-1.146447e+02
9.680000e-06	-2.067912e-09	-1.029259e-09	-1.102655e+01	-1.170449e+02
9.690000e-06	-2.113574e-09	-1.048304e-09	-1.127004e+01	-1.194421e+02
9.700000e-06	-2.159188e-09	-1.064277e-09	-1.151326e+01	-1.218362e+02
9.710000e-06	-2.204732e-09	-1.078188e-09	-1.175611e+01	-1.242271e+02
9.720000e-06	-2.250239e-09	-1.093775e-09	-1.199877e+01	-1.266148e+02
9.730000e-06	-2.295713e-09	-1.112480e-09	-1.224125e+01	-1.289992e+02
9.740000e-06	-2.341118e-09	-1.133098e-09	-1.248335e+01	-1.313802e+02
9.750000e-06	-2.386464e-09	-1.151564e-09	-1.272515e+01	-1.337578e+02
9.760000e-06	-2.431774e-09	-1.168396e-09	-1.296675e+01	-1.361320e+02
9.770000e-06	-2.477017e-09	-1.185928e-09	-1.320800e+01	-1.385026e+02
9.780000e-06	-2.522205e-09	-1.205480e-09	-1.344895e+01	-1.408696e+02
9.790000e-06	-2.567348e-09	-1.225701e-09	-1.368967e+01	-1.432329e+02
9.800000e-06	-2.612414e-09	-1.241242e-09	-1.392997e+01	-1.455925e+02
9.810000e-06	-2.657411e-09	-1.253154e-09	-1.416991e+01	-1.479483e+02
9.820000e-06	-2.702342e-09	-1.264123e-09	-1.440949e+01	-1.503002e+02
9.830000e-06	-2.747198e-09	-1.278491e-09	-1.464867e+01	-1.526483e+02
9.840000e-06	-2.791981e-09	-1.296772e-09	-1.488746e+01	-1.549923e+02
9.850000e-06	-2.836680e-09	-1.315427e-09	-1.512581e+01	-1.573324e+02
9.860000e-06	-2.881284e-09	-1.334903e-09	-1.536365e+01	-1.596683e+02
9.870000e-06	-2.925806e-09	-1.353631e-09	-1.560105e+01	-1.620001e+02
9.880000e-06	-2.970262e-09	-1.373545e-09	-1.583810e+01	-1.643277e+02
9.890000e-06	-3.014622e-09	-1.393165e-09	-1.607464e+01	-1.666510e+02
9.900000e-06	-3.058876e-09	-1.409792e-09	-1.631061e+01	-1.689699e+02
9.910000e-06	-3.103048e-09	-1.424516e-09	-1.654614e+01	-1.712845e+02
9.920000e-06	-3.147153e-09	-1.439031e-09	-1.678132e+01	-1.735946e+02
9.930000e-06	-3.191204e-09	-1.456699e-09	-1.701621e+01	-1.759002e+02
9.940000e-06	-3.235191e-09	-1.476613e-09	-1.725076e+01	-1.782012e+02
9.950000e-06	-3.279104e-09	-1.496602e-09	-1.748491e+01	-1.804976e+02
9.960000e-06	-3.322956e-09	-1.514142e-09	-1.771874e+01	-1.827892e+02
9.970000e-06	-3.366752e-09	-1.531628e-09	-1.795228e+01	-1.850762e+02
9.980000e-06	-3.410485e-09	-1.553141e-09	-1.818547e+01	-1.873583e+02
9.990000e-06	-3.454166e-09	-1.575522e-09	-1.841839e+01	-1.896355e+02
1.000000e-05	-3.497783e-09	-1.596092e-09	-1.865097e+01	-1.919078e+02
1.001000e-05	-3.541343e-09	-1.612983e-09	-1.888324e+01	-1.941751e+02
1.002000e-05	-3.584871e-09	-1.626149e-09	-1.911534e+01	-1.964373e+02
1.003000e-05	-3.628354e-09	-1.641744e-09	-1.934721e+01	-1.986945e+02
1.004000e-05	-3.671783e-09	-1.661645e-09	-1.957878e+01	-2.009464e+02
1.005000e-05	-3.715148e-09	-1.682462e-09	-1.981002e+01	-2.031932e+02
1.006000e-05	-3.758457e-09	-1.703771e-09	-2.004095e+01	-2.054346e+02
1.007000e-05	-3.801709e-09	-1.726032e-09	-2.027158e+01	-2.076707e+02
1.008000e-05	-3.844889e-09	-1.750106e-09	-2.050183e+01	-2.099014e+02
1.009000e-05	-3.887989e-09	-1.771960e-09	-2.073164e+01	-2.121266e+02
1.010000e-05	-3.930993e-09	-1.786815e-09	-2.096095e+01	-2.143464e+02
1.011000e-05	-3.973891e-09	-1.794591e-09	-2.118970e+01	-2.165605e+02
1.012000e-05	-4.016703e-09	-1.801591e-09	-2.141798e+01	-2.187690e+02
1.013000e-05	-4.059420e-09	-1.816708e-09	-2.164575e+01	-2.209718e+02
1.014000e-05	-4.102013e-09	-1.839997e-09	-2.187287e+01	-2.231689e+02
1.015000e-05	-4.144503e-09	-1.866376e-09	-2.209944e+01	-2.253601e+02
1.016000e-05	-4.186883e-09	-1.889134e-09	-2.232541e+01	-2.275455e+02
1.017000e-05	-4.229134e-09	-1.906997e-09	-2.255071e+01	-2.297250e+02
1.018000e-05	-4.271275e-09	-1.921969e-09	-2.277542e+01	-2.318985e+02
1.019000e-05	-4.313324e-09	-1.936426e-09	-2.299963e+01	-2.340659e+02
1.020000e-05	-4.355268e-09	-1.952309e-09	-2.322329e+01	-2.362273e+02
1.021000e-05	-4.397108e-09	-1.966600e-09	-2.344639e+01	-2.383825e+02
1.022000e-05	-4.438850e-09	-1.980002e-09	-2.366897e+01	-2.405315e+02
1.023000e-05	-4.480488e-09	-1.997562e-09	-2.389099e+01	-2.426743e+02
1.024000e-05	-4.522027e-09	-2.019583e-09	-2.411248e+01	-2.448107e+02
1.025000e-05	-4.563457e-09	-2.041542e-09	-2.433340e+01	-2.469408e+02
1.026000e-05	-4.604786e-09	-2.059503e-09	-2.455378e+01	-2.490644e+02
1.027000e-05	-4.645984e-09	-2.073821e-09	-2.477345e+01	-2.511816e+02
1.028000e-05	-4.687051e-09	-2.089260e-09	-2.499243e+01	-2.532922e+02
1.029000e-05	-4.727991e-09	-2.107899e-09	-2.521073e+01	-2.553963e+02
1.030000e-05	-4.768781e-09	-2.126210e-09	-2.542824e+01	-2.574937e+02
1.031000e-05	-4.809440e-09	-2.141018e-09	-2.564504e+01	-2.595843e+02
1.032000e-05	-4.849982e-09	-2.154234e-09	-2.586122e+01	-2.616683e+02
1.033000e-05	-4.890400e-09	-2.170242e-09	-2.607674e+01	-2.637454e+02
1.034000e-05	-4.930672e-09	-2.189456e-09	-2.629147e+01	-2.658157e+02
1.035000e-05	-4.970830e-09	-2.208779e-09	-2.650561e+01	-2.678790e+02
1.036000e-05	-5.010889e-09	-2.225235e-09	-2.671921e+01	-2.699354e+02
1.037000e-05	-5.050830e-09	-2.240250e-09	-2.693219e+01	-2.719848e+02
1.038000e-05	-5.090667e-09	-2.256101e-09	-2.714461e+01	-2.740271e+02
1.039000e-05	-5.130418e-09	-2.271074e-09	-2.735657e+01	-2.760622e+02
1.040000e-05	-5.170099e-09	-2.284963e-09	-2.756816e+01	-2.780902e+02
1.041000e-05	-5.209702e-09	-2.297983e-09	-2.777934e+01	-2.801109e+02
1.042000e-05	-5.249211e-09	-2.311529e-09	-2.799001e+01	-2.821243e+02
1.043000e-05	-5.288646e-09	-2.328486e-09	-2.820029e+01	-2.841304e+02
1.044000e-05	-5.328011e-09	-2.349122e-09	-2.841019e+01	-2.861291e+02
1.045000e-05	-5.367282e-09	-2.368510e-09	-2.861959e+01	-2.881204e+02
1.046000e-05	-5.406453e-09	-2.383188e-09	-2.882846e+01	-2.901042e+02
1.047000e-05	-5.445502e-09	-2.393802e-09	-2.903668e+01	-2.920804e+02
1.048000e-05	-5.484395e-09	-2.402744e-09	-2.924407e+01	-2.940490e+02
1.049000e-05	-5.523127e-09	-2.414955e-09	-2.945060e+01	-2.960100e+02
1.050000e-05	-5.561679e-09	-2.431044e-09	-2.965616e+01	-2.979632e+02
1.051000e-05	-5.600021e-09	-2.448665e-09	-2.986061e+01	-2.999088e+02
1.052000e-05	-5.638138e-09	-2.466007e-09	-3.006386e+01	-3.018465e+02
1.053000e-05	-5.676036e-09	-2.482521e-09	-3.026594e+01	-3.037763e+02
1.054000e-05	-5.713685e-09	-2.498196e-09	-3.046669e+01	-3.056983e+02
1.055000e-05	-5.751064e-09	-2.512053e-09	-3.066601e+01	-3.076123e+02
1.056000e-05	-5.788175e-09	-2.524422e-09	-3.086389e+01	-3.095183e+02
1.057000e-05	-5.825030e-09	-2.537214e-09	-3.106041e+01	-3.114162e+02
1.058000e-05	-5.861658e-09	-2.552647e-09	-3.125571e+01	-3.133060e+02
1.059000e-05	-5.898071e-09	-2.570001e-09	-3.144987e+01	-3.151877e+02
1.060000e-05	-5.934282e-09	-2.586371e-09	-3.164296e+01	-3.170612e+02
1.061000e-05	-5.970322e-09	-2.600347e-09	-3.183513e+01	-3.189264e+02
1.062000e-05	-6.006231e-09	-2.612564e-09	-3.202661e+01	-3.207834e+02
1.063000e-05	-6.042028e-09	-2.627332e-09	-3.221749e+01	-3.226319e+02
1.064000e-05	-6.077710e-09	-2.646876e-09	-3.240775e+01	-3.244721e+02
1.065000e-05	-6.113293e-09	-2.668816e-09	-3.259749e+01	-3.263039e+02
1.066000e-05	-6.148792e-09	-2.688266e-09	-3.278679e+01	-3.281272e+02
1.067000e-05	-6.184199e-09	-2.702398e-09	-3.297558e+01	-3.299419e+02
1.068000e-05	-6.219499e-09	-2.713153e-09	-3.316381e+01	-3.317480e+02
1.069000e-05	-6.254693e-09	-2.723277e-09	-3.335147e+01	-3.335455e+02
1.070000e-05	-6.289773e-09	-2.734766e-09	-3.353853e+01	-3.353343e+02
1.071000e-05	-6.324713e-09	-2.748126e-09	-3.372484e+01	-3.371144e+02
1.072000e-05	-6.359495e-09	-2.764010e-09	-3.391030e+01	-3.388858e+02
1.073000e-05	-6.394082e-09	-2.781696e-09	-3.409473e+01	-3.406483e+02
1.074000e-05	-6.428474e-09	-2.799342e-09	-3.427811e+01	-3.424019e+02
1.075000e-05	-6.462688e-09	-2.815164e-09	-3.446055e+01	-3.441467e+02
1.076000e-05	-6.496736e-09	-2.827088e-09	-3.464210e+01	-3.458825e+02
1.077000e-05	-6.530632e-09	-2.838269e-09	-3.482284e+01	-3.476093e+02
1.078000e-05	-6.564348e-09	-2.852179e-09	-3.500263e+01	-3.493270e+02
1.079000e-05	-6.597897e-09	-2.867522e-09	-3.518152e+01	-3.510357e+02
1.080000e-05	-6.631292e-09	-2.883101e-09	-3.535959e+01	-3.527352e+02
1.081000e-05	-6.664519e-09	-2.898163e-09	-3.553676e+01	-3.544255e+02
1.082000e-05	-6.697576e-09	-2.913084e-09	-3.571303e+01	-3.561066e+02
1.083000e-05	-6.730460e-09	-2.927352e-09	-3.588837e+01	-3.577785e+02
1.084000e-05	-6.763148e-09	-2.940101e-09	-3.606268e+01	-3.594410e+02
1.085000e-05	-6.795635e-09	-2.953909e-09	-3.623590e+01	-3.610942e+02
1.086000e-05	-6.827935e-09	-2.969436e-09	-3.640813e+01	-3.627380e+02
1.087000e-05	-6.860067e-09	-2.984980e-09	-3.657947e+01	-3.643724e+02
1.088000e-05	-6.892053e-09	-2.998927e-09	-3.675003e+01	-3.659973e+02
1.089000e-05	-6.923903e-09	-3.010963e-09	-3.691986e+01	-3.676126e+02
1.090000e-05	-6.955619e-09	-3.022087e-09	-3.708898e+01	-3.692184e+02
1.091000e-05	-6.987216e-09	-3.033343e-09	-3.725746e+01	-3.708146e+02
1.092000e-05	-7.018708e-09	-3.046999e-09	-3.742538e+01	-3.724011e+02
1.093000e-05	-7.050067e-09	-3.062565e-09	-3.759260e+01	-3.739780e+02
1.094000e-05	-7.081270e-09	-3.078402e-09	-3.775898e+01	-3.755451e+02
1.095000e-05	-7.112306e-09	-3.092456e-09	-3.792447e+01	-3.771024e+02
1.096000e-05	-7.143141e-09	-3.104160e-09	-3.808889e+01	-3.786500e+02
1.097000e-05	-7.173749e-09	-3.114493e-09	-3.825210e+01	-3.801877e+02
1.098000e-05	-7.204141e-09	-3.124760e-09	-3.841416e+01	-3.817155e+02
1.099000e-05	-7.234291e-09	-3.136882e-09	-3.857492e+01	-3.832333e+02
1.100000e-05	-7.264137e-09	-3.150109e-09	-3.873407e+01	-3.847412e+02
1.101000e-05	-7.293634e-09	-3.163320e-09	-3.889135e+01	-3.862391e+02
1.102000e-05	-7.322788e-09	-3.175213e-09	-3.904681e+01	-3.877269e+02
1.103000e-05	-7.351656e-09	-3.186509e-09	-3.920074e+01	-3.892046e+02
1.104000e-05	-7.380267e-09	-3.197886e-09	-3.935330e+01	-3.906723e+02
1.105000e-05	-7.408621e-09	-3.208791e-09	-3.950449e+01	-3.921297e+02
1.106000e-05	-7.436749e-09	-3.218768e-09	-3.965447e+01	-3.935769e+02
1.107000e-05	-7.464697e-09	-3.228721e-09	-3.980350e+01	-3.950140e+02
1.108000e-05	-7.492484e-09	-3.241113e-09	-3.995167e+01	-3.964407e+02
1.109000e-05	-7.520136e-09	-3.254191e-09	-4.009911e+01	-3.978571e+02
1.110000e-05	-7.547683e-09	-3.265623e-09	-4.024601e+01	-3.992632e+02
1.111000e-05	-7.575139e-09	-3.275013e-09	-4.039240e+01	-4.006588e+02
1.112000e-05	-7.602505e-09	-3.283719e-09	-4.053833e+01	-4.020441e+02
1.113000e-05	-7.629739e-09	-3.293748e-09	-4.068354e+01	-4.034189e+02
1.114000e-05	-7.656776e-09	-3.304865e-09	-4.082771e+01	-4.047831e+02
1.115000e-05	-7.683616e-09	-3.316673e-09	-4.097083e+01	-4.061369e+02
1.116000e-05	-7.710268e-09	-3.327748e-09	-4.111294e+01	-4.074801e+02
1.117000e-05	-7.736731e-09	-3.338288e-09	-4.125405e+01	-4.088127e+02
1.118000e-05	-7.762953e-09	-3.348903e-09	-4.139387e+01	-4.101346e+02
1.119000e-05	-7.788950e-09	-3.358762e-09	-4.153249e+01	-4.114459e+02
1.120000e-05	-7.814772e-09	-3.368520e-09	-4.167019e+01	-4.127465e+02
1.121000e-05	-7.840385e-09	-3.377843e-09	-4.180676e+01	-4.140363e+02
1.122000e-05	-7.865784e-09	-3.387800e-09	-4.194220e+01	-4.153154e+02
1.123000e-05	-7.890999e-09	-3.399358e-09	-4.207664e+01	-4.165837e+02
1.124000e-05	-7.916014e-09	-3.411027e-09	-4.221003e+01	-4.178411e+02
1.125000e-05	-7.940806e-09	-3.421509e-09	-4.234223e+01	-4.190876e+02
1.126000e-05	-7.965364e-09	-3.431533e-09	-4.247317e+01	-4.203233e+02
1.127000e-05	-7.989700e-09	-3.442236e-09	-4.260294e+01	-4.215480e+02
1.128000e-05	-8.013841e-09	-3.452820e-09	-4.273167e+01	-4.227617e+02
1.129000e-05	-8.037791e-09	-3.462784e-09	-4.285937e+01	-4.239645e+02
1.130000e-05	-8.061581e-09	-3.470528e-09	-4.298623e+01	-4.251562e+02
1.131000e-05	-8.085250e-09	-3.478644e-09	-4.311244e+01	-4.263368e+02
1.132000e-05	-8.108808e-09	-3.490246e-09	-4.323805e+01	-4.275064e+02
1.133000e-05	-8.132246e-09	-3.503055e-09	-4.336303e+01	-4.286648e+02
1.134000e-05	-8.155557e-09	-3.514634e-09	-4.348733e+01	-4.298121e+02
1.135000e-05	-8.178729e-09	-3.523869e-09	-4.361089e+01	-4.309482e+02
1.136000e-05	-8.201699e-09	-3.533211e-09	-4.373337e+01	-4.320731e+02
1.137000e-05	-8.224410e-09	-3.543703e-09	-4.385447e+01	-4.331867e+02
1.138000e-05	-8.246854e-09	-3.554618e-09	-4.397415e+01	-4.342891e+02
1.139000e-05	-8.269009e-09	-3.565967e-09	-4.409229e+01	-4.353802e+02
1.140000e-05	-8.290824e-09	-3.576689e-09	-4.420861e+01	-4.364599e+02
1.141000e-05	-8.312293e-09	-3.586507e-09	-4.432309e+01	-4.375283e+02
1.142000e-05	-8.333407e-09	-3.595675e-09	-4.443567e+01	-4.385853e+02
1.143000e-05	-8.354154e-09	-3.604731e-09	-4.454630e+01	-4.396309e+02
1.144000e-05	-8.374575e-09	-3.613265e-09	-4.465519e+01	-4.406650e+02
1.145000e-05	-8.394722e-09	-3.622157e-09	-4.476262e+01	-4.416877e+02
1.146000e-05	-8.414659e-09	-3.631796e-09	-4.486892e+01	-4.426989e+02
1.147000e-05	-8.434433e-09	-3.641745e-09	-4.497436e+01	-4.436986e+02
1.148000e-05	-8.454074e-09	-3.650610e-09	-4.507909e+01	-4.446867e+02
1.149000e-05	-8.473604e-09	-3.656941e-09	-4.518323e+01	-4.456633e+02
1.150000e-05	-8.493025e-09	-3.663218e-09	-4.528679e+01	-4.466283e+02
1.151000e-05	-8.512303e-09	-3.673784e-09	-4.538959e+01	-4.475816e+02
1.152000e-05	-8.531406e-09	-3.688243e-09	-4.549145e+01	-4.485233e+02
1.153000e-05	-8.550303e-09	-3.701219e-09	-4.559221e+01	-4.494534e+02
1.154000e-05	-8.568975e-09	-3.709638e-09	-4.569177e+01	-4.503717e+02
1.155000e-05	-8.587410e-09	-3.714249e-09	-4.579008e+01	-4.512783e+02
1.156000e-05	-8.605614e-09	-3.720003e-09	-4.588714e+01	-4.521732e+02
1.157000e-05	-8.623598e-09	-3.729510e-09	-4.598304e+01	-4.530563e+02
1.158000e-05	-8.641383e-09	-3.739903e-09	-4.607787e+01	-4.539277e+02
1.159000e-05	-8.658995e-09	-3.747312e-09	-4.617179e+01	-4.547872e+02
1.160000e-05	-8.676430e-09	-3.753291e-09	-4.626475e+01	-4.556349e+02
1.161000e-05	-8.693682e-09	-3.761085e-09	-4.635674e+01	-4.564707e+02
1.162000e-05	-8.710729e-09	-3.771081e-09	-4.644764e+01	-4.572946e+02
1.163000e-05	-8.727538e-09	-3.781241e-09	-4.653727e+01	-4.581067e+02
1.164000e-05	-8.744095e-09	-3.788418e-09	-4.662556e+01	-4.589068e+02
1.165000e-05	-8.760418e-09	-3.794348e-09	-4.671260e+01	-4.596950e+02
1.166000e-05	-8.776528e-09	-3.801435e-09	-4.679850e+01	-4.604713e+02
1.167000e-05	-8.792447e-09	-3.808438e-09	-4.688338e+01	-4.612355e+02
1.168000e-05	-8.808194e-09	-3.813208e-09	-4.696735e+01	-4.619878e+02
1.169000e-05	-8.823798e-09	-3.816875e-09	-4.705056e+01	-4.627280e+02
1.170000e-05	-8.839282e-09	-3.823070e-09	-4.713312e+01	-4.634562e+02
1.171000e-05	-8.854627e-09	-3.833176e-09	-4.721494e+01	-4.641723e+02
1.172000e-05	-8.869784e-09	-3.844169e-09	-4.729576e+01	-4.648764e+02
1.173000e-05	-8.884653e-09	-3.852071e-09	-4.737505e+01	-4.655684e+02
1.174000e-05	-8.899158e-09	-3.856214e-09	-4.745240e+01	-4.662482e+02
1.175000e-05	-8.913277e-09	-3.859118e-09	-4.752768e+01	-4.669159e+02
1.176000e-05	-8.926989e-09	-3.863815e-09	-4.760080e+01	-4.675715e+02
1.177000e-05	-8.940281e-09	-3.870165e-09	-4.767167e+01	-4.682149e+02
1.178000e-05	-8.953163e-09	-3.877534e-09	-4.774036e+01	-4.688462e+02
1.179000e-05	-8.965684e-09	-3.884052e-09	-4.780713e+01	-4.694652e+02
1.180000e-05	-8.977920e-09	-3.889090e-09	-4.787237e+01	-4.700720e+02
1.181000e-05	-8.989930e-09	-3.894718e-09	-4.793641e+01	-4.706666e+02
1.182000e-05	-9.001745e-09	-3.899793e-09	-4.799942e+01	-4.712489e+02
1.183000e-05	-9.013383e-09	-3.903063e-09	-4.806147e+01	-4.718190e+02
1.184000e-05	-9.024837e-09	-3.905002e-09	-4.812255e+01	-4.723768e+02
1.185000e-05	-9.036100e-09	-3.909695e-09	-4.818260e+01	-4.729223e+02
1.186000e-05	-9.047137e-09	-3.917882e-09	-4.824145e+01	-4.734555e+02
1.187000e-05	-9.057899e-09	-3.925717e-09	-4.829884e+01	-4.739764e+02
1.188000e-05	-9.068380e-09	-3.931958e-09	-4.835473e+01	-4.744849e+02
1.189000e-05	-9.078611e-09	-3.937889e-09	-4.840928e+01	-4.749812e+02
1.190000e-05	-9.088614e-09	-3.944996e-09	-4.846262e+01	-4.754650e+02
1.191000e-05	-9.098400e-09	-3.951549e-09	-4.851480e+01	-4.759365e+02
1.192000e-05	-9.107995e-09	-3.956769e-09	-4.856597e+01	-4.763956e+02
1.193000e-05	-9.117423e-09	-3.960295e-09	-4.861624e+01	-4.768423e+02
1.194000e-05	-9.126646e-09	-3.964665e-09	-4.866542e+01	-4.772766e+02
1.195000e-05	-9.135628e-09	-3.971427e-09	-4.871331e+01	-4.776985e+02
1.196000e-05	-9.144364e-09	-3.978116e-09	-4.875990e+01	-4.781079e+02
1.197000e-05	-9.152826e-09	-3.982604e-09	-4.880501e+01	-4.785049e+02
1.198000e-05	-9.161034e-09	-3.984658e-09	-4.884878e+01	-4.788895e+02
1.199000e-05	-9.169031e-09	-3.987842e-09	-4.889143e+01	-4.792616e+02
1.200000e-05	-9.176843e-09	-3.993771e-09	-4.893308e+01	-4.796212e+02
1.201000e-05	-9.184512e-09	-4.001379e-09	-4.897398e+01	-4.799684e+02
1.202000e-05	-9.192055e-09	-4.007651e-09	-4.901420e+01	-4.803030e+02
1.203000e-05	-9.199467e-09	-4.011362e-09	-4.905372e+01	-4.806252e+02
1.204000e-05	-9.206725e-09	-4.015054e-09	-4.909242e+01	-4.809349e+02
1.205000e-05	-9.213788e-09	-4.019134e-09	-4.913008e+01	-4.812320e+02
1.206000e-05	-9.220623e-09	-4.022821e-09	-4.916653e+01	-4.815166e+02
1.207000e-05	-9.227162e-09	-4.026790e-09	-4.920139e+01	-4.817888e+02
1.208000e-05	-9.233341e-09	-4.032835e-09	-4.923435e+01	-4.820483e+02
1.209000e-05	-9.239145e-09	-4.039721e-09	-4.926529e+01	-4.822953e+02
1.210000e-05	-9.244558e-09	-4.045397e-09	-4.929415e+01	-4.825298e+02
1.211000e-05	-9.249603e-09	-4.048518e-09	-4.932106e+01	-4.827517e+02
1.212000e-05	-9.254273e-09	-4.048924e-09	-4.934596e+01	-4.829611e+02
1.213000e-05	-9.258583e-09	-4.049608e-09	-4.936894e+01	-4.831579e+02
1.214000e-05	-9.262629e-09	-4.052563e-09	-4.939052e+01	-4.833421e+02
1.215000e-05	-9.266472e-09	-4.056852e-09	-4.941101e+01	-4.835138e+02
1.216000e-05	-9.270156e-09	-4.061059e-09	-4.943065e+01	-4.836728e+02
1.217000e-05	-9.273724e-09	-4.063586e-09	-4.944968e+01	-4.838193e+02
1.218000e-05	-9.277175e-09	-4.064479e-09	-4.946808e+01	-4.839532e+02
1.219000e-05	-9.280492e-09	-4.067501e-09	-4.948576e+01	-4.840745e+02
1.220000e-05	-9.283622e-09	-4.071660e-09	-4.950246e+01	-4.841832e+02
1.221000e-05	-9.286528e-09	-4.077044e-09	-4.951795e+01	-4.842794e+02
1.222000e-05	-9.289177e-09	-4.082012e-09	-4.953208e+01	-4.843629e+02
1.223000e-05	-9.291560e-09	-4.084522e-09	-4.954478e+01	-4.844338e+02
1.224000e-05	-9.293694e-09	-4.086717e-09	-4.955616e+01	-4.844921e+02
1.225000e-05	-9.295587e-09	-4.085223e-09	-4.956626e+01	-4.845378e+02
1.226000e-05	-9.297302e-09	-4.081736e-09	-4.957540e+01	-4.845709e+02
1.227000e-05	-9.298877e-09	-4.078738e-09	-4.958380e+01	-4.845914e+02
1.228000e-05	-9.300287e-09	-4.080634e-09	-4.959132e+01	-4.845993e+02
1.229000e-05	-9.301448e-09	-4.087604e-09	-4.959751e+01	-4.845945e+02
1.230000e-05	-9.302251e-09	-4.094775e-09	-4.960179e+01	-4.845772e+02
1.231000e-05	-9.302784e-09	-4.101674e-09	-4.960463e+01	-4.845472e+02
