# Temperatura_=_20.0
# Concentracion g/m^3_=_10000.0
# C_Vs_to_Am_M_A/Vsm_=_116720831517.84952
# pendiente_HvsI_1/m_=_3716.3
# ordenada_HvsI_A/m_=_1297.0
# frecuencia_Hz_=_135693.6672870553
# Promedio de 22 ciclos

Tiempo_(s)	Campo_(V.s)	Magnetizacion_(V.s)	Campo_(kA/m)	Magnetizacion_(A/m)
0.000000e+00	-1.100794e-08	-4.683350e-09	-5.706315e+01	-5.504942e+02
1.000000e-08	-1.100802e-08	-4.686145e-09	-5.706354e+01	-5.503047e+02
2.000000e-08	-1.100759e-08	-4.689502e-09	-5.706130e+01	-5.500751e+02
3.000000e-08	-1.100641e-08	-4.687674e-09	-5.705520e+01	-5.498055e+02
4.000000e-08	-1.100419e-08	-4.684563e-09	-5.704367e+01	-5.494960e+02
5.000000e-08	-1.100094e-08	-4.682968e-09	-5.702686e+01	-5.491465e+02
6.000000e-08	-1.099697e-08	-4.681089e-09	-5.700625e+01	-5.487571e+02
7.000000e-08	-1.099244e-08	-4.685005e-09	-5.698277e+01	-5.483278e+02
8.000000e-08	-1.098728e-08	-4.705806e-09	-5.695602e+01	-5.478587e+02
9.000000e-08	-1.098132e-08	-4.713166e-09	-5.692513e+01	-5.473498e+02
1.000000e-07	-1.097436e-08	-4.634687e-09	-5.688907e+01	-5.468010e+02
1.100000e-07	-1.096609e-08	-4.534438e-09	-5.684620e+01	-5.462125e+02
1.200000e-07	-1.095629e-08	-4.530601e-09	-5.679537e+01	-5.455843e+02
1.300000e-07	-1.094540e-08	-4.676462e-09	-5.673895e+01	-5.449165e+02
1.400000e-07	-1.093434e-08	-4.741052e-09	-5.668161e+01	-5.442091e+02
1.500000e-07	-1.092301e-08	-4.574156e-09	-5.662289e+01	-5.434621e+02
1.600000e-07	-1.091064e-08	-4.560815e-09	-5.655873e+01	-5.426756e+02
1.700000e-07	-1.089724e-08	-4.767103e-09	-5.648928e+01	-5.418496e+02
1.800000e-07	-1.088334e-08	-4.572004e-09	-5.641724e+01	-5.409843e+02
1.900000e-07	-1.086852e-08	-4.238133e-09	-5.634041e+01	-5.400796e+02
2.000000e-07	-1.085228e-08	-4.434130e-09	-5.625623e+01	-5.391357e+02
2.100000e-07	-1.083523e-08	-4.660698e-09	-5.616783e+01	-5.381526e+02
2.200000e-07	-1.081777e-08	-4.452769e-09	-5.607734e+01	-5.371304e+02
2.300000e-07	-1.079954e-08	-4.326436e-09	-5.598283e+01	-5.360691e+02
2.400000e-07	-1.078047e-08	-4.491523e-09	-5.588397e+01	-5.349689e+02
2.500000e-07	-1.076087e-08	-4.426197e-09	-5.578235e+01	-5.338298e+02
2.600000e-07	-1.074065e-08	-4.297241e-09	-5.567757e+01	-5.326519e+02
2.700000e-07	-1.071968e-08	-4.455674e-09	-5.556886e+01	-5.314353e+02
2.800000e-07	-1.069802e-08	-4.491760e-09	-5.545658e+01	-5.301800e+02
2.900000e-07	-1.067557e-08	-4.328206e-09	-5.534017e+01	-5.288862e+02
3.000000e-07	-1.065220e-08	-4.443599e-09	-5.521905e+01	-5.275540e+02
3.100000e-07	-1.062825e-08	-4.526240e-09	-5.509486e+01	-5.261834e+02
3.200000e-07	-1.060380e-08	-4.301402e-09	-5.496812e+01	-5.247746e+02
3.300000e-07	-1.057845e-08	-4.255892e-09	-5.483674e+01	-5.233276e+02
3.400000e-07	-1.055209e-08	-4.424080e-09	-5.470011e+01	-5.218426e+02
3.500000e-07	-1.052492e-08	-4.367527e-09	-5.455927e+01	-5.203197e+02
3.600000e-07	-1.049698e-08	-4.320589e-09	-5.441442e+01	-5.187589e+02
3.700000e-07	-1.046840e-08	-4.402428e-09	-5.426627e+01	-5.171604e+02
3.800000e-07	-1.043924e-08	-4.345338e-09	-5.411508e+01	-5.155244e+02
3.900000e-07	-1.040929e-08	-4.281579e-09	-5.395983e+01	-5.138509e+02
4.000000e-07	-1.037850e-08	-4.315146e-09	-5.380025e+01	-5.121400e+02
4.100000e-07	-1.034701e-08	-4.254918e-09	-5.363701e+01	-5.103919e+02
4.200000e-07	-1.031490e-08	-4.211880e-09	-5.347055e+01	-5.086067e+02
4.300000e-07	-1.028214e-08	-4.283991e-09	-5.330070e+01	-5.067845e+02
4.400000e-07	-1.024860e-08	-4.278825e-09	-5.312688e+01	-5.049255e+02
4.500000e-07	-1.021412e-08	-4.242381e-09	-5.294812e+01	-5.030298e+02
4.600000e-07	-1.017867e-08	-4.238936e-09	-5.276435e+01	-5.010975e+02
4.700000e-07	-1.014251e-08	-4.200381e-09	-5.257689e+01	-4.991288e+02
4.800000e-07	-1.010577e-08	-4.171891e-09	-5.238648e+01	-4.971239e+02
4.900000e-07	-1.006842e-08	-4.187354e-09	-5.219284e+01	-4.950828e+02
5.000000e-07	-1.003035e-08	-4.156699e-09	-5.199550e+01	-4.930057e+02
5.100000e-07	-9.991542e-09	-4.152081e-09	-5.179431e+01	-4.908928e+02
5.200000e-07	-9.952060e-09	-4.165601e-09	-5.158965e+01	-4.887442e+02
5.300000e-07	-9.911980e-09	-4.132022e-09	-5.138188e+01	-4.865600e+02
5.400000e-07	-9.871263e-09	-4.094812e-09	-5.117081e+01	-4.843405e+02
5.500000e-07	-9.829738e-09	-4.097900e-09	-5.095555e+01	-4.820858e+02
5.600000e-07	-9.787246e-09	-4.074516e-09	-5.073528e+01	-4.797961e+02
5.700000e-07	-9.743769e-09	-4.054473e-09	-5.050991e+01	-4.774715e+02
5.800000e-07	-9.699522e-09	-4.045959e-09	-5.028054e+01	-4.751121e+02
5.900000e-07	-9.654688e-09	-4.025664e-09	-5.004813e+01	-4.727183e+02
6.000000e-07	-9.609277e-09	-4.001628e-09	-4.981272e+01	-4.702901e+02
6.100000e-07	-9.563227e-09	-3.989758e-09	-4.957401e+01	-4.678277e+02
6.200000e-07	-9.516499e-09	-3.960431e-09	-4.933178e+01	-4.653313e+02
6.300000e-07	-9.469120e-09	-3.936134e-09	-4.908618e+01	-4.628010e+02
6.400000e-07	-9.421104e-09	-3.927899e-09	-4.883727e+01	-4.602372e+02
6.500000e-07	-9.372336e-09	-3.914417e-09	-4.858447e+01	-4.576399e+02
6.600000e-07	-9.322694e-09	-3.889779e-09	-4.832713e+01	-4.550093e+02
6.700000e-07	-9.272117e-09	-3.866254e-09	-4.806495e+01	-4.523456e+02
6.800000e-07	-9.220607e-09	-3.842397e-09	-4.779793e+01	-4.496491e+02
6.900000e-07	-9.168250e-09	-3.824343e-09	-4.752652e+01	-4.469199e+02
7.000000e-07	-9.115156e-09	-3.808733e-09	-4.725130e+01	-4.441582e+02
7.100000e-07	-9.061379e-09	-3.783604e-09	-4.697253e+01	-4.413642e+02
7.200000e-07	-9.006946e-09	-3.759591e-09	-4.669036e+01	-4.385381e+02
7.300000e-07	-8.951946e-09	-3.739724e-09	-4.640525e+01	-4.356802e+02
7.400000e-07	-8.896420e-09	-3.718829e-09	-4.611741e+01	-4.327906e+02
7.500000e-07	-8.840365e-09	-3.694186e-09	-4.582683e+01	-4.298695e+02
7.600000e-07	-8.783745e-09	-3.673072e-09	-4.553332e+01	-4.269172e+02
7.700000e-07	-8.726472e-09	-3.649217e-09	-4.523643e+01	-4.239338e+02
7.800000e-07	-8.668462e-09	-3.627092e-09	-4.493572e+01	-4.209197e+02
7.900000e-07	-8.609649e-09	-3.601904e-09	-4.463084e+01	-4.178749e+02
8.000000e-07	-8.550080e-09	-3.578635e-09	-4.432205e+01	-4.147998e+02
8.100000e-07	-8.489871e-09	-3.553579e-09	-4.400994e+01	-4.116945e+02
8.200000e-07	-8.429080e-09	-3.530018e-09	-4.369480e+01	-4.085593e+02
8.300000e-07	-8.367728e-09	-3.505428e-09	-4.337677e+01	-4.053944e+02
8.400000e-07	-8.305788e-09	-3.485235e-09	-4.305568e+01	-4.022000e+02
8.500000e-07	-8.243277e-09	-3.458779e-09	-4.273163e+01	-3.989764e+02
8.600000e-07	-8.180223e-09	-3.429174e-09	-4.240478e+01	-3.957238e+02
8.700000e-07	-8.116654e-09	-3.398032e-09	-4.207525e+01	-3.924425e+02
8.800000e-07	-8.052570e-09	-3.373728e-09	-4.174304e+01	-3.891326e+02
8.900000e-07	-7.987955e-09	-3.350587e-09	-4.140809e+01	-3.857944e+02
9.000000e-07	-7.922796e-09	-3.327691e-09	-4.107032e+01	-3.824282e+02
9.100000e-07	-7.857026e-09	-3.299613e-09	-4.072938e+01	-3.790342e+02
9.200000e-07	-7.790584e-09	-3.270798e-09	-4.038496e+01	-3.756126e+02
9.300000e-07	-7.723469e-09	-3.241117e-09	-4.003705e+01	-3.721637e+02
9.400000e-07	-7.655738e-09	-3.213051e-09	-3.968594e+01	-3.686878e+02
9.500000e-07	-7.587449e-09	-3.185036e-09	-3.933195e+01	-3.651851e+02
9.600000e-07	-7.518665e-09	-3.157702e-09	-3.897538e+01	-3.616558e+02
9.700000e-07	-7.449412e-09	-3.131808e-09	-3.861639e+01	-3.581003e+02
9.800000e-07	-7.379655e-09	-3.106882e-09	-3.825478e+01	-3.545187e+02
9.900000e-07	-7.309371e-09	-3.078862e-09	-3.789044e+01	-3.509113e+02
1.000000e-06	-7.238598e-09	-3.046567e-09	-3.752357e+01	-3.472785e+02
1.010000e-06	-7.167377e-09	-3.012603e-09	-3.715437e+01	-3.436204e+02
1.020000e-06	-7.095703e-09	-2.979889e-09	-3.678282e+01	-3.399373e+02
1.030000e-06	-7.023554e-09	-2.951104e-09	-3.640881e+01	-3.362295e+02
1.040000e-06	-6.950898e-09	-2.924676e-09	-3.603218e+01	-3.324973e+02
1.050000e-06	-6.877710e-09	-2.896378e-09	-3.565279e+01	-3.287409e+02
1.060000e-06	-6.803965e-09	-2.862718e-09	-3.527051e+01	-3.249606e+02
1.070000e-06	-6.729581e-09	-2.831377e-09	-3.488492e+01	-3.211567e+02
1.080000e-06	-6.654542e-09	-2.802634e-09	-3.449593e+01	-3.173295e+02
1.090000e-06	-6.578871e-09	-2.775398e-09	-3.410366e+01	-3.134792e+02
1.100000e-06	-6.502600e-09	-2.745562e-09	-3.370829e+01	-3.096061e+02
1.110000e-06	-6.425813e-09	-2.716828e-09	-3.331024e+01	-3.057105e+02
1.120000e-06	-6.348535e-09	-2.685767e-09	-3.290965e+01	-3.017926e+02
1.130000e-06	-6.270772e-09	-2.651791e-09	-3.250654e+01	-2.978529e+02
1.140000e-06	-6.192515e-09	-2.612592e-09	-3.210087e+01	-2.938915e+02
1.150000e-06	-6.113752e-09	-2.574441e-09	-3.169258e+01	-2.899087e+02
1.160000e-06	-6.034518e-09	-2.544761e-09	-3.128185e+01	-2.859049e+02
1.170000e-06	-5.954856e-09	-2.524149e-09	-3.086889e+01	-2.818802e+02
1.180000e-06	-5.874752e-09	-2.504715e-09	-3.045365e+01	-2.778351e+02
1.190000e-06	-5.794172e-09	-2.477889e-09	-3.003594e+01	-2.737698e+02
1.200000e-06	-5.713118e-09	-2.439613e-09	-2.961577e+01	-2.696846e+02
1.210000e-06	-5.631591e-09	-2.394938e-09	-2.919315e+01	-2.655798e+02
1.220000e-06	-5.549600e-09	-2.348478e-09	-2.876812e+01	-2.614556e+02
1.230000e-06	-5.467209e-09	-2.308215e-09	-2.834102e+01	-2.573125e+02
1.240000e-06	-5.384473e-09	-2.275273e-09	-2.791213e+01	-2.531507e+02
1.250000e-06	-5.301439e-09	-2.250789e-09	-2.748170e+01	-2.489705e+02
1.260000e-06	-5.218138e-09	-2.230715e-09	-2.704988e+01	-2.447721e+02
1.270000e-06	-5.134519e-09	-2.207751e-09	-2.661641e+01	-2.405560e+02
1.280000e-06	-5.050581e-09	-2.175863e-09	-2.618129e+01	-2.363224e+02
1.290000e-06	-4.966340e-09	-2.134405e-09	-2.574460e+01	-2.320716e+02
1.300000e-06	-4.881789e-09	-2.091150e-09	-2.530630e+01	-2.278040e+02
1.310000e-06	-4.796967e-09	-2.050363e-09	-2.486660e+01	-2.235198e+02
1.320000e-06	-4.711896e-09	-2.013483e-09	-2.442561e+01	-2.192193e+02
1.330000e-06	-4.626546e-09	-1.982281e-09	-2.398317e+01	-2.149029e+02
1.340000e-06	-4.540899e-09	-1.954037e-09	-2.353919e+01	-2.105709e+02
1.350000e-06	-4.454937e-09	-1.926704e-09	-2.309358e+01	-2.062236e+02
1.360000e-06	-4.368642e-09	-1.898538e-09	-2.264624e+01	-2.018613e+02
1.370000e-06	-4.282035e-09	-1.867736e-09	-2.219729e+01	-1.974843e+02
1.380000e-06	-4.195143e-09	-1.830981e-09	-2.174686e+01	-1.930930e+02
1.390000e-06	-4.108004e-09	-1.787585e-09	-2.129514e+01	-1.886876e+02
1.400000e-06	-4.020621e-09	-1.743900e-09	-2.084217e+01	-1.842685e+02
1.410000e-06	-3.933001e-09	-1.703232e-09	-2.038796e+01	-1.798360e+02
1.420000e-06	-3.845147e-09	-1.668725e-09	-1.993254e+01	-1.753905e+02
1.430000e-06	-3.757021e-09	-1.637706e-09	-1.947571e+01	-1.709322e+02
1.440000e-06	-3.668615e-09	-1.606956e-09	-1.901743e+01	-1.664615e+02
1.450000e-06	-3.579920e-09	-1.574559e-09	-1.855765e+01	-1.619786e+02
1.460000e-06	-3.490949e-09	-1.540072e-09	-1.809644e+01	-1.574840e+02
1.470000e-06	-3.401724e-09	-1.501228e-09	-1.763392e+01	-1.529780e+02
1.480000e-06	-3.312250e-09	-1.455376e-09	-1.717010e+01	-1.484608e+02
1.490000e-06	-3.222543e-09	-1.406284e-09	-1.670508e+01	-1.439329e+02
1.500000e-06	-3.132591e-09	-1.362813e-09	-1.623878e+01	-1.393944e+02
1.510000e-06	-3.042375e-09	-1.327811e-09	-1.577112e+01	-1.348459e+02
1.520000e-06	-2.951938e-09	-1.296302e-09	-1.530231e+01	-1.302875e+02
1.530000e-06	-2.861311e-09	-1.260578e-09	-1.483252e+01	-1.257197e+02
1.540000e-06	-2.770493e-09	-1.219924e-09	-1.436174e+01	-1.211427e+02
1.550000e-06	-2.679471e-09	-1.180753e-09	-1.388990e+01	-1.165570e+02
1.560000e-06	-2.588238e-09	-1.145994e-09	-1.341696e+01	-1.119627e+02
1.570000e-06	-2.496811e-09	-1.109043e-09	-1.294302e+01	-1.073603e+02
1.580000e-06	-2.405183e-09	-1.067334e-09	-1.246804e+01	-1.027502e+02
1.590000e-06	-2.313362e-09	-1.023366e-09	-1.199205e+01	-9.813250e+01
1.600000e-06	-2.221348e-09	-9.811690e-10	-1.151507e+01	-9.350770e+01
1.610000e-06	-2.129149e-09	-9.416531e-10	-1.103713e+01	-8.887612e+01
1.620000e-06	-2.036781e-09	-9.025455e-10	-1.055831e+01	-8.423807e+01
1.630000e-06	-1.944231e-09	-8.617016e-10	-1.007854e+01	-7.959390e+01
1.640000e-06	-1.851526e-09	-8.206166e-10	-9.597979e+00	-7.494394e+01
1.650000e-06	-1.758679e-09	-7.800455e-10	-9.116676e+00	-7.028853e+01
1.660000e-06	-1.665704e-09	-7.385775e-10	-8.634711e+00	-6.562801e+01
1.670000e-06	-1.572633e-09	-6.955997e-10	-8.152250e+00	-6.096273e+01
1.680000e-06	-1.479490e-09	-6.528948e-10	-7.669412e+00	-5.629301e+01
1.690000e-06	-1.386288e-09	-6.112231e-10	-7.186267e+00	-5.161920e+01
1.700000e-06	-1.293031e-09	-5.696602e-10	-6.702839e+00	-4.694163e+01
1.710000e-06	-1.199721e-09	-5.267721e-10	-6.219137e+00	-4.226066e+01
1.720000e-06	-1.106334e-09	-4.830783e-10	-5.735039e+00	-3.757661e+01
1.730000e-06	-1.012865e-09	-4.406901e-10	-5.250512e+00	-3.288982e+01
1.740000e-06	-9.193470e-10	-4.007481e-10	-4.765731e+00	-2.820065e+01
1.750000e-06	-8.257708e-10	-3.605929e-10	-4.280649e+00	-2.350943e+01
1.760000e-06	-7.321196e-10	-3.184420e-10	-3.795178e+00	-1.881649e+01
1.770000e-06	-6.384152e-10	-2.752842e-10	-3.309432e+00	-1.412219e+01
1.780000e-06	-5.446611e-10	-2.304218e-10	-2.823428e+00	-9.426864e+00
1.790000e-06	-4.508817e-10	-1.860750e-10	-2.337293e+00	-4.730848e+00
1.800000e-06	-3.570774e-10	-1.430538e-10	-1.851029e+00	-3.448856e-02
1.810000e-06	-2.632379e-10	-1.010470e-10	-1.364582e+00	4.661875e+00
1.820000e-06	-1.693988e-10	-6.077818e-11	-8.781379e-01	9.357900e+00
1.830000e-06	-7.558800e-11	-2.098307e-11	-3.918400e-01	1.405325e+01
1.840000e-06	1.819231e-11	2.124493e-11	9.429960e-02	1.874757e+01
1.850000e-06	1.119614e-10	6.615473e-11	5.803809e-01	2.344053e+01
1.860000e-06	2.057189e-10	1.124136e-10	1.066403e+00	2.813180e+01
1.870000e-06	2.994563e-10	1.570504e-10	1.552320e+00	3.282101e+01
1.880000e-06	3.931846e-10	2.001696e-10	2.038190e+00	3.750784e+01
1.890000e-06	4.869079e-10	2.424561e-10	2.524035e+00	4.219195e+01
1.900000e-06	5.806035e-10	2.852491e-10	3.009736e+00	4.687299e+01
1.910000e-06	6.742638e-10	3.274553e-10	3.495254e+00	5.155063e+01
1.920000e-06	7.679051e-10	3.700490e-10	3.980673e+00	5.622452e+01
1.930000e-06	8.615004e-10	4.142222e-10	4.465854e+00	6.089432e+01
1.940000e-06	9.550260e-10	4.595276e-10	4.950673e+00	6.555970e+01
1.950000e-06	1.048480e-09	5.038484e-10	5.435120e+00	7.022031e+01
1.960000e-06	1.141852e-09	5.449198e-10	5.919145e+00	7.487582e+01
1.970000e-06	1.235136e-09	5.848300e-10	6.402715e+00	7.952589e+01
1.980000e-06	1.328336e-09	6.257090e-10	6.885844e+00	8.417018e+01
1.990000e-06	1.421416e-09	6.679140e-10	7.368354e+00	8.880835e+01
2.000000e-06	1.514384e-09	7.116419e-10	7.850283e+00	9.344007e+01
2.010000e-06	1.607282e-09	7.546256e-10	8.331853e+00	9.806500e+01
2.020000e-06	1.700096e-09	7.965250e-10	8.812981e+00	1.026828e+02
2.030000e-06	1.792807e-09	8.379812e-10	9.293579e+00	1.072931e+02
2.040000e-06	1.885410e-09	8.787952e-10	9.773616e+00	1.118957e+02
2.050000e-06	1.977887e-09	9.187280e-10	1.025300e+01	1.164901e+02
2.060000e-06	2.070197e-09	9.567952e-10	1.073152e+01	1.210760e+02
2.070000e-06	2.162337e-09	9.953446e-10	1.120916e+01	1.256532e+02
2.080000e-06	2.254307e-09	1.036922e-09	1.168591e+01	1.302212e+02
2.090000e-06	2.346074e-09	1.080661e-09	1.216162e+01	1.347797e+02
2.100000e-06	2.437593e-09	1.122702e-09	1.263604e+01	1.393285e+02
2.110000e-06	2.528866e-09	1.161995e-09	1.310917e+01	1.438671e+02
2.120000e-06	2.619889e-09	1.201553e-09	1.358102e+01	1.483953e+02
2.130000e-06	2.710658e-09	1.243947e-09	1.405155e+01	1.529127e+02
2.140000e-06	2.801223e-09	1.287943e-09	1.452102e+01	1.574189e+02
2.150000e-06	2.891596e-09	1.331193e-09	1.498950e+01	1.619138e+02
2.160000e-06	2.981793e-09	1.371278e-09	1.545706e+01	1.663968e+02
2.170000e-06	3.071813e-09	1.408397e-09	1.592371e+01	1.708678e+02
2.180000e-06	3.161637e-09	1.446792e-09	1.638934e+01	1.753263e+02
2.190000e-06	3.251253e-09	1.488956e-09	1.685389e+01	1.797721e+02
2.200000e-06	3.340615e-09	1.530819e-09	1.731713e+01	1.842049e+02
2.210000e-06	3.429716e-09	1.570019e-09	1.777901e+01	1.886242e+02
2.220000e-06	3.518540e-09	1.609183e-09	1.823946e+01	1.930299e+02
2.230000e-06	3.607041e-09	1.650349e-09	1.869823e+01	1.974215e+02
2.240000e-06	3.695211e-09	1.691597e-09	1.915529e+01	2.017988e+02
2.250000e-06	3.783077e-09	1.729621e-09	1.961077e+01	2.061614e+02
2.260000e-06	3.870658e-09	1.764207e-09	2.006477e+01	2.105090e+02
2.270000e-06	3.957979e-09	1.800411e-09	2.051743e+01	2.148413e+02
2.280000e-06	4.045072e-09	1.840183e-09	2.096890e+01	2.191580e+02
2.290000e-06	4.131913e-09	1.881243e-09	2.141907e+01	2.234588e+02
2.300000e-06	4.218502e-09	1.921702e-09	2.186793e+01	2.277433e+02
2.310000e-06	4.304822e-09	1.960798e-09	2.231540e+01	2.320113e+02
2.320000e-06	4.390867e-09	1.999834e-09	2.276144e+01	2.362624e+02
2.330000e-06	4.476643e-09	2.039394e-09	2.320609e+01	2.404963e+02
2.340000e-06	4.562133e-09	2.077090e-09	2.364925e+01	2.447128e+02
2.350000e-06	4.647346e-09	2.111515e-09	2.409098e+01	2.489115e+02
2.360000e-06	4.732290e-09	2.146860e-09	2.453132e+01	2.530921e+02
2.370000e-06	4.816937e-09	2.184618e-09	2.497011e+01	2.572543e+02
2.380000e-06	4.901240e-09	2.225827e-09	2.540712e+01	2.613978e+02
2.390000e-06	4.985182e-09	2.267946e-09	2.584227e+01	2.655223e+02
2.400000e-06	5.068769e-09	2.305612e-09	2.627557e+01	2.696275e+02
2.410000e-06	5.152028e-09	2.339428e-09	2.670717e+01	2.737131e+02
2.420000e-06	5.234977e-09	2.372625e-09	2.713715e+01	2.777788e+02
2.430000e-06	5.317619e-09	2.407484e-09	2.756556e+01	2.818243e+02
2.440000e-06	5.399950e-09	2.443453e-09	2.799235e+01	2.858493e+02
2.450000e-06	5.481935e-09	2.479432e-09	2.841734e+01	2.898536e+02
2.460000e-06	5.563546e-09	2.516450e-09	2.884040e+01	2.938368e+02
2.470000e-06	5.644742e-09	2.554504e-09	2.926130e+01	2.977986e+02
2.480000e-06	5.725451e-09	2.592324e-09	2.967968e+01	3.017388e+02
2.490000e-06	5.805690e-09	2.627701e-09	3.009563e+01	3.056571e+02
2.500000e-06	5.885502e-09	2.660552e-09	3.050936e+01	3.095531e+02
2.510000e-06	5.964860e-09	2.694691e-09	3.092074e+01	3.134267e+02
2.520000e-06	6.043758e-09	2.732125e-09	3.132973e+01	3.172774e+02
2.530000e-06	6.122162e-09	2.772115e-09	3.173616e+01	3.211051e+02
2.540000e-06	6.200060e-09	2.809746e-09	3.213997e+01	3.249095e+02
2.550000e-06	6.277494e-09	2.843100e-09	3.254137e+01	3.286902e+02
2.560000e-06	6.354498e-09	2.875020e-09	3.294055e+01	3.324471e+02
2.570000e-06	6.431062e-09	2.906929e-09	3.333744e+01	3.361798e+02
2.580000e-06	6.507120e-09	2.938067e-09	3.373171e+01	3.398881e+02
2.590000e-06	6.582580e-09	2.969484e-09	3.412288e+01	3.435716e+02
2.600000e-06	6.657438e-09	3.003448e-09	3.451093e+01	3.472302e+02
2.610000e-06	6.731751e-09	3.040197e-09	3.489615e+01	3.508636e+02
2.620000e-06	6.805504e-09	3.077723e-09	3.527847e+01	3.544714e+02
2.630000e-06	6.878680e-09	3.112840e-09	3.565780e+01	3.580535e+02
2.640000e-06	6.951282e-09	3.144571e-09	3.603416e+01	3.616096e+02
2.650000e-06	7.023341e-09	3.175638e-09	3.640770e+01	3.651394e+02
2.660000e-06	7.094904e-09	3.207704e-09	3.677867e+01	3.686426e+02
2.670000e-06	7.166000e-09	3.238722e-09	3.714722e+01	3.721191e+02
2.680000e-06	7.236638e-09	3.268439e-09	3.751340e+01	3.755685e+02
2.690000e-06	7.306753e-09	3.298388e-09	3.787686e+01	3.789906e+02
2.700000e-06	7.376360e-09	3.329776e-09	3.823769e+01	3.823851e+02
2.710000e-06	7.445521e-09	3.361250e-09	3.859620e+01	3.857519e+02
2.720000e-06	7.514260e-09	3.392034e-09	3.895254e+01	3.890906e+02
2.730000e-06	7.582532e-09	3.422735e-09	3.930645e+01	3.924011e+02
2.740000e-06	7.650239e-09	3.453267e-09	3.965743e+01	3.956830e+02
2.750000e-06	7.717334e-09	3.484571e-09	4.000524e+01	3.989362e+02
2.760000e-06	7.783779e-09	3.516227e-09	4.034967e+01	4.021604e+02
2.770000e-06	7.849578e-09	3.547740e-09	4.069076e+01	4.053553e+02
2.780000e-06	7.914743e-09	3.577423e-09	4.102856e+01	4.085208e+02
2.790000e-06	7.979287e-09	3.604895e-09	4.136315e+01	4.116566e+02
2.800000e-06	8.043265e-09	3.633004e-09	4.169480e+01	4.147625e+02
2.810000e-06	8.106735e-09	3.662853e-09	4.202382e+01	4.178382e+02
2.820000e-06	8.169714e-09	3.693336e-09	4.235029e+01	4.208835e+02
2.830000e-06	8.232165e-09	3.722892e-09	4.267402e+01	4.238983e+02
2.840000e-06	8.294076e-09	3.750908e-09	4.299496e+01	4.268823e+02
2.850000e-06	8.355478e-09	3.778297e-09	4.331325e+01	4.298352e+02
2.860000e-06	8.416399e-09	3.806693e-09	4.362906e+01	4.327569e+02
2.870000e-06	8.476832e-09	3.835509e-09	4.394233e+01	4.356471e+02
2.880000e-06	8.536708e-09	3.862741e-09	4.425272e+01	4.385057e+02
2.890000e-06	8.595886e-09	3.887858e-09	4.455948e+01	4.413324e+02
2.900000e-06	8.654273e-09	3.913678e-09	4.486215e+01	4.441270e+02
2.910000e-06	8.711894e-09	3.942085e-09	4.516085e+01	4.468894e+02
2.920000e-06	8.768795e-09	3.971883e-09	4.545581e+01	4.496192e+02
2.930000e-06	8.825046e-09	4.000875e-09	4.574741e+01	4.523164e+02
2.940000e-06	8.880705e-09	4.027971e-09	4.603594e+01	4.549807e+02
2.950000e-06	8.935798e-09	4.053294e-09	4.632153e+01	4.576119e+02
2.960000e-06	8.990295e-09	4.077504e-09	4.660403e+01	4.602099e+02
2.970000e-06	9.044171e-09	4.100821e-09	4.688332e+01	4.627744e+02
2.980000e-06	9.097442e-09	4.123050e-09	4.715946e+01	4.653053e+02
2.990000e-06	9.150067e-09	4.145590e-09	4.743226e+01	4.678024e+02
3.000000e-06	9.201939e-09	4.168477e-09	4.770115e+01	4.702655e+02
3.010000e-06	9.252927e-09	4.191435e-09	4.796547e+01	4.726944e+02
3.020000e-06	9.302987e-09	4.214891e-09	4.822497e+01	4.750889e+02
3.030000e-06	9.352179e-09	4.238597e-09	4.847997e+01	4.774489e+02
3.040000e-06	9.400617e-09	4.262606e-09	4.873106e+01	4.797742e+02
3.050000e-06	9.448404e-09	4.287145e-09	4.897878e+01	4.820646e+02
3.060000e-06	9.495558e-09	4.309709e-09	4.922322e+01	4.843200e+02
3.070000e-06	9.542062e-09	4.327650e-09	4.946429e+01	4.865402e+02
3.080000e-06	9.587870e-09	4.343394e-09	4.970175e+01	4.887251e+02
3.090000e-06	9.633010e-09	4.360380e-09	4.993574e+01	4.908744e+02
3.100000e-06	9.677606e-09	4.381094e-09	5.016692e+01	4.929880e+02
3.110000e-06	9.721702e-09	4.402037e-09	5.039551e+01	4.950658e+02
3.120000e-06	9.765174e-09	4.421289e-09	5.062086e+01	4.971076e+02
3.130000e-06	9.807791e-09	4.440074e-09	5.084178e+01	4.991133e+02
3.140000e-06	9.849486e-09	4.460699e-09	5.105791e+01	5.010827e+02
3.150000e-06	9.890351e-09	4.484498e-09	5.126975e+01	5.030157e+02
3.160000e-06	9.930527e-09	4.506000e-09	5.147802e+01	5.049121e+02
3.170000e-06	9.970094e-09	4.522499e-09	5.168312e+01	5.067718e+02
3.180000e-06	1.000900e-08	4.535865e-09	5.188481e+01	5.085947e+02
3.190000e-06	1.004720e-08	4.549748e-09	5.208283e+01	5.103807e+02
3.200000e-06	1.008468e-08	4.567065e-09	5.227713e+01	5.121295e+02
3.210000e-06	1.012150e-08	4.586174e-09	5.246801e+01	5.138411e+02
3.220000e-06	1.015778e-08	4.605145e-09	5.265607e+01	5.155154e+02
3.230000e-06	1.019348e-08	4.623979e-09	5.284110e+01	5.171522e+02
3.240000e-06	1.022837e-08	4.641392e-09	5.302196e+01	5.187514e+02
3.250000e-06	1.026226e-08	4.656484e-09	5.319766e+01	5.203129e+02
3.260000e-06	1.029525e-08	4.665020e-09	5.336867e+01	5.218365e+02
3.270000e-06	1.032756e-08	4.670955e-09	5.353617e+01	5.233223e+02
3.280000e-06	1.035925e-08	4.679609e-09	5.370042e+01	5.247700e+02
3.290000e-06	1.039027e-08	4.695063e-09	5.386125e+01	5.261796e+02
3.300000e-06	1.042060e-08	4.716455e-09	5.401844e+01	5.275509e+02
3.310000e-06	1.045017e-08	4.735786e-09	5.417173e+01	5.288839e+02
3.320000e-06	1.047904e-08	4.750470e-09	5.432139e+01	5.301785e+02
3.330000e-06	1.050734e-08	4.761518e-09	5.446811e+01	5.314345e+02
3.340000e-06	1.053503e-08	4.771613e-09	5.461165e+01	5.326519e+02
3.350000e-06	1.056184e-08	4.781017e-09	5.475064e+01	5.338305e+02
3.360000e-06	1.058758e-08	4.788857e-09	5.488404e+01	5.349704e+02
3.370000e-06	1.061237e-08	4.797890e-09	5.501255e+01	5.360714e+02
3.380000e-06	1.063646e-08	4.809097e-09	5.513744e+01	5.371334e+02
3.390000e-06	1.065986e-08	4.821371e-09	5.525875e+01	5.381564e+02
3.400000e-06	1.068256e-08	4.833033e-09	5.537641e+01	5.391403e+02
3.410000e-06	1.070455e-08	4.841377e-09	5.549041e+01	5.400850e+02
3.420000e-06	1.072580e-08	4.847936e-09	5.560058e+01	5.409904e+02
3.430000e-06	1.074641e-08	4.855527e-09	5.570743e+01	5.418565e+02
3.440000e-06	1.076647e-08	4.865238e-09	5.581138e+01	5.426833e+02
3.450000e-06	1.078585e-08	4.872995e-09	5.591184e+01	5.434705e+02
3.460000e-06	1.080442e-08	4.875714e-09	5.600812e+01	5.442183e+02
3.470000e-06	1.082221e-08	4.875773e-09	5.610033e+01	5.449266e+02
3.480000e-06	1.083928e-08	4.878220e-09	5.618883e+01	5.455952e+02
3.490000e-06	1.085553e-08	4.884476e-09	5.627305e+01	5.462241e+02
3.500000e-06	1.087081e-08	4.891820e-09	5.635227e+01	5.468134e+02
3.510000e-06	1.088522e-08	4.898552e-09	5.642695e+01	5.473629e+02
3.520000e-06	1.089881e-08	4.905707e-09	5.649741e+01	5.478727e+02
3.530000e-06	1.091161e-08	4.912403e-09	5.656378e+01	5.483426e+02
3.540000e-06	1.092368e-08	4.917705e-09	5.662632e+01	5.487726e+02
3.550000e-06	1.093485e-08	4.920347e-09	5.668424e+01	5.491628e+02
3.560000e-06	1.094486e-08	4.919128e-09	5.673615e+01	5.495131e+02
3.570000e-06	1.095383e-08	4.916572e-09	5.678264e+01	5.498234e+02
3.580000e-06	1.096209e-08	4.917105e-09	5.682543e+01	5.500937e+02
3.590000e-06	1.096969e-08	4.921310e-09	5.686483e+01	5.503241e+02
3.600000e-06	1.097655e-08	4.926258e-09	5.690039e+01	5.505145e+02
3.610000e-06	1.098262e-08	4.930237e-09	5.693188e+01	5.506649e+02
3.620000e-06	1.098789e-08	4.933301e-09	5.695920e+01	5.507752e+02
3.630000e-06	1.099250e-08	4.935515e-09	5.698309e+01	5.508455e+02
3.640000e-06	1.099657e-08	4.936680e-09	5.700418e+01	5.508758e+02
3.650000e-06	1.099988e-08	4.935303e-09	5.702134e+01	5.508660e+02
3.660000e-06	1.100212e-08	4.930689e-09	5.703297e+01	5.508162e+02
3.670000e-06	1.100331e-08	4.925681e-09	5.703913e+01	5.507264e+02
3.680000e-06	1.100376e-08	4.922354e-09	5.704147e+01	5.505965e+02
3.690000e-06	1.100361e-08	4.923020e-09	5.704069e+01	5.504266e+02
3.700000e-06	1.100275e-08	4.921982e-09	5.703620e+01	5.502167e+02
3.710000e-06	1.100115e-08	4.918833e-09	5.702796e+01	5.499668e+02
3.720000e-06	1.099888e-08	4.916068e-09	5.701615e+01	5.496770e+02
3.730000e-06	1.099590e-08	4.910637e-09	5.700072e+01	5.493471e+02
3.740000e-06	1.099234e-08	4.908910e-09	5.698227e+01	5.489774e+02
3.750000e-06	1.098829e-08	4.900911e-09	5.696129e+01	5.485678e+02
3.760000e-06	1.098356e-08	4.860505e-09	5.693675e+01	5.481183e+02
3.770000e-06	1.097786e-08	4.841922e-09	5.690722e+01	5.476289e+02
3.780000e-06	1.097107e-08	4.942125e-09	5.687201e+01	5.470998e+02
3.790000e-06	1.096303e-08	5.025185e-09	5.683033e+01	5.465308e+02
3.800000e-06	1.095349e-08	4.931303e-09	5.678088e+01	5.459222e+02
3.810000e-06	1.094278e-08	4.722141e-09	5.672534e+01	5.452739e+02
3.820000e-06	1.093191e-08	4.761955e-09	5.666902e+01	5.445859e+02
3.830000e-06	1.092118e-08	4.974122e-09	5.661339e+01	5.438584e+02
3.840000e-06	1.090951e-08	4.832022e-09	5.655288e+01	5.430913e+02
3.850000e-06	1.089625e-08	4.548468e-09	5.648413e+01	5.422848e+02
3.860000e-06	1.088227e-08	4.667679e-09	5.641167e+01	5.414388e+02
3.870000e-06	1.086802e-08	4.791370e-09	5.633780e+01	5.405535e+02
3.880000e-06	1.085267e-08	4.433817e-09	5.625824e+01	5.396289e+02
3.890000e-06	1.083619e-08	4.293141e-09	5.617280e+01	5.386651e+02
3.900000e-06	1.081931e-08	4.640771e-09	5.608532e+01	5.376621e+02
3.910000e-06	1.080188e-08	4.640077e-09	5.599497e+01	5.366201e+02
3.920000e-06	1.078343e-08	4.307793e-09	5.589931e+01	5.355390e+02
3.930000e-06	1.076429e-08	4.406553e-09	5.580007e+01	5.344191e+02
3.940000e-06	1.074464e-08	4.563015e-09	5.569825e+01	5.332603e+02
3.950000e-06	1.072386e-08	4.269819e-09	5.559053e+01	5.320627e+02
3.960000e-06	1.070187e-08	4.196693e-09	5.547654e+01	5.308264e+02
3.970000e-06	1.067918e-08	4.454255e-09	5.535890e+01	5.295516e+02
3.980000e-06	1.065580e-08	4.312276e-09	5.523768e+01	5.282383e+02
3.990000e-06	1.063168e-08	4.205923e-09	5.511266e+01	5.268866e+02
4.000000e-06	1.060704e-08	4.502209e-09	5.498496e+01	5.254966e+02
4.010000e-06	1.058173e-08	4.539167e-09	5.485375e+01	5.240684e+02
4.020000e-06	1.055547e-08	4.316401e-09	5.471763e+01	5.226021e+02
4.030000e-06	1.052850e-08	4.385127e-09	5.457779e+01	5.210978e+02
4.040000e-06	1.050099e-08	4.399688e-09	5.443522e+01	5.195556e+02
4.050000e-06	1.047282e-08	4.274579e-09	5.428915e+01	5.179757e+02
4.060000e-06	1.044387e-08	4.382686e-09	5.413911e+01	5.163582e+02
4.070000e-06	1.041403e-08	4.423453e-09	5.398440e+01	5.147031e+02
4.080000e-06	1.038314e-08	4.298360e-09	5.382431e+01	5.130106e+02
4.090000e-06	1.035144e-08	4.329460e-09	5.365994e+01	5.112808e+02
4.100000e-06	1.031902e-08	4.345320e-09	5.349187e+01	5.095138e+02
4.110000e-06	1.028580e-08	4.255993e-09	5.331968e+01	5.077099e+02
4.120000e-06	1.025192e-08	4.291801e-09	5.314404e+01	5.058690e+02
4.130000e-06	1.021746e-08	4.269199e-09	5.296542e+01	5.039913e+02
4.140000e-06	1.018236e-08	4.203781e-09	5.278350e+01	5.020770e+02
4.150000e-06	1.014667e-08	4.263320e-09	5.259849e+01	5.001263e+02
4.160000e-06	1.011031e-08	4.256072e-09	5.240999e+01	4.981391e+02
4.170000e-06	1.007306e-08	4.167254e-09	5.221688e+01	4.961158e+02
4.180000e-06	1.003486e-08	4.163312e-09	5.201889e+01	4.940564e+02
4.190000e-06	9.995818e-09	4.112528e-09	5.181648e+01	4.919611e+02
4.200000e-06	9.956063e-09	4.086106e-09	5.161040e+01	4.898300e+02
4.210000e-06	9.915711e-09	4.154330e-09	5.140122e+01	4.876634e+02
4.220000e-06	9.874683e-09	4.130803e-09	5.118854e+01	4.854613e+02
4.230000e-06	9.832938e-09	4.051408e-09	5.097214e+01	4.832239e+02
4.240000e-06	9.790497e-09	4.052368e-09	5.075213e+01	4.809514e+02
4.250000e-06	9.747385e-09	4.037190e-09	5.052865e+01	4.786439e+02
4.260000e-06	9.703668e-09	4.012584e-09	5.030203e+01	4.763017e+02
4.270000e-06	9.659413e-09	3.997473e-09	5.007262e+01	4.739248e+02
4.280000e-06	9.614621e-09	3.957479e-09	4.984042e+01	4.715135e+02
4.290000e-06	9.569161e-09	3.929507e-09	4.960477e+01	4.690679e+02
4.300000e-06	9.522964e-09	3.935598e-09	4.936529e+01	4.665882e+02
4.310000e-06	9.476076e-09	3.928509e-09	4.912223e+01	4.640746e+02
4.320000e-06	9.428519e-09	3.900013e-09	4.887571e+01	4.615273e+02
4.330000e-06	9.380234e-09	3.858736e-09	4.862541e+01	4.589464e+02
4.340000e-06	9.331139e-09	3.829426e-09	4.837091e+01	4.563321e+02
4.350000e-06	9.281279e-09	3.822191e-09	4.811244e+01	4.536848e+02
4.360000e-06	9.230704e-09	3.813496e-09	4.785027e+01	4.510044e+02
4.370000e-06	9.179405e-09	3.781140e-09	4.758435e+01	4.482912e+02
4.380000e-06	9.127326e-09	3.736701e-09	4.731438e+01	4.455455e+02
4.390000e-06	9.074392e-09	3.710280e-09	4.703998e+01	4.427674e+02
4.400000e-06	9.020563e-09	3.699281e-09	4.676094e+01	4.399571e+02
4.410000e-06	8.965877e-09	3.686713e-09	4.647746e+01	4.371148e+02
4.420000e-06	8.910502e-09	3.663783e-09	4.619040e+01	4.342407e+02
4.430000e-06	8.854601e-09	3.632136e-09	4.590062e+01	4.313351e+02
4.440000e-06	8.798197e-09	3.598121e-09	4.560823e+01	4.283982e+02
4.450000e-06	8.741212e-09	3.577994e-09	4.531283e+01	4.254301e+02
4.460000e-06	8.683597e-09	3.556320e-09	4.501417e+01	4.224311e+02
4.470000e-06	8.625369e-09	3.526503e-09	4.471233e+01	4.194013e+02
4.480000e-06	8.566571e-09	3.488635e-09	4.440752e+01	4.163411e+02
4.490000e-06	8.507216e-09	3.461395e-09	4.409984e+01	4.132507e+02
4.500000e-06	8.447280e-09	3.445799e-09	4.378914e+01	4.101302e+02
4.510000e-06	8.386684e-09	3.428031e-09	4.347503e+01	4.069799e+02
4.520000e-06	8.325353e-09	3.392099e-09	4.315710e+01	4.038000e+02
4.530000e-06	8.263319e-09	3.355166e-09	4.283552e+01	4.005907e+02
4.540000e-06	8.200603e-09	3.325979e-09	4.251042e+01	3.973524e+02
4.550000e-06	8.137234e-09	3.306078e-09	4.218192e+01	3.940851e+02
4.560000e-06	8.073316e-09	3.280245e-09	4.185059e+01	3.907893e+02
4.570000e-06	8.008927e-09	3.246198e-09	4.151680e+01	3.874650e+02
4.580000e-06	7.944069e-09	3.207909e-09	4.118059e+01	3.841125e+02
4.590000e-06	7.878677e-09	3.171990e-09	4.084161e+01	3.807322e+02
4.600000e-06	7.812718e-09	3.142112e-09	4.049969e+01	3.773241e+02
4.610000e-06	7.746223e-09	3.117591e-09	4.015499e+01	3.738887e+02
4.620000e-06	7.679210e-09	3.090682e-09	3.980761e+01	3.704260e+02
4.630000e-06	7.611647e-09	3.064268e-09	3.945737e+01	3.669365e+02
4.640000e-06	7.543510e-09	3.039349e-09	3.910417e+01	3.634203e+02
4.650000e-06	7.474788e-09	3.013010e-09	3.874792e+01	3.598776e+02
4.660000e-06	7.405463e-09	2.977990e-09	3.838855e+01	3.563088e+02
4.670000e-06	7.335519e-09	2.934488e-09	3.802598e+01	3.527141e+02
4.680000e-06	7.264937e-09	2.893176e-09	3.766010e+01	3.490938e+02
4.690000e-06	7.193743e-09	2.861815e-09	3.729104e+01	3.454481e+02
4.700000e-06	7.122055e-09	2.839126e-09	3.691943e+01	3.417773e+02
4.710000e-06	7.049951e-09	2.813958e-09	3.654565e+01	3.380816e+02
4.720000e-06	6.977393e-09	2.783308e-09	3.616952e+01	3.343614e+02
4.730000e-06	6.904376e-09	2.749573e-09	3.579102e+01	3.306169e+02
4.740000e-06	6.830890e-09	2.715990e-09	3.541008e+01	3.268483e+02
4.750000e-06	6.756898e-09	2.678933e-09	3.502652e+01	3.230560e+02
4.760000e-06	6.682396e-09	2.640122e-09	3.464031e+01	3.192402e+02
4.770000e-06	6.607323e-09	2.602367e-09	3.425115e+01	3.154012e+02
4.780000e-06	6.531697e-09	2.569706e-09	3.385912e+01	3.115393e+02
4.790000e-06	6.455523e-09	2.541481e-09	3.346424e+01	3.076547e+02
4.800000e-06	6.378791e-09	2.514554e-09	3.306648e+01	3.037478e+02
4.810000e-06	6.301591e-09	2.483445e-09	3.266629e+01	2.998188e+02
4.820000e-06	6.223885e-09	2.449784e-09	3.226348e+01	2.958680e+02
4.830000e-06	6.145621e-09	2.410429e-09	3.185777e+01	2.918957e+02
4.840000e-06	6.066862e-09	2.371923e-09	3.144950e+01	2.879022e+02
4.850000e-06	5.987669e-09	2.333944e-09	3.103898e+01	2.838878e+02
4.860000e-06	5.908034e-09	2.297942e-09	3.062617e+01	2.798527e+02
4.870000e-06	5.827976e-09	2.263913e-09	3.021116e+01	2.757973e+02
4.880000e-06	5.747521e-09	2.231786e-09	2.979410e+01	2.717218e+02
4.890000e-06	5.666695e-09	2.200779e-09	2.937511e+01	2.676266e+02
4.900000e-06	5.585482e-09	2.168010e-09	2.895411e+01	2.635120e+02
4.910000e-06	5.503874e-09	2.131329e-09	2.853107e+01	2.593782e+02
4.920000e-06	5.421891e-09	2.092078e-09	2.810609e+01	2.552255e+02
4.930000e-06	5.339535e-09	2.053992e-09	2.767917e+01	2.510543e+02
4.940000e-06	5.256861e-09	2.018682e-09	2.725060e+01	2.468648e+02
4.950000e-06	5.173926e-09	1.983666e-09	2.682068e+01	2.426574e+02
4.960000e-06	5.090717e-09	1.946692e-09	2.638934e+01	2.384324e+02
4.970000e-06	5.007151e-09	1.905133e-09	2.595615e+01	2.341900e+02
4.980000e-06	4.923193e-09	1.863043e-09	2.552093e+01	2.299306e+02
4.990000e-06	4.838893e-09	1.825226e-09	2.508393e+01	2.256545e+02
5.000000e-06	4.754258e-09	1.788372e-09	2.464520e+01	2.213620e+02
5.010000e-06	4.669267e-09	1.749443e-09	2.420462e+01	2.170534e+02
5.020000e-06	4.583932e-09	1.708138e-09	2.376226e+01	2.127291e+02
5.030000e-06	4.498237e-09	1.667934e-09	2.331803e+01	2.083893e+02
5.040000e-06	4.412177e-09	1.629188e-09	2.287192e+01	2.040343e+02
5.050000e-06	4.325748e-09	1.592572e-09	2.242388e+01	1.996645e+02
5.060000e-06	4.238926e-09	1.556868e-09	2.197381e+01	1.952802e+02
5.070000e-06	4.151727e-09	1.519395e-09	2.152179e+01	1.908817e+02
5.080000e-06	4.064198e-09	1.479483e-09	2.106806e+01	1.864693e+02
5.090000e-06	3.976402e-09	1.437987e-09	2.061294e+01	1.820434e+02
5.100000e-06	3.888373e-09	1.397169e-09	2.015661e+01	1.776042e+02
5.110000e-06	3.800101e-09	1.357336e-09	1.969903e+01	1.731521e+02
5.120000e-06	3.711611e-09	1.316869e-09	1.924031e+01	1.686875e+02
5.130000e-06	3.622908e-09	1.278623e-09	1.878049e+01	1.642106e+02
5.140000e-06	3.533970e-09	1.243266e-09	1.831945e+01	1.597217e+02
5.150000e-06	3.444814e-09	1.210944e-09	1.785728e+01	1.552213e+02
5.160000e-06	3.355420e-09	1.177429e-09	1.739388e+01	1.507095e+02
5.170000e-06	3.265788e-09	1.139185e-09	1.692925e+01	1.461868e+02
5.180000e-06	3.175937e-09	1.096226e-09	1.646348e+01	1.416535e+02
5.190000e-06	3.085865e-09	1.053688e-09	1.599656e+01	1.371099e+02
5.200000e-06	2.995584e-09	1.013798e-09	1.552855e+01	1.325563e+02
5.210000e-06	2.905129e-09	9.760196e-10	1.505965e+01	1.279931e+02
5.220000e-06	2.814521e-09	9.376757e-10	1.458996e+01	1.234206e+02
5.230000e-06	2.723741e-09	9.003339e-10	1.411937e+01	1.188391e+02
5.240000e-06	2.632807e-09	8.624313e-10	1.364798e+01	1.142490e+02
5.250000e-06	2.541725e-09	8.242684e-10	1.317583e+01	1.096506e+02
5.260000e-06	2.450485e-09	7.862899e-10	1.270286e+01	1.050442e+02
5.270000e-06	2.359068e-09	7.444938e-10	1.222897e+01	1.004302e+02
5.280000e-06	2.267449e-09	6.988496e-10	1.175404e+01	9.580883e+01
5.290000e-06	2.175640e-09	6.541962e-10	1.127811e+01	9.118054e+01
5.300000e-06	2.083656e-09	6.134509e-10	1.080129e+01	8.654562e+01
5.310000e-06	1.991487e-09	5.770518e-10	1.032350e+01	8.190442e+01
5.320000e-06	1.899121e-09	5.402696e-10	9.844690e+00	7.725726e+01
5.330000e-06	1.806586e-09	4.990360e-10	9.365007e+00	7.260449e+01
5.340000e-06	1.713915e-09	4.589563e-10	8.884619e+00	6.794644e+01
5.350000e-06	1.621112e-09	4.210095e-10	8.403542e+00	6.328346e+01
5.360000e-06	1.528201e-09	3.845381e-10	7.921911e+00	5.861587e+01
5.370000e-06	1.435224e-09	3.465553e-10	7.439935e+00	5.394403e+01
5.380000e-06	1.342178e-09	3.048468e-10	6.957601e+00	4.926826e+01
5.390000e-06	1.249044e-09	2.615342e-10	6.474813e+00	4.458892e+01
5.400000e-06	1.155829e-09	2.210427e-10	5.991602e+00	3.990633e+01
5.410000e-06	1.062543e-09	1.827471e-10	5.508029e+00	3.522084e+01
5.420000e-06	9.691708e-10	1.436599e-10	5.024003e+00	3.053280e+01
5.430000e-06	8.757424e-10	1.034225e-10	4.539688e+00	2.584254e+01
5.440000e-06	7.822594e-10	6.516090e-11	4.055090e+00	2.115040e+01
5.450000e-06	6.886900e-10	2.979522e-11	3.570044e+00	1.645672e+01
5.460000e-06	5.950588e-10	-6.621367e-12	3.084677e+00	1.176185e+01
5.470000e-06	5.013696e-10	-4.823742e-11	2.599010e+00	7.066122e+00
5.480000e-06	4.076393e-10	-9.159041e-11	2.113130e+00	2.369882e+00
5.490000e-06	3.139014e-10	-1.328810e-10	1.627211e+00	-2.326528e+00
5.500000e-06	2.201696e-10	-1.703032e-10	1.141322e+00	-7.022769e+00
5.510000e-06	1.264626e-10	-2.064943e-10	6.555634e-01	-1.171850e+01
5.520000e-06	3.276462e-11	-2.444638e-10	1.698508e-01	-1.641338e+01
5.530000e-06	-6.091025e-11	-2.841435e-10	-3.157419e-01	-2.110706e+01
5.540000e-06	-1.545568e-10	-3.240493e-10	-8.011876e-01	-2.579921e+01
5.550000e-06	-2.482145e-10	-3.627855e-10	-1.286692e+00	-3.048948e+01
5.560000e-06	-3.418747e-10	-4.016140e-10	-1.772208e+00	-3.517754e+01
5.570000e-06	-4.355226e-10	-4.435428e-10	-2.257661e+00	-3.986303e+01
5.580000e-06	-5.291544e-10	-4.851480e-10	-2.743030e+00	-4.454563e+01
5.590000e-06	-6.227602e-10	-5.233785e-10	-3.228265e+00	-4.922499e+01
5.600000e-06	-7.163162e-10	-5.595300e-10	-3.713242e+00	-5.390078e+01
5.610000e-06	-8.098237e-10	-5.959087e-10	-4.197967e+00	-5.857264e+01
5.620000e-06	-9.032917e-10	-6.350874e-10	-4.682487e+00	-6.324025e+01
5.630000e-06	-9.966959e-10	-6.751128e-10	-5.166677e+00	-6.790326e+01
5.640000e-06	-1.090005e-09	-7.142127e-10	-5.650374e+00	-7.256133e+01
5.650000e-06	-1.183201e-09	-7.506001e-10	-6.133486e+00	-7.721413e+01
5.660000e-06	-1.276292e-09	-7.857888e-10	-6.616052e+00	-8.186131e+01
5.670000e-06	-1.369287e-09	-8.231797e-10	-7.098120e+00	-8.650254e+01
5.680000e-06	-1.462188e-09	-8.634132e-10	-7.579698e+00	-9.113749e+01
5.690000e-06	-1.554988e-09	-9.026911e-10	-8.060756e+00	-9.576581e+01
5.700000e-06	-1.647659e-09	-9.394213e-10	-8.541145e+00	-1.003872e+02
5.710000e-06	-1.740211e-09	-9.761228e-10	-9.020920e+00	-1.050012e+02
5.720000e-06	-1.832648e-09	-1.014592e-09	-9.500094e+00	-1.096077e+02
5.730000e-06	-1.924950e-09	-1.054296e-09	-9.978571e+00	-1.142061e+02
5.740000e-06	-2.017091e-09	-1.092169e-09	-1.045622e+01	-1.187963e+02
5.750000e-06	-2.109052e-09	-1.124909e-09	-1.093292e+01	-1.233778e+02
5.760000e-06	-2.200822e-09	-1.155671e-09	-1.140864e+01	-1.279504e+02
5.770000e-06	-2.292396e-09	-1.189797e-09	-1.188334e+01	-1.325136e+02
5.780000e-06	-2.383771e-09	-1.228633e-09	-1.235701e+01	-1.370672e+02
5.790000e-06	-2.474956e-09	-1.269176e-09	-1.282970e+01	-1.416109e+02
5.800000e-06	-2.565953e-09	-1.308399e-09	-1.330141e+01	-1.461443e+02
5.810000e-06	-2.656743e-09	-1.346391e-09	-1.377205e+01	-1.506670e+02
5.820000e-06	-2.747360e-09	-1.384628e-09	-1.424180e+01	-1.551788e+02
5.830000e-06	-2.837818e-09	-1.419970e-09	-1.471071e+01	-1.596793e+02
5.840000e-06	-2.928096e-09	-1.450692e-09	-1.517870e+01	-1.641682e+02
5.850000e-06	-3.018199e-09	-1.480885e-09	-1.564578e+01	-1.686452e+02
5.860000e-06	-3.108121e-09	-1.515262e-09	-1.611192e+01	-1.731099e+02
5.870000e-06	-3.197839e-09	-1.555883e-09	-1.657700e+01	-1.775620e+02
5.880000e-06	-3.287358e-09	-1.597814e-09	-1.704104e+01	-1.820013e+02
5.890000e-06	-3.376668e-09	-1.635750e-09	-1.750401e+01	-1.864272e+02
5.900000e-06	-3.465759e-09	-1.669175e-09	-1.796584e+01	-1.908397e+02
5.910000e-06	-3.554618e-09	-1.701589e-09	-1.842648e+01	-1.952383e+02
5.920000e-06	-3.643237e-09	-1.736354e-09	-1.888586e+01	-1.996226e+02
5.930000e-06	-3.731614e-09	-1.771396e-09	-1.934399e+01	-2.039925e+02
5.940000e-06	-3.819740e-09	-1.804986e-09	-1.980082e+01	-2.083475e+02
5.950000e-06	-3.907592e-09	-1.839017e-09	-2.025623e+01	-2.126874e+02
5.960000e-06	-3.995139e-09	-1.875198e-09	-2.071006e+01	-2.170119e+02
5.970000e-06	-4.082392e-09	-1.910979e-09	-2.116236e+01	-2.213205e+02
5.980000e-06	-4.169333e-09	-1.943617e-09	-2.161305e+01	-2.256131e+02
5.990000e-06	-4.255948e-09	-1.973216e-09	-2.206204e+01	-2.298893e+02
6.000000e-06	-4.342241e-09	-2.004792e-09	-2.250937e+01	-2.341488e+02
6.010000e-06	-4.428213e-09	-2.042931e-09	-2.295503e+01	-2.383912e+02
6.020000e-06	-4.513878e-09	-2.083329e-09	-2.339910e+01	-2.426163e+02
6.030000e-06	-4.599199e-09	-2.118881e-09	-2.384139e+01	-2.468238e+02
6.040000e-06	-4.684155e-09	-2.148039e-09	-2.428179e+01	-2.510133e+02
6.050000e-06	-4.768758e-09	-2.176078e-09	-2.472035e+01	-2.551846e+02
6.060000e-06	-4.852955e-09	-2.207073e-09	-2.515681e+01	-2.593374e+02
6.070000e-06	-4.936720e-09	-2.241183e-09	-2.559104e+01	-2.634713e+02
6.080000e-06	-5.020102e-09	-2.276837e-09	-2.602328e+01	-2.675860e+02
6.090000e-06	-5.103151e-09	-2.312960e-09	-2.645379e+01	-2.716813e+02
6.100000e-06	-5.185899e-09	-2.350009e-09	-2.688274e+01	-2.757569e+02
6.110000e-06	-5.268341e-09	-2.385705e-09	-2.731010e+01	-2.798124e+02
6.120000e-06	-5.350476e-09	-2.417174e-09	-2.773588e+01	-2.838476e+02
6.130000e-06	-5.432281e-09	-2.444983e-09	-2.815993e+01	-2.878621e+02
6.140000e-06	-5.513720e-09	-2.472246e-09	-2.858210e+01	-2.918557e+02
6.150000e-06	-5.594801e-09	-2.504138e-09	-2.900241e+01	-2.958281e+02
6.160000e-06	-5.675541e-09	-2.540271e-09	-2.942096e+01	-2.997790e+02
6.170000e-06	-5.755944e-09	-2.576196e-09	-2.983775e+01	-3.037081e+02
6.180000e-06	-5.835949e-09	-2.606763e-09	-3.025248e+01	-3.076151e+02
6.190000e-06	-5.915464e-09	-2.633232e-09	-3.066467e+01	-3.114998e+02
6.200000e-06	-5.994434e-09	-2.662800e-09	-3.107404e+01	-3.153618e+02
6.210000e-06	-6.072883e-09	-2.696920e-09	-3.148070e+01	-3.192009e+02
6.220000e-06	-6.150860e-09	-2.732166e-09	-3.188492e+01	-3.230168e+02
6.230000e-06	-6.228368e-09	-2.761156e-09	-3.228670e+01	-3.268092e+02
6.240000e-06	-6.305349e-09	-2.785510e-09	-3.268576e+01	-3.305779e+02
6.250000e-06	-6.381740e-09	-2.812742e-09	-3.308176e+01	-3.343226e+02
6.260000e-06	-6.457575e-09	-2.843919e-09	-3.347487e+01	-3.380429e+02
6.270000e-06	-6.532907e-09	-2.876137e-09	-3.386538e+01	-3.417387e+02
6.280000e-06	-6.607782e-09	-2.905525e-09	-3.425352e+01	-3.454096e+02
6.290000e-06	-6.682221e-09	-2.932900e-09	-3.463939e+01	-3.490554e+02
6.300000e-06	-6.756176e-09	-2.961419e-09	-3.502276e+01	-3.526759e+02
6.310000e-06	-6.829635e-09	-2.991172e-09	-3.540356e+01	-3.562707e+02
6.320000e-06	-6.902626e-09	-3.019792e-09	-3.578193e+01	-3.598396e+02
6.330000e-06	-6.975190e-09	-3.047571e-09	-3.615809e+01	-3.633824e+02
6.340000e-06	-7.047335e-09	-3.076813e-09	-3.653208e+01	-3.668987e+02
6.350000e-06	-7.119007e-09	-3.108131e-09	-3.690361e+01	-3.703884e+02
6.360000e-06	-7.190165e-09	-3.139086e-09	-3.727248e+01	-3.738512e+02
6.370000e-06	-7.260786e-09	-3.165509e-09	-3.763857e+01	-3.772868e+02
6.380000e-06	-7.330822e-09	-3.186563e-09	-3.800162e+01	-3.806949e+02
6.390000e-06	-7.400263e-09	-3.208478e-09	-3.836159e+01	-3.840754e+02
6.400000e-06	-7.469145e-09	-3.235725e-09	-3.871866e+01	-3.874280e+02
6.410000e-06	-7.537466e-09	-3.266892e-09	-3.907283e+01	-3.907524e+02
6.420000e-06	-7.605212e-09	-3.297006e-09	-3.942401e+01	-3.940484e+02
6.430000e-06	-7.672432e-09	-3.322357e-09	-3.977247e+01	-3.973158e+02
6.440000e-06	-7.739178e-09	-3.345795e-09	-4.011846e+01	-4.005543e+02
6.450000e-06	-7.805419e-09	-3.368893e-09	-4.046184e+01	-4.037637e+02
6.460000e-06	-7.871109e-09	-3.393165e-09	-4.080237e+01	-4.069437e+02
6.470000e-06	-7.936249e-09	-3.419702e-09	-4.114005e+01	-4.100941e+02
6.480000e-06	-8.000863e-09	-3.447399e-09	-4.147499e+01	-4.132148e+02
6.490000e-06	-8.064983e-09	-3.477396e-09	-4.180738e+01	-4.163054e+02
6.500000e-06	-8.128592e-09	-3.505879e-09	-4.213712e+01	-4.193657e+02
6.510000e-06	-8.191635e-09	-3.528645e-09	-4.246392e+01	-4.223956e+02
6.520000e-06	-8.254037e-09	-3.545953e-09	-4.278740e+01	-4.253948e+02
6.530000e-06	-8.315746e-09	-3.563488e-09	-4.310729e+01	-4.283630e+02
6.540000e-06	-8.376757e-09	-3.586088e-09	-4.342355e+01	-4.313001e+02
6.550000e-06	-8.437118e-09	-3.613772e-09	-4.373646e+01	-4.342059e+02
6.560000e-06	-8.496902e-09	-3.642422e-09	-4.404637e+01	-4.370801e+02
6.570000e-06	-8.556130e-09	-3.667479e-09	-4.435340e+01	-4.399225e+02
6.580000e-06	-8.614813e-09	-3.689408e-09	-4.465760e+01	-4.427329e+02
6.590000e-06	-8.672913e-09	-3.710915e-09	-4.495878e+01	-4.455112e+02
6.600000e-06	-8.730370e-09	-3.732153e-09	-4.525662e+01	-4.482571e+02
6.610000e-06	-8.787199e-09	-3.752409e-09	-4.555121e+01	-4.509704e+02
6.620000e-06	-8.843476e-09	-3.773380e-09	-4.584295e+01	-4.536509e+02
6.630000e-06	-8.899187e-09	-3.796834e-09	-4.613174e+01	-4.562985e+02
6.640000e-06	-8.954235e-09	-3.821483e-09	-4.641710e+01	-4.589129e+02
6.650000e-06	-9.008532e-09	-3.843283e-09	-4.669856e+01	-4.614939e+02
6.660000e-06	-9.062019e-09	-3.860684e-09	-4.697583e+01	-4.640414e+02
6.670000e-06	-9.114702e-09	-3.877176e-09	-4.724893e+01	-4.665551e+02
6.680000e-06	-9.166609e-09	-3.898032e-09	-4.751801e+01	-4.690350e+02
6.690000e-06	-9.217809e-09	-3.923345e-09	-4.778342e+01	-4.714807e+02
6.700000e-06	-9.268320e-09	-3.947793e-09	-4.804526e+01	-4.738922e+02
6.710000e-06	-9.318083e-09	-3.967420e-09	-4.830322e+01	-4.762693e+02
6.720000e-06	-9.367002e-09	-3.983130e-09	-4.855681e+01	-4.786117e+02
6.730000e-06	-9.414974e-09	-3.999150e-09	-4.880548e+01	-4.809193e+02
6.740000e-06	-9.462069e-09	-4.018688e-09	-4.904961e+01	-4.831920e+02
6.750000e-06	-9.508447e-09	-4.038254e-09	-4.929003e+01	-4.854295e+02
6.760000e-06	-9.554237e-09	-4.054589e-09	-4.952740e+01	-4.876318e+02
6.770000e-06	-9.599493e-09	-4.069344e-09	-4.976199e+01	-4.897986e+02
6.780000e-06	-9.644178e-09	-4.087215e-09	-4.999363e+01	-4.919299e+02
6.790000e-06	-9.688298e-09	-4.108217e-09	-5.022234e+01	-4.940253e+02
6.800000e-06	-9.731909e-09	-4.129172e-09	-5.044842e+01	-4.960849e+02
6.810000e-06	-9.774972e-09	-4.145948e-09	-5.067165e+01	-4.981084e+02
6.820000e-06	-9.817423e-09	-4.159861e-09	-5.089171e+01	-5.000957e+02
6.830000e-06	-9.859227e-09	-4.175996e-09	-5.110841e+01	-5.020466e+02
6.840000e-06	-9.900348e-09	-4.194988e-09	-5.132157e+01	-5.039611e+02
6.850000e-06	-9.940814e-09	-4.212455e-09	-5.153134e+01	-5.058389e+02
6.860000e-06	-9.980684e-09	-4.226072e-09	-5.173802e+01	-5.076800e+02
6.870000e-06	-1.001992e-08	-4.238970e-09	-5.194141e+01	-5.094841e+02
6.880000e-06	-1.005834e-08	-4.255667e-09	-5.214058e+01	-5.112513e+02
6.890000e-06	-1.009581e-08	-4.275247e-09	-5.233482e+01	-5.129812e+02
6.900000e-06	-1.013240e-08	-4.291895e-09	-5.252451e+01	-5.146739e+02
6.910000e-06	-1.016830e-08	-4.303073e-09	-5.271059e+01	-5.163292e+02
6.920000e-06	-1.020358e-08	-4.313054e-09	-5.289349e+01	-5.179469e+02
6.930000e-06	-1.023821e-08	-4.325822e-09	-5.307301e+01	-5.195270e+02
6.940000e-06	-1.027215e-08	-4.341111e-09	-5.324890e+01	-5.210693e+02
6.950000e-06	-1.030535e-08	-4.356067e-09	-5.342104e+01	-5.225738e+02
6.960000e-06	-1.033786e-08	-4.368091e-09	-5.358956e+01	-5.240402e+02
6.970000e-06	-1.036975e-08	-4.379277e-09	-5.375488e+01	-5.254686e+02
6.980000e-06	-1.040101e-08	-4.393201e-09	-5.391694e+01	-5.268588e+02
6.990000e-06	-1.043142e-08	-4.410091e-09	-5.407455e+01	-5.282107e+02
7.000000e-06	-1.046076e-08	-4.425197e-09	-5.422664e+01	-5.295242e+02
7.010000e-06	-1.048915e-08	-4.435835e-09	-5.437383e+01	-5.307992e+02
7.020000e-06	-1.051688e-08	-4.445841e-09	-5.451756e+01	-5.320356e+02
7.030000e-06	-1.054400e-08	-4.456956e-09	-5.465815e+01	-5.332334e+02
7.040000e-06	-1.057039e-08	-4.468463e-09	-5.479495e+01	-5.343924e+02
7.050000e-06	-1.059601e-08	-4.478981e-09	-5.492774e+01	-5.355125e+02
7.060000e-06	-1.062086e-08	-4.486065e-09	-5.505656e+01	-5.365938e+02
7.070000e-06	-1.064504e-08	-4.495366e-09	-5.518192e+01	-5.376360e+02
7.080000e-06	-1.066869e-08	-4.508815e-09	-5.530451e+01	-5.386392e+02
7.090000e-06	-1.069168e-08	-4.525269e-09	-5.542369e+01	-5.396032e+02
7.100000e-06	-1.071371e-08	-4.540844e-09	-5.553789e+01	-5.405279e+02
7.110000e-06	-1.073465e-08	-4.549957e-09	-5.564643e+01	-5.414134e+02
7.120000e-06	-1.075475e-08	-4.552916e-09	-5.575063e+01	-5.422596e+02
7.130000e-06	-1.077425e-08	-4.554512e-09	-5.585172e+01	-5.430663e+02
7.140000e-06	-1.079308e-08	-4.559696e-09	-5.594935e+01	-5.438335e+02
7.150000e-06	-1.081118e-08	-4.567967e-09	-5.604317e+01	-5.445613e+02
7.160000e-06	-1.082856e-08	-4.577955e-09	-5.613324e+01	-5.452494e+02
7.170000e-06	-1.084518e-08	-4.589875e-09	-5.621941e+01	-5.458979e+02
7.180000e-06	-1.086116e-08	-4.602335e-09	-5.630223e+01	-5.465067e+02
7.190000e-06	-1.087654e-08	-4.612486e-09	-5.638199e+01	-5.470758e+02
7.200000e-06	-1.089101e-08	-4.615926e-09	-5.645699e+01	-5.476052e+02
7.210000e-06	-1.090427e-08	-4.614001e-09	-5.652573e+01	-5.480947e+02
7.220000e-06	-1.091651e-08	-4.613929e-09	-5.658915e+01	-5.485444e+02
7.230000e-06	-1.092796e-08	-4.620247e-09	-5.664852e+01	-5.489542e+02
7.240000e-06	-1.093864e-08	-4.632241e-09	-5.670391e+01	-5.493242e+02
7.250000e-06	-1.094857e-08	-4.644248e-09	-5.675538e+01	-5.496542e+02
7.260000e-06	-1.095775e-08	-4.651979e-09	-5.680294e+01	-5.499442e+02
7.270000e-06	-1.096616e-08	-4.655861e-09	-5.684655e+01	-5.501943e+02
7.280000e-06	-1.097396e-08	-4.658479e-09	-5.688699e+01	-5.504044e+02
7.290000e-06	-1.098114e-08	-4.661260e-09	-5.692422e+01	-5.505744e+02
7.300000e-06	-1.098738e-08	-4.664157e-09	-5.695658e+01	-5.507045e+02
7.310000e-06	-1.099251e-08	-4.667317e-09	-5.698317e+01	-5.507945e+02
7.320000e-06	-1.099674e-08	-4.671330e-09	-5.700508e+01	-5.508445e+02
7.330000e-06	-1.100035e-08	-4.676180e-09	-5.702379e+01	-5.508545e+02
7.340000e-06	-1.100332e-08	-4.679691e-09	-5.703921e+01	-5.508244e+02
7.350000e-06	-1.100557e-08	-4.680660e-09	-5.705085e+01	-5.507543e+02
7.360000e-06	-1.100715e-08	-4.681846e-09	-5.705904e+01	-5.506441e+02
