# Temperatura_=_20.0
# Concentracion g/m^3_=_10000.0
# C_Vs_to_Am_M_A/Vsm_=_116720831517.84952
# pendiente_HvsI_1/m_=_3716.3
# ordenada_HvsI_A/m_=_1297.0
# frecuencia_Hz_=_81155.76490829671
# Promedio de 23 ciclos

Tiempo_(s)	Campo_(V.s)	Magnetizacion_(V.s)	Campo_(kA/m)	Magnetizacion_(A/m)
0.000000e+00	-5.873097e-09	-2.465866e-09	-3.100207e+01	-2.892423e+02
1.000000e-08	-5.873253e-09	-2.447408e-09	-3.100290e+01	-2.891731e+02
2.000000e-08	-5.873255e-09	-2.408673e-09	-3.100291e+01	-2.890963e+02
3.000000e-08	-5.873098e-09	-2.419039e-09	-3.100208e+01	-2.890120e+02
4.000000e-08	-5.872821e-09	-2.483580e-09	-3.100062e+01	-2.889201e+02
5.000000e-08	-5.872471e-09	-2.466407e-09	-3.099877e+01	-2.888208e+02
6.000000e-08	-5.872053e-09	-2.426383e-09	-3.099656e+01	-2.887139e+02
7.000000e-08	-5.871567e-09	-2.515641e-09	-3.099400e+01	-2.885995e+02
8.000000e-08	-5.871016e-09	-2.574604e-09	-3.099109e+01	-2.884776e+02
9.000000e-08	-5.870382e-09	-2.468890e-09	-3.098774e+01	-2.883482e+02
1.000000e-07	-5.869622e-09	-2.404717e-09	-3.098373e+01	-2.882113e+02
1.100000e-07	-5.868719e-09	-2.434131e-09	-3.097896e+01	-2.880669e+02
1.200000e-07	-5.867666e-09	-2.401850e-09	-3.097341e+01	-2.879151e+02
1.300000e-07	-5.866429e-09	-2.363305e-09	-3.096688e+01	-2.877557e+02
1.400000e-07	-5.864985e-09	-2.387995e-09	-3.095925e+01	-2.875888e+02
1.500000e-07	-5.863311e-09	-2.427947e-09	-3.095042e+01	-2.874145e+02
1.600000e-07	-5.861391e-09	-2.449492e-09	-3.094028e+01	-2.872326e+02
1.700000e-07	-5.859249e-09	-2.451581e-09	-3.092898e+01	-2.870433e+02
1.800000e-07	-5.856896e-09	-2.465052e-09	-3.091656e+01	-2.868466e+02
1.900000e-07	-5.854296e-09	-2.436291e-09	-3.090283e+01	-2.866423e+02
2.000000e-07	-5.851420e-09	-2.401058e-09	-3.088765e+01	-2.864306e+02
2.100000e-07	-5.848326e-09	-2.447102e-09	-3.087132e+01	-2.862115e+02
2.200000e-07	-5.845032e-09	-2.485892e-09	-3.085393e+01	-2.859849e+02
2.300000e-07	-5.841542e-09	-2.447011e-09	-3.083550e+01	-2.857509e+02
2.400000e-07	-5.837889e-09	-2.390133e-09	-3.081622e+01	-2.855094e+02
2.500000e-07	-5.834056e-09	-2.431427e-09	-3.079599e+01	-2.852605e+02
2.600000e-07	-5.830050e-09	-2.471439e-09	-3.077484e+01	-2.850042e+02
2.700000e-07	-5.825905e-09	-2.426933e-09	-3.075296e+01	-2.847405e+02
2.800000e-07	-5.821640e-09	-2.387324e-09	-3.073045e+01	-2.844693e+02
2.900000e-07	-5.817267e-09	-2.417977e-09	-3.070737e+01	-2.841908e+02
3.000000e-07	-5.812816e-09	-2.477253e-09	-3.068387e+01	-2.839049e+02
3.100000e-07	-5.808295e-09	-2.463365e-09	-3.066001e+01	-2.836116e+02
3.200000e-07	-5.803680e-09	-2.420783e-09	-3.063565e+01	-2.833109e+02
3.300000e-07	-5.798961e-09	-2.413178e-09	-3.061073e+01	-2.830028e+02
3.400000e-07	-5.794138e-09	-2.427376e-09	-3.058528e+01	-2.826873e+02
3.500000e-07	-5.789217e-09	-2.424643e-09	-3.055930e+01	-2.823646e+02
3.600000e-07	-5.784155e-09	-2.417467e-09	-3.053258e+01	-2.820344e+02
3.700000e-07	-5.778958e-09	-2.434188e-09	-3.050515e+01	-2.816969e+02
3.800000e-07	-5.773621e-09	-2.435488e-09	-3.047698e+01	-2.813521e+02
3.900000e-07	-5.768103e-09	-2.425204e-09	-3.044785e+01	-2.810000e+02
4.000000e-07	-5.762402e-09	-2.424897e-09	-3.041776e+01	-2.806406e+02
4.100000e-07	-5.756536e-09	-2.427656e-09	-3.038679e+01	-2.802738e+02
4.200000e-07	-5.750516e-09	-2.406129e-09	-3.035501e+01	-2.798998e+02
4.300000e-07	-5.744351e-09	-2.386087e-09	-3.032247e+01	-2.795185e+02
4.400000e-07	-5.738063e-09	-2.399007e-09	-3.028928e+01	-2.791299e+02
4.500000e-07	-5.731638e-09	-2.409275e-09	-3.025536e+01	-2.787341e+02
4.600000e-07	-5.725064e-09	-2.401971e-09	-3.022066e+01	-2.783310e+02
4.700000e-07	-5.718351e-09	-2.398621e-09	-3.018523e+01	-2.779206e+02
4.800000e-07	-5.711508e-09	-2.406053e-09	-3.014910e+01	-2.775031e+02
4.900000e-07	-5.704527e-09	-2.394227e-09	-3.011225e+01	-2.770783e+02
5.000000e-07	-5.697393e-09	-2.380236e-09	-3.007460e+01	-2.766463e+02
5.100000e-07	-5.690076e-09	-2.387111e-09	-3.003597e+01	-2.762071e+02
5.200000e-07	-5.682572e-09	-2.388374e-09	-2.999636e+01	-2.757607e+02
5.300000e-07	-5.674912e-09	-2.369493e-09	-2.995593e+01	-2.753071e+02
5.400000e-07	-5.667101e-09	-2.358795e-09	-2.991469e+01	-2.748464e+02
5.500000e-07	-5.659146e-09	-2.370833e-09	-2.987270e+01	-2.743785e+02
5.600000e-07	-5.651060e-09	-2.373408e-09	-2.983002e+01	-2.739035e+02
5.700000e-07	-5.642857e-09	-2.363806e-09	-2.978672e+01	-2.734214e+02
5.800000e-07	-5.634565e-09	-2.354968e-09	-2.974295e+01	-2.729321e+02
5.900000e-07	-5.626188e-09	-2.348099e-09	-2.969873e+01	-2.724358e+02
6.000000e-07	-5.617742e-09	-2.341489e-09	-2.965414e+01	-2.719323e+02
6.100000e-07	-5.609220e-09	-2.342093e-09	-2.960916e+01	-2.714218e+02
6.200000e-07	-5.600609e-09	-2.344412e-09	-2.956370e+01	-2.709042e+02
6.300000e-07	-5.591901e-09	-2.334407e-09	-2.951774e+01	-2.703796e+02
6.400000e-07	-5.583073e-09	-2.328159e-09	-2.947114e+01	-2.698479e+02
6.500000e-07	-5.574109e-09	-2.329230e-09	-2.942382e+01	-2.693092e+02
6.600000e-07	-5.565010e-09	-2.325356e-09	-2.937579e+01	-2.687635e+02
6.700000e-07	-5.555737e-09	-2.315513e-09	-2.932684e+01	-2.682108e+02
6.800000e-07	-5.546244e-09	-2.312321e-09	-2.927673e+01	-2.676512e+02
6.900000e-07	-5.536543e-09	-2.312622e-09	-2.922552e+01	-2.670846e+02
7.000000e-07	-5.526615e-09	-2.309413e-09	-2.917312e+01	-2.665110e+02
7.100000e-07	-5.516433e-09	-2.309407e-09	-2.911937e+01	-2.659305e+02
7.200000e-07	-5.505982e-09	-2.305671e-09	-2.906420e+01	-2.653430e+02
7.300000e-07	-5.495274e-09	-2.295727e-09	-2.900768e+01	-2.647487e+02
7.400000e-07	-5.484343e-09	-2.286286e-09	-2.894998e+01	-2.641475e+02
7.500000e-07	-5.473161e-09	-2.283396e-09	-2.889095e+01	-2.635394e+02
7.600000e-07	-5.461731e-09	-2.281659e-09	-2.883061e+01	-2.629244e+02
7.700000e-07	-5.450102e-09	-2.278029e-09	-2.876923e+01	-2.623026e+02
7.800000e-07	-5.438301e-09	-2.273830e-09	-2.870693e+01	-2.616740e+02
7.900000e-07	-5.426334e-09	-2.265040e-09	-2.864377e+01	-2.610386e+02
8.000000e-07	-5.414216e-09	-2.255608e-09	-2.857980e+01	-2.603963e+02
8.100000e-07	-5.401978e-09	-2.249292e-09	-2.851520e+01	-2.597473e+02
8.200000e-07	-5.389634e-09	-2.246082e-09	-2.845004e+01	-2.590916e+02
8.300000e-07	-5.377183e-09	-2.240805e-09	-2.838431e+01	-2.584291e+02
8.400000e-07	-5.364618e-09	-2.236355e-09	-2.831799e+01	-2.577599e+02
8.500000e-07	-5.351939e-09	-2.234493e-09	-2.825106e+01	-2.570839e+02
8.600000e-07	-5.339134e-09	-2.231784e-09	-2.818347e+01	-2.564013e+02
8.700000e-07	-5.326188e-09	-2.227996e-09	-2.811513e+01	-2.557120e+02
8.800000e-07	-5.313103e-09	-2.219680e-09	-2.804606e+01	-2.550161e+02
8.900000e-07	-5.299874e-09	-2.211619e-09	-2.797623e+01	-2.543135e+02
9.000000e-07	-5.286456e-09	-2.207165e-09	-2.790540e+01	-2.536043e+02
9.100000e-07	-5.272857e-09	-2.204756e-09	-2.783361e+01	-2.528885e+02
9.200000e-07	-5.259093e-09	-2.198980e-09	-2.776096e+01	-2.521661e+02
9.300000e-07	-5.245159e-09	-2.188903e-09	-2.768740e+01	-2.514372e+02
9.400000e-07	-5.231085e-09	-2.180012e-09	-2.761311e+01	-2.507017e+02
9.500000e-07	-5.216885e-09	-2.174029e-09	-2.753815e+01	-2.499597e+02
9.600000e-07	-5.202557e-09	-2.171518e-09	-2.746253e+01	-2.492112e+02
9.700000e-07	-5.188096e-09	-2.168380e-09	-2.738619e+01	-2.484562e+02
9.800000e-07	-5.173496e-09	-2.162658e-09	-2.730912e+01	-2.476948e+02
9.900000e-07	-5.158723e-09	-2.152600e-09	-2.723114e+01	-2.469269e+02
1.000000e-06	-5.143790e-09	-2.140691e-09	-2.715232e+01	-2.461525e+02
1.010000e-06	-5.128734e-09	-2.132761e-09	-2.707284e+01	-2.453718e+02
1.020000e-06	-5.113492e-09	-2.127896e-09	-2.699238e+01	-2.445847e+02
1.030000e-06	-5.098041e-09	-2.123807e-09	-2.691082e+01	-2.437912e+02
1.040000e-06	-5.082413e-09	-2.118441e-09	-2.682832e+01	-2.429914e+02
1.050000e-06	-5.066605e-09	-2.111994e-09	-2.674488e+01	-2.421852e+02
1.060000e-06	-5.050577e-09	-2.103577e-09	-2.666027e+01	-2.413728e+02
1.070000e-06	-5.034321e-09	-2.093749e-09	-2.657447e+01	-2.405540e+02
1.080000e-06	-5.017866e-09	-2.084441e-09	-2.648760e+01	-2.397291e+02
1.090000e-06	-5.001222e-09	-2.076824e-09	-2.639975e+01	-2.388978e+02
1.100000e-06	-4.984426e-09	-2.072559e-09	-2.631109e+01	-2.380604e+02
1.110000e-06	-4.967419e-09	-2.069034e-09	-2.622131e+01	-2.372167e+02
1.120000e-06	-4.950203e-09	-2.064010e-09	-2.613043e+01	-2.363669e+02
1.130000e-06	-4.932875e-09	-2.056991e-09	-2.603897e+01	-2.355110e+02
1.140000e-06	-4.915454e-09	-2.048848e-09	-2.594700e+01	-2.346489e+02
1.150000e-06	-4.897909e-09	-2.039710e-09	-2.585439e+01	-2.337807e+02
1.160000e-06	-4.880235e-09	-2.029744e-09	-2.576110e+01	-2.329064e+02
1.170000e-06	-4.862467e-09	-2.020659e-09	-2.566730e+01	-2.320261e+02
1.180000e-06	-4.844597e-09	-2.012430e-09	-2.557298e+01	-2.311397e+02
1.190000e-06	-4.826652e-09	-2.005812e-09	-2.547825e+01	-2.302473e+02
1.200000e-06	-4.808642e-09	-2.000163e-09	-2.538318e+01	-2.293489e+02
1.210000e-06	-4.790543e-09	-1.994886e-09	-2.528764e+01	-2.284445e+02
1.220000e-06	-4.772359e-09	-1.990395e-09	-2.519165e+01	-2.275342e+02
1.230000e-06	-4.754099e-09	-1.985648e-09	-2.509527e+01	-2.266180e+02
1.240000e-06	-4.735772e-09	-1.978791e-09	-2.499853e+01	-2.256959e+02
1.250000e-06	-4.717367e-09	-1.968509e-09	-2.490137e+01	-2.247679e+02
1.260000e-06	-4.698876e-09	-1.957391e-09	-2.480376e+01	-2.238341e+02
1.270000e-06	-4.680297e-09	-1.948598e-09	-2.470569e+01	-2.228944e+02
1.280000e-06	-4.661613e-09	-1.942666e-09	-2.460707e+01	-2.219490e+02
1.290000e-06	-4.642794e-09	-1.939601e-09	-2.450773e+01	-2.209977e+02
1.300000e-06	-4.623816e-09	-1.937095e-09	-2.440755e+01	-2.200407e+02
1.310000e-06	-4.604697e-09	-1.931970e-09	-2.430663e+01	-2.190780e+02
1.320000e-06	-4.585446e-09	-1.923730e-09	-2.420501e+01	-2.181096e+02
1.330000e-06	-4.566075e-09	-1.913543e-09	-2.410275e+01	-2.171355e+02
1.340000e-06	-4.546569e-09	-1.903068e-09	-2.399979e+01	-2.161558e+02
1.350000e-06	-4.526899e-09	-1.893988e-09	-2.389596e+01	-2.151704e+02
1.360000e-06	-4.507113e-09	-1.886539e-09	-2.379151e+01	-2.141794e+02
1.370000e-06	-4.487212e-09	-1.880230e-09	-2.368646e+01	-2.131829e+02
1.380000e-06	-4.467196e-09	-1.876099e-09	-2.358081e+01	-2.121808e+02
1.390000e-06	-4.447106e-09	-1.873299e-09	-2.347476e+01	-2.111732e+02
1.400000e-06	-4.426909e-09	-1.867900e-09	-2.336814e+01	-2.101601e+02
1.410000e-06	-4.406619e-09	-1.858763e-09	-2.326104e+01	-2.091415e+02
1.420000e-06	-4.386286e-09	-1.848505e-09	-2.315371e+01	-2.081175e+02
1.430000e-06	-4.365904e-09	-1.838768e-09	-2.304612e+01	-2.070880e+02
1.440000e-06	-4.345479e-09	-1.829826e-09	-2.293830e+01	-2.060532e+02
1.450000e-06	-4.325010e-09	-1.821495e-09	-2.283025e+01	-2.050130e+02
1.460000e-06	-4.304490e-09	-1.813609e-09	-2.272193e+01	-2.039675e+02
1.470000e-06	-4.283926e-09	-1.806195e-09	-2.261338e+01	-2.029167e+02
1.480000e-06	-4.263310e-09	-1.798803e-09	-2.250456e+01	-2.018605e+02
1.490000e-06	-4.242636e-09	-1.790868e-09	-2.239543e+01	-2.007992e+02
1.500000e-06	-4.221889e-09	-1.782499e-09	-2.228591e+01	-1.997326e+02
1.510000e-06	-4.201046e-09	-1.773424e-09	-2.217589e+01	-1.986608e+02
1.520000e-06	-4.180116e-09	-1.763479e-09	-2.206541e+01	-1.975838e+02
1.530000e-06	-4.159104e-09	-1.753094e-09	-2.195449e+01	-1.965017e+02
1.540000e-06	-4.137974e-09	-1.743685e-09	-2.184295e+01	-1.954145e+02
1.550000e-06	-4.116719e-09	-1.737478e-09	-2.173076e+01	-1.943222e+02
1.560000e-06	-4.095355e-09	-1.731713e-09	-2.161798e+01	-1.932249e+02
1.570000e-06	-4.073852e-09	-1.725242e-09	-2.150448e+01	-1.921225e+02
1.580000e-06	-4.052187e-09	-1.718212e-09	-2.139011e+01	-1.910151e+02
1.590000e-06	-4.030413e-09	-1.706069e-09	-2.127517e+01	-1.899027e+02
1.600000e-06	-4.008542e-09	-1.691069e-09	-2.115972e+01	-1.887854e+02
1.610000e-06	-3.986556e-09	-1.679843e-09	-2.104367e+01	-1.876632e+02
1.620000e-06	-3.964457e-09	-1.672165e-09	-2.092701e+01	-1.865361e+02
1.630000e-06	-3.942260e-09	-1.662960e-09	-2.080985e+01	-1.854041e+02
1.640000e-06	-3.919981e-09	-1.651577e-09	-2.069224e+01	-1.842674e+02
1.650000e-06	-3.897620e-09	-1.642462e-09	-2.057421e+01	-1.831258e+02
1.660000e-06	-3.875191e-09	-1.637702e-09	-2.045581e+01	-1.819794e+02
1.670000e-06	-3.852665e-09	-1.634053e-09	-2.033691e+01	-1.808284e+02
1.680000e-06	-3.830028e-09	-1.626320e-09	-2.021741e+01	-1.796726e+02
1.690000e-06	-3.807303e-09	-1.614154e-09	-2.009745e+01	-1.785121e+02
1.700000e-06	-3.784526e-09	-1.600475e-09	-1.997722e+01	-1.773470e+02
1.710000e-06	-3.761669e-09	-1.590406e-09	-1.985657e+01	-1.761773e+02
1.720000e-06	-3.738716e-09	-1.584170e-09	-1.973540e+01	-1.750030e+02
1.730000e-06	-3.715674e-09	-1.577194e-09	-1.961378e+01	-1.738241e+02
1.740000e-06	-3.692537e-09	-1.566925e-09	-1.949164e+01	-1.726407e+02
1.750000e-06	-3.669306e-09	-1.554663e-09	-1.936902e+01	-1.714528e+02
1.760000e-06	-3.645972e-09	-1.544179e-09	-1.924584e+01	-1.702605e+02
1.770000e-06	-3.622548e-09	-1.534229e-09	-1.912220e+01	-1.690637e+02
1.780000e-06	-3.599005e-09	-1.522588e-09	-1.899792e+01	-1.678625e+02
1.790000e-06	-3.575360e-09	-1.509587e-09	-1.887311e+01	-1.666570e+02
1.800000e-06	-3.551625e-09	-1.500869e-09	-1.874782e+01	-1.654471e+02
1.810000e-06	-3.527754e-09	-1.496562e-09	-1.862181e+01	-1.642329e+02
1.820000e-06	-3.503778e-09	-1.490360e-09	-1.849525e+01	-1.630144e+02
1.830000e-06	-3.479722e-09	-1.479595e-09	-1.836827e+01	-1.617917e+02
1.840000e-06	-3.455573e-09	-1.464341e-09	-1.824079e+01	-1.605648e+02
1.850000e-06	-3.431352e-09	-1.449914e-09	-1.811294e+01	-1.593337e+02
1.860000e-06	-3.407080e-09	-1.437062e-09	-1.798482e+01	-1.580984e+02
1.870000e-06	-3.382740e-09	-1.423117e-09	-1.785633e+01	-1.568590e+02
1.880000e-06	-3.358347e-09	-1.408889e-09	-1.772757e+01	-1.556156e+02
1.890000e-06	-3.333913e-09	-1.396186e-09	-1.759859e+01	-1.543681e+02
1.900000e-06	-3.309446e-09	-1.387373e-09	-1.746944e+01	-1.531166e+02
1.910000e-06	-3.284944e-09	-1.380409e-09	-1.734010e+01	-1.518611e+02
1.920000e-06	-3.260379e-09	-1.371598e-09	-1.721043e+01	-1.506016e+02
1.930000e-06	-3.235745e-09	-1.359330e-09	-1.708039e+01	-1.493382e+02
1.940000e-06	-3.211064e-09	-1.346016e-09	-1.695011e+01	-1.480710e+02
1.950000e-06	-3.186332e-09	-1.335571e-09	-1.681956e+01	-1.467998e+02
1.960000e-06	-3.161538e-09	-1.326712e-09	-1.668868e+01	-1.455249e+02
1.970000e-06	-3.136687e-09	-1.315690e-09	-1.655750e+01	-1.442462e+02
1.980000e-06	-3.111775e-09	-1.301221e-09	-1.642600e+01	-1.429637e+02
1.990000e-06	-3.086780e-09	-1.286194e-09	-1.629406e+01	-1.416774e+02
2.000000e-06	-3.061686e-09	-1.273593e-09	-1.616160e+01	-1.403875e+02
2.010000e-06	-3.036492e-09	-1.263340e-09	-1.602861e+01	-1.390940e+02
2.020000e-06	-3.011217e-09	-1.252858e-09	-1.589519e+01	-1.377968e+02
2.030000e-06	-2.985869e-09	-1.242087e-09	-1.576139e+01	-1.364961e+02
2.040000e-06	-2.960422e-09	-1.231473e-09	-1.562706e+01	-1.351917e+02
2.050000e-06	-2.934857e-09	-1.220617e-09	-1.549211e+01	-1.338839e+02
2.060000e-06	-2.909171e-09	-1.208811e-09	-1.535652e+01	-1.325726e+02
2.070000e-06	-2.883360e-09	-1.194537e-09	-1.522027e+01	-1.312578e+02
2.080000e-06	-2.857413e-09	-1.180628e-09	-1.508331e+01	-1.299396e+02
2.090000e-06	-2.831354e-09	-1.170111e-09	-1.494575e+01	-1.286180e+02
2.100000e-06	-2.805150e-09	-1.163093e-09	-1.480743e+01	-1.272931e+02
2.110000e-06	-2.778779e-09	-1.155255e-09	-1.466823e+01	-1.259649e+02
2.120000e-06	-2.752300e-09	-1.142099e-09	-1.452846e+01	-1.246333e+02
2.130000e-06	-2.725692e-09	-1.125621e-09	-1.438800e+01	-1.232986e+02
2.140000e-06	-2.698955e-09	-1.112496e-09	-1.424687e+01	-1.219606e+02
2.150000e-06	-2.672124e-09	-1.103541e-09	-1.410523e+01	-1.206194e+02
2.160000e-06	-2.645169e-09	-1.092881e-09	-1.396295e+01	-1.192751e+02
2.170000e-06	-2.618099e-09	-1.078011e-09	-1.382005e+01	-1.179277e+02
2.180000e-06	-2.590904e-09	-1.060638e-09	-1.367650e+01	-1.165773e+02
2.190000e-06	-2.563558e-09	-1.046181e-09	-1.353215e+01	-1.152238e+02
2.200000e-06	-2.536114e-09	-1.036042e-09	-1.338729e+01	-1.138672e+02
2.210000e-06	-2.508597e-09	-1.026240e-09	-1.324203e+01	-1.125078e+02
2.220000e-06	-2.480978e-09	-1.013344e-09	-1.309624e+01	-1.111454e+02
2.230000e-06	-2.453261e-09	-9.986231e-10	-1.294993e+01	-1.097801e+02
2.240000e-06	-2.425460e-09	-9.857541e-10	-1.280318e+01	-1.084119e+02
2.250000e-06	-2.397588e-09	-9.745982e-10	-1.265605e+01	-1.070409e+02
2.260000e-06	-2.369675e-09	-9.622829e-10	-1.250871e+01	-1.056671e+02
2.270000e-06	-2.341687e-09	-9.470275e-10	-1.236097e+01	-1.042906e+02
2.280000e-06	-2.313613e-09	-9.310359e-10	-1.221277e+01	-1.029114e+02
2.290000e-06	-2.285496e-09	-9.181757e-10	-1.206436e+01	-1.015295e+02
2.300000e-06	-2.257327e-09	-9.095051e-10	-1.191566e+01	-1.001449e+02
2.310000e-06	-2.229119e-09	-9.016048e-10	-1.176676e+01	-9.875772e+01
2.320000e-06	-2.200872e-09	-8.889350e-10	-1.161765e+01	-9.736798e+01
2.330000e-06	-2.172569e-09	-8.718007e-10	-1.146825e+01	-9.597569e+01
2.340000e-06	-2.144251e-09	-8.560480e-10	-1.131877e+01	-9.458091e+01
2.350000e-06	-2.115920e-09	-8.450927e-10	-1.116922e+01	-9.318366e+01
2.360000e-06	-2.087551e-09	-8.360968e-10	-1.101947e+01	-9.178398e+01
2.370000e-06	-2.059157e-09	-8.232503e-10	-1.086959e+01	-9.038192e+01
2.380000e-06	-2.030739e-09	-8.065843e-10	-1.071958e+01	-8.897749e+01
2.390000e-06	-2.002295e-09	-7.906392e-10	-1.056943e+01	-8.757075e+01
2.400000e-06	-1.973830e-09	-7.772058e-10	-1.041918e+01	-8.616173e+01
2.410000e-06	-1.945350e-09	-7.645606e-10	-1.026884e+01	-8.475046e+01
2.420000e-06	-1.916861e-09	-7.508148e-10	-1.011846e+01	-8.333699e+01
2.430000e-06	-1.888359e-09	-7.368023e-10	-9.968001e+00	-8.192134e+01
2.440000e-06	-1.859836e-09	-7.239536e-10	-9.817440e+00	-8.050355e+01
2.450000e-06	-1.831297e-09	-7.122686e-10	-9.666794e+00	-7.908367e+01
2.460000e-06	-1.802737e-09	-7.003239e-10	-9.516035e+00	-7.766173e+01
2.470000e-06	-1.774149e-09	-6.867002e-10	-9.365128e+00	-7.623776e+01
2.480000e-06	-1.745538e-09	-6.703542e-10	-9.214101e+00	-7.481181e+01
2.490000e-06	-1.716910e-09	-6.536509e-10	-9.062983e+00	-7.338391e+01
2.500000e-06	-1.688274e-09	-6.389750e-10	-8.911824e+00	-7.195409e+01
2.510000e-06	-1.659617e-09	-6.265007e-10	-8.760550e+00	-7.052240e+01
2.520000e-06	-1.630930e-09	-6.159587e-10	-8.609124e+00	-6.908887e+01
2.530000e-06	-1.602210e-09	-6.036471e-10	-8.457522e+00	-6.765353e+01
2.540000e-06	-1.573442e-09	-5.900419e-10	-8.305664e+00	-6.621644e+01
2.550000e-06	-1.544651e-09	-5.766402e-10	-8.153688e+00	-6.477761e+01
2.560000e-06	-1.515849e-09	-5.640304e-10	-8.001648e+00	-6.333710e+01
2.570000e-06	-1.487011e-09	-5.515627e-10	-7.849422e+00	-6.189494e+01
2.580000e-06	-1.458136e-09	-5.366049e-10	-7.697002e+00	-6.045116e+01
2.590000e-06	-1.429226e-09	-5.206585e-10	-7.544397e+00	-5.900580e+01
2.600000e-06	-1.400250e-09	-5.051021e-10	-7.391440e+00	-5.755891e+01
2.610000e-06	-1.371224e-09	-4.924469e-10	-7.238221e+00	-5.611051e+01
2.620000e-06	-1.342188e-09	-4.822335e-10	-7.084950e+00	-5.466065e+01
2.630000e-06	-1.313118e-09	-4.721572e-10	-6.931500e+00	-5.320937e+01
2.640000e-06	-1.283997e-09	-4.604220e-10	-6.777783e+00	-5.175669e+01
2.650000e-06	-1.254845e-09	-4.453207e-10	-6.623895e+00	-5.030267e+01
2.660000e-06	-1.225679e-09	-4.300091e-10	-6.469937e+00	-4.884733e+01
2.670000e-06	-1.196462e-09	-4.144675e-10	-6.315715e+00	-4.739072e+01
2.680000e-06	-1.167192e-09	-4.008724e-10	-6.161208e+00	-4.593286e+01
2.690000e-06	-1.137900e-09	-3.901729e-10	-6.006585e+00	-4.447382e+01
2.700000e-06	-1.108583e-09	-3.802548e-10	-5.851830e+00	-4.301360e+01
2.710000e-06	-1.079244e-09	-3.706160e-10	-5.696958e+00	-4.155227e+01
2.720000e-06	-1.049898e-09	-3.585519e-10	-5.542051e+00	-4.008985e+01
2.730000e-06	-1.020514e-09	-3.430974e-10	-5.386945e+00	-3.862638e+01
2.740000e-06	-9.910707e-10	-3.234697e-10	-5.231523e+00	-3.716191e+01
2.750000e-06	-9.615903e-10	-3.037000e-10	-5.075906e+00	-3.569646e+01
2.760000e-06	-9.320627e-10	-2.876732e-10	-4.920040e+00	-3.423008e+01
2.770000e-06	-9.025029e-10	-2.751451e-10	-4.764003e+00	-3.276281e+01
2.780000e-06	-8.729195e-10	-2.649631e-10	-4.607843e+00	-3.129467e+01
2.790000e-06	-8.433154e-10	-2.546327e-10	-4.451573e+00	-2.982572e+01
2.800000e-06	-8.137028e-10	-2.418531e-10	-4.295258e+00	-2.835599e+01
2.810000e-06	-7.840639e-10	-2.249270e-10	-4.138805e+00	-2.688552e+01
2.820000e-06	-7.543957e-10	-2.065293e-10	-3.982197e+00	-2.541434e+01
2.830000e-06	-7.247027e-10	-1.904786e-10	-3.825457e+00	-2.394250e+01
2.840000e-06	-6.949854e-10	-1.798402e-10	-3.668590e+00	-2.247003e+01
2.850000e-06	-6.652487e-10	-1.733064e-10	-3.511620e+00	-2.099697e+01
2.860000e-06	-6.354933e-10	-1.660084e-10	-3.354552e+00	-1.952336e+01
2.870000e-06	-6.057241e-10	-1.550849e-10	-3.197411e+00	-1.804923e+01
2.880000e-06	-5.759163e-10	-1.399230e-10	-3.040065e+00	-1.657463e+01
2.890000e-06	-5.460998e-10	-1.221821e-10	-2.882674e+00	-1.509960e+01
2.900000e-06	-5.162696e-10	-1.039998e-10	-2.725211e+00	-1.362417e+01
2.910000e-06	-4.864278e-10	-8.877980e-11	-2.567686e+00	-1.214838e+01
2.920000e-06	-4.566045e-10	-7.833127e-11	-2.410259e+00	-1.067227e+01
2.930000e-06	-4.267374e-10	-7.064484e-11	-2.252601e+00	-9.195874e+00
2.940000e-06	-3.968576e-10	-6.272901e-11	-2.094876e+00	-7.719236e+00
2.950000e-06	-3.669864e-10	-4.972050e-11	-1.937196e+00	-6.242393e+00
2.960000e-06	-3.370852e-10	-3.119975e-11	-1.779358e+00	-4.765382e+00
2.970000e-06	-3.071717e-10	-1.248990e-11	-1.621455e+00	-3.288243e+00
2.980000e-06	-2.772759e-10	3.430039e-12	-1.463645e+00	-1.811012e+00
2.990000e-06	-2.473756e-10	1.635116e-11	-1.305811e+00	-3.337304e-01
3.000000e-06	-2.174461e-10	2.802958e-11	-1.147824e+00	1.143565e+00
3.010000e-06	-1.875116e-10	3.975488e-11	-9.898093e-01	2.620836e+00
3.020000e-06	-1.575910e-10	5.129876e-11	-8.318687e-01	4.098044e+00
3.030000e-06	-1.276719e-10	6.232300e-11	-6.739361e-01	5.575151e+00
3.040000e-06	-9.773488e-11	7.306896e-11	-5.159088e-01	7.052117e+00
3.050000e-06	-6.779521e-11	8.653342e-11	-3.578675e-01	8.528905e+00
3.060000e-06	-3.785199e-11	1.042668e-10	-1.998077e-01	1.000548e+01
3.070000e-06	-7.905807e-12	1.225588e-10	-4.173205e-02	1.148179e+01
3.080000e-06	2.203540e-11	1.372340e-10	1.163175e-01	1.295781e+01
3.090000e-06	5.195227e-11	1.477058e-10	2.742385e-01	1.443350e+01
3.100000e-06	8.186808e-11	1.581501e-10	4.321537e-01	1.590882e+01
3.110000e-06	1.117975e-10	1.711372e-10	5.901408e-01	1.738374e+01
3.120000e-06	1.417059e-10	1.849216e-10	7.480173e-01	1.885820e+01
3.130000e-06	1.716172e-10	1.967463e-10	9.059085e-01	2.033218e+01
3.140000e-06	2.015383e-10	2.038743e-10	1.063852e+00	2.180564e+01
3.150000e-06	2.314632e-10	2.123441e-10	1.221815e+00	2.327853e+01
3.160000e-06	2.613854e-10	2.279129e-10	1.379764e+00	2.475082e+01
3.170000e-06	2.912803e-10	2.461229e-10	1.537569e+00	2.622248e+01
3.180000e-06	3.211706e-10	2.616562e-10	1.695350e+00	2.769345e+01
3.190000e-06	3.510508e-10	2.709099e-10	1.853078e+00	2.916372e+01
3.200000e-06	3.808960e-10	2.775211e-10	2.010620e+00	3.063323e+01
3.210000e-06	4.107390e-10	2.861101e-10	2.168151e+00	3.210194e+01
3.220000e-06	4.405896e-10	2.979067e-10	2.325722e+00	3.356983e+01
3.230000e-06	4.704233e-10	3.118122e-10	2.483204e+00	3.503685e+01
3.240000e-06	5.002421e-10	3.252842e-10	2.640607e+00	3.650297e+01
3.250000e-06	5.300412e-10	3.417979e-10	2.797906e+00	3.796814e+01
3.260000e-06	5.597970e-10	3.589016e-10	2.954976e+00	3.943233e+01
3.270000e-06	5.895274e-10	3.722654e-10	3.111913e+00	4.089549e+01
3.280000e-06	6.192668e-10	3.807947e-10	3.268897e+00	4.235760e+01
3.290000e-06	6.489950e-10	3.861749e-10	3.425822e+00	4.381862e+01
3.300000e-06	6.786801e-10	3.947091e-10	3.582520e+00	4.527850e+01
3.310000e-06	7.083427e-10	4.090182e-10	3.739099e+00	4.673720e+01
3.320000e-06	7.379808e-10	4.287147e-10	3.895549e+00	4.819470e+01
3.330000e-06	7.675999e-10	4.481634e-10	4.051897e+00	4.965095e+01
3.340000e-06	7.971844e-10	4.634481e-10	4.208064e+00	5.110591e+01
3.350000e-06	8.267555e-10	4.761127e-10	4.364160e+00	5.255955e+01
3.360000e-06	8.563254e-10	4.870507e-10	4.520249e+00	5.401182e+01
3.370000e-06	8.858467e-10	4.969157e-10	4.676082e+00	5.546270e+01
3.380000e-06	9.153472e-10	5.056773e-10	4.831805e+00	5.691214e+01
3.390000e-06	9.448427e-10	5.152963e-10	4.987501e+00	5.836011e+01
3.400000e-06	9.743088e-10	5.293305e-10	5.143042e+00	5.980656e+01
3.410000e-06	1.003744e-09	5.484684e-10	5.298418e+00	6.125146e+01
3.420000e-06	1.033143e-09	5.675386e-10	5.453606e+00	6.269478e+01
3.430000e-06	1.062494e-09	5.795110e-10	5.608542e+00	6.413647e+01
3.440000e-06	1.091816e-09	5.848232e-10	5.763323e+00	6.557650e+01
3.450000e-06	1.121090e-09	5.901970e-10	5.917849e+00	6.701483e+01
3.460000e-06	1.150307e-09	6.012095e-10	6.072077e+00	6.845142e+01
3.470000e-06	1.179512e-09	6.160147e-10	6.226243e+00	6.988623e+01
3.480000e-06	1.208715e-09	6.308846e-10	6.380395e+00	7.131924e+01
3.490000e-06	1.237866e-09	6.440148e-10	6.534271e+00	7.275039e+01
3.500000e-06	1.266953e-09	6.554222e-10	6.687809e+00	7.417966e+01
3.510000e-06	1.296006e-09	6.669957e-10	6.841170e+00	7.560700e+01
3.520000e-06	1.325037e-09	6.779613e-10	6.994417e+00	7.703238e+01
3.530000e-06	1.354040e-09	6.879274e-10	7.147513e+00	7.845577e+01
3.540000e-06	1.382996e-09	6.975377e-10	7.300364e+00	7.987712e+01
3.550000e-06	1.411903e-09	7.083892e-10	7.452951e+00	8.129640e+01
3.560000e-06	1.440782e-09	7.204268e-10	7.605396e+00	8.271357e+01
3.570000e-06	1.469635e-09	7.315937e-10	7.757699e+00	8.412859e+01
3.580000e-06	1.498462e-09	7.418980e-10	7.909870e+00	8.554143e+01
3.590000e-06	1.527270e-09	7.528196e-10	8.061937e+00	8.695205e+01
3.600000e-06	1.556050e-09	7.657265e-10	8.213854e+00	8.836042e+01
3.610000e-06	1.584811e-09	7.806553e-10	8.365675e+00	8.976650e+01
3.620000e-06	1.613542e-09	7.947646e-10	8.517337e+00	9.117024e+01
3.630000e-06	1.642226e-09	8.051634e-10	8.668752e+00	9.257162e+01
3.640000e-06	1.670888e-09	8.138665e-10	8.820046e+00	9.397060e+01
3.650000e-06	1.699538e-09	8.239495e-10	8.971278e+00	9.536714e+01
3.660000e-06	1.728146e-09	8.362289e-10	9.122292e+00	9.676120e+01
3.670000e-06	1.756727e-09	8.495984e-10	9.273160e+00	9.815276e+01
3.680000e-06	1.785299e-09	8.634371e-10	9.423985e+00	9.954176e+01
3.690000e-06	1.813855e-09	8.773698e-10	9.574718e+00	1.009282e+02
3.700000e-06	1.842391e-09	8.913386e-10	9.725354e+00	1.023120e+02
3.710000e-06	1.870911e-09	9.040914e-10	9.875899e+00	1.036931e+02
3.720000e-06	1.899407e-09	9.140230e-10	1.002632e+01	1.050716e+02
3.730000e-06	1.927882e-09	9.223110e-10	1.017663e+01	1.064473e+02
3.740000e-06	1.956343e-09	9.310984e-10	1.032687e+01	1.078203e+02
3.750000e-06	1.984784e-09	9.439040e-10	1.047700e+01	1.091905e+02
3.760000e-06	2.013204e-09	9.606156e-10	1.062702e+01	1.105578e+02
3.770000e-06	2.041615e-09	9.773986e-10	1.077699e+01	1.119223e+02
3.780000e-06	2.070015e-09	9.915167e-10	1.092690e+01	1.132838e+02
3.790000e-06	2.098380e-09	1.001476e-09	1.107663e+01	1.146425e+02
3.800000e-06	2.126716e-09	1.009314e-09	1.122621e+01	1.159981e+02
3.810000e-06	2.155029e-09	1.018808e-09	1.137566e+01	1.173507e+02
3.820000e-06	2.183308e-09	1.031175e-09	1.152494e+01	1.187003e+02
3.830000e-06	2.211552e-09	1.044846e-09	1.167403e+01	1.200468e+02
3.840000e-06	2.239744e-09	1.058730e-09	1.182284e+01	1.213902e+02
3.850000e-06	2.267884e-09	1.072791e-09	1.197139e+01	1.227305e+02
3.860000e-06	2.295997e-09	1.086582e-09	1.211979e+01	1.240675e+02
3.870000e-06	2.324055e-09	1.099634e-09	1.226789e+01	1.254013e+02
3.880000e-06	2.352032e-09	1.111937e-09	1.241557e+01	1.267319e+02
3.890000e-06	2.379928e-09	1.124712e-09	1.256283e+01	1.280592e+02
3.900000e-06	2.407769e-09	1.138865e-09	1.270979e+01	1.293832e+02
3.910000e-06	2.435557e-09	1.153251e-09	1.285648e+01	1.307038e+02
3.920000e-06	2.463228e-09	1.165749e-09	1.300254e+01	1.320210e+02
3.930000e-06	2.490793e-09	1.174497e-09	1.314805e+01	1.333348e+02
3.940000e-06	2.518269e-09	1.180254e-09	1.329308e+01	1.346451e+02
3.950000e-06	2.545621e-09	1.187681e-09	1.343747e+01	1.359519e+02
3.960000e-06	2.572836e-09	1.198916e-09	1.358113e+01	1.372552e+02
3.970000e-06	2.599946e-09	1.212971e-09	1.372423e+01	1.385549e+02
3.980000e-06	2.626973e-09	1.226605e-09	1.386689e+01	1.398511e+02
3.990000e-06	2.653867e-09	1.237096e-09	1.400886e+01	1.411436e+02
4.000000e-06	2.680597e-09	1.246398e-09	1.414996e+01	1.424324e+02
4.010000e-06	2.707198e-09	1.256262e-09	1.429037e+01	1.437175e+02
4.020000e-06	2.733665e-09	1.267964e-09	1.443008e+01	1.449990e+02
4.030000e-06	2.759985e-09	1.281157e-09	1.456902e+01	1.462766e+02
4.040000e-06	2.786191e-09	1.294272e-09	1.470735e+01	1.475504e+02
4.050000e-06	2.812281e-09	1.305711e-09	1.484507e+01	1.488205e+02
4.060000e-06	2.838248e-09	1.314554e-09	1.498214e+01	1.500866e+02
4.070000e-06	2.864101e-09	1.323846e-09	1.511861e+01	1.513488e+02
4.080000e-06	2.889821e-09	1.334771e-09	1.525438e+01	1.526072e+02
4.090000e-06	2.915434e-09	1.344707e-09	1.538958e+01	1.538615e+02
4.100000e-06	2.940962e-09	1.352949e-09	1.552433e+01	1.551119e+02
4.110000e-06	2.966370e-09	1.362227e-09	1.565845e+01	1.563582e+02
4.120000e-06	2.991661e-09	1.374018e-09	1.579196e+01	1.576005e+02
4.130000e-06	3.016856e-09	1.387058e-09	1.592495e+01	1.588387e+02
4.140000e-06	3.041973e-09	1.398580e-09	1.605754e+01	1.600727e+02
4.150000e-06	3.066999e-09	1.407122e-09	1.618964e+01	1.613026e+02
4.160000e-06	3.091926e-09	1.414198e-09	1.632122e+01	1.625283e+02
4.170000e-06	3.116774e-09	1.422700e-09	1.645239e+01	1.637498e+02
4.180000e-06	3.141577e-09	1.434576e-09	1.658331e+01	1.649671e+02
4.190000e-06	3.166331e-09	1.448795e-09	1.671398e+01	1.661800e+02
4.200000e-06	3.191016e-09	1.462528e-09	1.684428e+01	1.673887e+02
4.210000e-06	3.215636e-09	1.475070e-09	1.697424e+01	1.685929e+02
4.220000e-06	3.240199e-09	1.486265e-09	1.710390e+01	1.697929e+02
4.230000e-06	3.264722e-09	1.495851e-09	1.723335e+01	1.709884e+02
4.240000e-06	3.289202e-09	1.503782e-09	1.736257e+01	1.721794e+02
4.250000e-06	3.313626e-09	1.510915e-09	1.749150e+01	1.733660e+02
4.260000e-06	3.337991e-09	1.521485e-09	1.762011e+01	1.745481e+02
4.270000e-06	3.362301e-09	1.536133e-09	1.774844e+01	1.757256e+02
4.280000e-06	3.386566e-09	1.550524e-09	1.787653e+01	1.768986e+02
4.290000e-06	3.410773e-09	1.560127e-09	1.800431e+01	1.780670e+02
4.300000e-06	3.434911e-09	1.565949e-09	1.813172e+01	1.792308e+02
4.310000e-06	3.458999e-09	1.573557e-09	1.825888e+01	1.803899e+02
4.320000e-06	3.482988e-09	1.585011e-09	1.838551e+01	1.815443e+02
4.330000e-06	3.506846e-09	1.597606e-09	1.851145e+01	1.826941e+02
4.340000e-06	3.530613e-09	1.608547e-09	1.863690e+01	1.838390e+02
4.350000e-06	3.554307e-09	1.616871e-09	1.876198e+01	1.849792e+02
4.360000e-06	3.577902e-09	1.624553e-09	1.888652e+01	1.861146e+02
4.370000e-06	3.601366e-09	1.634659e-09	1.901038e+01	1.872452e+02
4.380000e-06	3.624707e-09	1.646083e-09	1.913359e+01	1.883709e+02
4.390000e-06	3.647944e-09	1.656079e-09	1.925625e+01	1.894916e+02
4.400000e-06	3.671081e-09	1.666251e-09	1.937839e+01	1.906075e+02
4.410000e-06	3.694109e-09	1.679720e-09	1.949994e+01	1.917185e+02
4.420000e-06	3.717030e-09	1.693398e-09	1.962093e+01	1.928244e+02
4.430000e-06	3.739851e-09	1.702270e-09	1.974140e+01	1.939253e+02
4.440000e-06	3.762597e-09	1.705545e-09	1.986147e+01	1.950212e+02
4.450000e-06	3.785284e-09	1.708836e-09	1.998122e+01	1.961121e+02
4.460000e-06	3.807899e-09	1.719424e-09	2.010060e+01	1.971978e+02
4.470000e-06	3.830445e-09	1.735347e-09	2.021961e+01	1.982784e+02
4.480000e-06	3.852918e-09	1.749541e-09	2.033824e+01	1.993539e+02
4.490000e-06	3.875308e-09	1.757917e-09	2.045643e+01	2.004242e+02
4.500000e-06	3.897613e-09	1.762898e-09	2.057417e+01	2.014893e+02
4.510000e-06	3.919827e-09	1.770486e-09	2.069143e+01	2.025491e+02
4.520000e-06	3.941951e-09	1.781828e-09	2.080822e+01	2.036037e+02
4.530000e-06	3.963988e-09	1.793418e-09	2.092454e+01	2.046530e+02
4.540000e-06	3.985914e-09	1.802661e-09	2.104028e+01	2.056970e+02
4.550000e-06	4.007720e-09	1.811588e-09	2.115539e+01	2.067356e+02
4.560000e-06	4.029418e-09	1.823338e-09	2.126992e+01	2.077689e+02
4.570000e-06	4.051003e-09	1.835386e-09	2.138386e+01	2.087968e+02
4.580000e-06	4.072462e-09	1.843186e-09	2.149714e+01	2.098192e+02
4.590000e-06	4.093796e-09	1.848511e-09	2.160975e+01	2.108362e+02
4.600000e-06	4.115001e-09	1.857456e-09	2.172168e+01	2.118477e+02
4.610000e-06	4.136093e-09	1.872365e-09	2.183303e+01	2.128538e+02
4.620000e-06	4.157097e-09	1.886895e-09	2.194390e+01	2.138542e+02
4.630000e-06	4.178009e-09	1.893720e-09	2.205429e+01	2.148492e+02
4.640000e-06	4.198825e-09	1.894666e-09	2.216417e+01	2.158385e+02
4.650000e-06	4.219554e-09	1.895397e-09	2.227359e+01	2.168223e+02
4.660000e-06	4.240221e-09	1.901599e-09	2.238268e+01	2.178004e+02
4.670000e-06	4.260829e-09	1.913116e-09	2.249146e+01	2.187728e+02
4.680000e-06	4.281392e-09	1.924334e-09	2.260001e+01	2.197396e+02
4.690000e-06	4.301919e-09	1.933603e-09	2.270836e+01	2.207007e+02
4.700000e-06	4.322393e-09	1.942494e-09	2.281644e+01	2.216560e+02
4.710000e-06	4.342812e-09	1.953531e-09	2.292422e+01	2.226056e+02
4.720000e-06	4.363182e-09	1.963270e-09	2.303175e+01	2.235494e+02
4.730000e-06	4.383508e-09	1.968114e-09	2.313904e+01	2.244874e+02
4.740000e-06	4.403789e-09	1.970978e-09	2.324610e+01	2.254195e+02
4.750000e-06	4.423992e-09	1.977794e-09	2.335274e+01	2.263458e+02
4.760000e-06	4.444074e-09	1.990282e-09	2.345875e+01	2.272662e+02
4.770000e-06	4.464042e-09	2.002072e-09	2.356416e+01	2.281807e+02
4.780000e-06	4.483918e-09	2.008997e-09	2.366908e+01	2.290893e+02
4.790000e-06	4.503683e-09	2.013201e-09	2.377341e+01	2.299919e+02
4.800000e-06	4.523326e-09	2.019599e-09	2.387710e+01	2.308886e+02
4.810000e-06	4.542828e-09	2.029222e-09	2.398004e+01	2.317792e+02
4.820000e-06	4.562180e-09	2.037625e-09	2.408219e+01	2.326639e+02
4.830000e-06	4.581384e-09	2.041242e-09	2.418356e+01	2.335425e+02
4.840000e-06	4.600434e-09	2.041157e-09	2.428412e+01	2.344150e+02
4.850000e-06	4.619334e-09	2.042533e-09	2.438389e+01	2.352814e+02
4.860000e-06	4.638096e-09	2.048915e-09	2.448293e+01	2.361417e+02
4.870000e-06	4.656739e-09	2.058615e-09	2.458134e+01	2.369959e+02
4.880000e-06	4.675284e-09	2.067937e-09	2.467923e+01	2.378440e+02
4.890000e-06	4.693736e-09	2.074864e-09	2.477663e+01	2.386858e+02
4.900000e-06	4.712087e-09	2.081581e-09	2.487350e+01	2.395215e+02
4.910000e-06	4.730348e-09	2.088736e-09	2.496990e+01	2.403509e+02
4.920000e-06	4.748533e-09	2.094036e-09	2.506588e+01	2.411741e+02
4.930000e-06	4.766606e-09	2.097983e-09	2.516129e+01	2.419910e+02
4.940000e-06	4.784592e-09	2.102625e-09	2.525623e+01	2.428016e+02
4.950000e-06	4.802520e-09	2.108529e-09	2.535086e+01	2.436059e+02
4.960000e-06	4.820382e-09	2.115415e-09	2.544515e+01	2.444039e+02
4.970000e-06	4.838167e-09	2.122582e-09	2.553904e+01	2.451956e+02
4.980000e-06	4.855872e-09	2.129086e-09	2.563249e+01	2.459808e+02
4.990000e-06	4.873496e-09	2.134338e-09	2.572552e+01	2.467597e+02
5.000000e-06	4.891026e-09	2.139877e-09	2.581806e+01	2.475322e+02
5.010000e-06	4.908420e-09	2.146646e-09	2.590987e+01	2.482982e+02
5.020000e-06	4.925663e-09	2.152914e-09	2.600089e+01	2.490578e+02
5.030000e-06	4.942781e-09	2.157603e-09	2.609126e+01	2.498109e+02
5.040000e-06	4.959741e-09	2.161861e-09	2.618078e+01	2.505576e+02
5.050000e-06	4.976497e-09	2.166754e-09	2.626923e+01	2.512977e+02
5.060000e-06	4.993055e-09	2.171933e-09	2.635664e+01	2.520313e+02
5.070000e-06	5.009465e-09	2.176693e-09	2.644326e+01	2.527583e+02
5.080000e-06	5.025724e-09	2.181433e-09	2.652908e+01	2.534788e+02
5.090000e-06	5.041741e-09	2.188237e-09	2.661363e+01	2.541927e+02
5.100000e-06	5.057535e-09	2.196450e-09	2.669700e+01	2.549000e+02
5.110000e-06	5.073169e-09	2.203455e-09	2.677953e+01	2.556006e+02
5.120000e-06	5.088603e-09	2.209441e-09	2.686100e+01	2.562947e+02
5.130000e-06	5.103843e-09	2.214574e-09	2.694145e+01	2.569820e+02
5.140000e-06	5.118927e-09	2.220345e-09	2.702107e+01	2.576627e+02
5.150000e-06	5.133869e-09	2.227725e-09	2.709994e+01	2.583367e+02
5.160000e-06	5.148677e-09	2.234244e-09	2.717811e+01	2.590040e+02
5.170000e-06	5.163357e-09	2.238405e-09	2.725560e+01	2.596645e+02
5.180000e-06	5.177903e-09	2.240580e-09	2.733238e+01	2.603183e+02
5.190000e-06	5.192302e-09	2.244471e-09	2.740839e+01	2.609654e+02
5.200000e-06	5.206578e-09	2.249834e-09	2.748375e+01	2.616056e+02
5.210000e-06	5.220741e-09	2.253972e-09	2.755851e+01	2.622391e+02
5.220000e-06	5.234779e-09	2.257051e-09	2.763261e+01	2.628657e+02
5.230000e-06	5.248653e-09	2.260893e-09	2.770585e+01	2.634856e+02
5.240000e-06	5.262333e-09	2.267445e-09	2.777806e+01	2.640985e+02
5.250000e-06	5.275853e-09	2.273892e-09	2.784943e+01	2.647047e+02
5.260000e-06	5.289218e-09	2.277959e-09	2.791997e+01	2.653039e+02
5.270000e-06	5.302427e-09	2.279693e-09	2.798970e+01	2.658962e+02
5.280000e-06	5.315477e-09	2.282379e-09	2.805859e+01	2.664817e+02
5.290000e-06	5.328382e-09	2.288050e-09	2.812671e+01	2.670602e+02
5.300000e-06	5.341158e-09	2.294145e-09	2.819415e+01	2.676317e+02
5.310000e-06	5.353843e-09	2.298744e-09	2.826111e+01	2.681964e+02
5.320000e-06	5.366441e-09	2.301090e-09	2.832761e+01	2.687540e+02
5.330000e-06	5.378931e-09	2.304182e-09	2.839354e+01	2.693047e+02
5.340000e-06	5.391306e-09	2.310366e-09	2.845887e+01	2.698483e+02
5.350000e-06	5.403559e-09	2.317155e-09	2.852354e+01	2.703850e+02
5.360000e-06	5.415699e-09	2.321451e-09	2.858763e+01	2.709146e+02
5.370000e-06	5.427705e-09	2.323509e-09	2.865100e+01	2.714372e+02
5.380000e-06	5.439539e-09	2.326096e-09	2.871347e+01	2.719528e+02
5.390000e-06	5.451169e-09	2.330811e-09	2.877486e+01	2.724612e+02
5.400000e-06	5.462606e-09	2.335839e-09	2.883523e+01	2.729626e+02
5.410000e-06	5.473837e-09	2.337615e-09	2.889452e+01	2.734569e+02
5.420000e-06	5.484807e-09	2.336215e-09	2.895242e+01	2.739441e+02
5.430000e-06	5.495531e-09	2.336327e-09	2.900903e+01	2.744242e+02
5.440000e-06	5.506043e-09	2.340457e-09	2.906452e+01	2.748972e+02
5.450000e-06	5.516326e-09	2.344828e-09	2.911880e+01	2.753630e+02
5.460000e-06	5.526352e-09	2.346073e-09	2.917173e+01	2.758216e+02
5.470000e-06	5.536116e-09	2.346442e-09	2.922326e+01	2.762731e+02
5.480000e-06	5.545639e-09	2.349074e-09	2.927354e+01	2.767174e+02
5.490000e-06	5.554984e-09	2.354810e-09	2.932286e+01	2.771546e+02
5.500000e-06	5.564170e-09	2.360025e-09	2.937136e+01	2.775845e+02
5.510000e-06	5.573191e-09	2.362425e-09	2.941897e+01	2.780072e+02
5.520000e-06	5.582062e-09	2.364991e-09	2.946580e+01	2.784227e+02
5.530000e-06	5.590828e-09	2.370242e-09	2.951207e+01	2.788309e+02
5.540000e-06	5.599522e-09	2.377523e-09	2.955796e+01	2.792319e+02
5.550000e-06	5.608135e-09	2.382203e-09	2.960343e+01	2.796257e+02
5.560000e-06	5.616659e-09	2.383123e-09	2.964842e+01	2.800121e+02
5.570000e-06	5.625092e-09	2.383459e-09	2.969294e+01	2.803913e+02
5.580000e-06	5.633449e-09	2.387631e-09	2.973705e+01	2.807633e+02
5.590000e-06	5.641726e-09	2.395733e-09	2.978074e+01	2.811279e+02
5.600000e-06	5.649903e-09	2.401585e-09	2.982391e+01	2.814852e+02
5.610000e-06	5.657989e-09	2.403368e-09	2.986659e+01	2.818352e+02
5.620000e-06	5.665945e-09	2.403929e-09	2.990859e+01	2.821779e+02
5.630000e-06	5.673720e-09	2.406571e-09	2.994963e+01	2.825133e+02
5.640000e-06	5.681317e-09	2.411645e-09	2.998973e+01	2.828413e+02
5.650000e-06	5.688759e-09	2.416444e-09	3.002901e+01	2.831619e+02
5.660000e-06	5.696047e-09	2.419950e-09	3.006749e+01	2.834752e+02
5.670000e-06	5.703188e-09	2.423547e-09	3.010518e+01	2.837812e+02
5.680000e-06	5.710193e-09	2.429106e-09	3.014216e+01	2.840797e+02
5.690000e-06	5.717047e-09	2.436035e-09	3.017834e+01	2.843709e+02
5.700000e-06	5.723756e-09	2.441115e-09	3.021375e+01	2.846547e+02
5.710000e-06	5.730351e-09	2.443477e-09	3.024856e+01	2.849311e+02
5.720000e-06	5.736822e-09	2.445952e-09	3.028272e+01	2.852001e+02
5.730000e-06	5.743163e-09	2.451643e-09	3.031619e+01	2.854617e+02
5.740000e-06	5.749383e-09	2.458093e-09	3.034903e+01	2.857159e+02
5.750000e-06	5.755470e-09	2.459964e-09	3.038116e+01	2.859626e+02
5.760000e-06	5.761386e-09	2.458837e-09	3.041239e+01	2.862019e+02
5.770000e-06	5.767129e-09	2.459961e-09	3.044270e+01	2.864338e+02
5.780000e-06	5.772724e-09	2.465560e-09	3.047224e+01	2.866583e+02
5.790000e-06	5.778160e-09	2.471669e-09	3.050093e+01	2.868752e+02
5.800000e-06	5.783424e-09	2.473977e-09	3.052872e+01	2.870848e+02
5.810000e-06	5.788540e-09	2.472928e-09	3.055573e+01	2.872869e+02
5.820000e-06	5.793527e-09	2.472369e-09	3.058205e+01	2.874815e+02
5.830000e-06	5.798371e-09	2.475127e-09	3.060762e+01	2.876686e+02
5.840000e-06	5.803116e-09	2.479082e-09	3.063266e+01	2.878483e+02
5.850000e-06	5.807783e-09	2.482250e-09	3.065730e+01	2.880205e+02
5.860000e-06	5.812360e-09	2.483753e-09	3.068146e+01	2.881852e+02
5.870000e-06	5.816862e-09	2.485183e-09	3.070523e+01	2.883424e+02
5.880000e-06	5.821298e-09	2.488159e-09	3.072864e+01	2.884921e+02
5.890000e-06	5.825670e-09	2.491068e-09	3.075172e+01	2.886343e+02
5.900000e-06	5.829963e-09	2.492111e-09	3.077438e+01	2.887690e+02
5.910000e-06	5.834132e-09	2.491500e-09	3.079639e+01	2.888963e+02
5.920000e-06	5.838153e-09	2.491713e-09	3.081761e+01	2.890160e+02
5.930000e-06	5.842047e-09	2.493303e-09	3.083817e+01	2.891282e+02
5.940000e-06	5.845800e-09	2.495638e-09	3.085798e+01	2.892329e+02
5.950000e-06	5.849354e-09	2.496712e-09	3.087674e+01	2.893301e+02
5.960000e-06	5.852688e-09	2.495775e-09	3.089434e+01	2.894197e+02
5.970000e-06	5.855777e-09	2.495056e-09	3.091064e+01	2.895019e+02
5.980000e-06	5.858614e-09	2.495565e-09	3.092562e+01	2.895765e+02
5.990000e-06	5.861217e-09	2.497189e-09	3.093936e+01	2.896436e+02
6.000000e-06	5.863577e-09	2.498485e-09	3.095182e+01	2.897031e+02
6.010000e-06	5.865680e-09	2.499317e-09	3.096292e+01	2.897552e+02
6.020000e-06	5.867523e-09	2.500765e-09	3.097265e+01	2.897997e+02
6.030000e-06	5.869141e-09	2.503607e-09	3.098119e+01	2.898367e+02
6.040000e-06	5.870565e-09	2.505985e-09	3.098871e+01	2.898661e+02
6.050000e-06	5.871803e-09	2.505960e-09	3.099524e+01	2.898880e+02
6.060000e-06	5.872870e-09	2.504001e-09	3.100087e+01	2.899024e+02
6.070000e-06	5.873801e-09	2.501752e-09	3.100579e+01	2.899093e+02
6.080000e-06	5.874614e-09	2.500487e-09	3.101008e+01	2.899086e+02
6.090000e-06	5.875321e-09	2.501484e-09	3.101381e+01	2.899004e+02
6.100000e-06	5.875934e-09	2.502623e-09	3.101705e+01	2.898846e+02
6.110000e-06	5.876473e-09	2.502445e-09	3.101989e+01	2.898614e+02
6.120000e-06	5.876946e-09	2.504719e-09	3.102239e+01	2.898306e+02
6.130000e-06	5.877327e-09	2.507948e-09	3.102440e+01	2.897922e+02
6.140000e-06	5.877612e-09	2.509602e-09	3.102590e+01	2.897464e+02
6.150000e-06	5.877795e-09	2.508694e-09	3.102687e+01	2.896930e+02
6.160000e-06	5.877858e-09	2.509112e-09	3.102721e+01	2.896320e+02
6.170000e-06	5.877809e-09	2.532941e-09	3.102695e+01	2.895636e+02
6.180000e-06	5.877641e-09	2.557103e-09	3.102606e+01	2.894876e+02
6.190000e-06	5.877336e-09	2.532674e-09	3.102445e+01	2.894041e+02
6.200000e-06	5.876866e-09	2.483621e-09	3.102196e+01	2.893131e+02
6.210000e-06	5.876206e-09	2.506033e-09	3.101848e+01	2.892146e+02
6.220000e-06	5.875360e-09	2.517848e-09	3.101402e+01	2.891085e+02
6.230000e-06	5.874303e-09	2.434635e-09	3.100843e+01	2.889949e+02
6.240000e-06	5.873032e-09	2.421139e-09	3.100172e+01	2.888739e+02
6.250000e-06	5.871590e-09	2.521499e-09	3.099411e+01	2.887453e+02
6.260000e-06	5.870010e-09	2.575503e-09	3.098577e+01	2.886092e+02
6.270000e-06	5.868332e-09	2.563867e-09	3.097692e+01	2.884656e+02
6.280000e-06	5.866565e-09	2.584586e-09	3.096759e+01	2.883146e+02
6.290000e-06	5.864680e-09	2.589500e-09	3.095764e+01	2.881560e+02
6.300000e-06	5.862652e-09	2.569487e-09	3.094693e+01	2.879900e+02
6.310000e-06	5.860494e-09	2.519624e-09	3.093554e+01	2.878164e+02
6.320000e-06	5.858202e-09	2.468883e-09	3.092344e+01	2.876354e+02
6.330000e-06	5.855774e-09	2.477986e-09	3.091063e+01	2.874469e+02
6.340000e-06	5.853211e-09	2.511830e-09	3.089710e+01	2.872510e+02
6.350000e-06	5.850530e-09	2.540727e-09	3.088294e+01	2.870475e+02
6.360000e-06	5.847711e-09	2.513978e-09	3.086807e+01	2.868367e+02
6.370000e-06	5.844738e-09	2.481471e-09	3.085237e+01	2.866183e+02
6.380000e-06	5.841655e-09	2.502417e-09	3.083610e+01	2.863925e+02
6.390000e-06	5.838464e-09	2.534603e-09	3.081925e+01	2.861593e+02
6.400000e-06	5.835178e-09	2.502282e-09	3.080191e+01	2.859187e+02
6.410000e-06	5.831786e-09	2.462184e-09	3.078400e+01	2.856706e+02
6.420000e-06	5.828294e-09	2.507441e-09	3.076557e+01	2.854151e+02
6.430000e-06	5.824720e-09	2.543168e-09	3.074671e+01	2.851521e+02
6.440000e-06	5.821048e-09	2.513338e-09	3.072732e+01	2.848818e+02
6.450000e-06	5.817285e-09	2.476306e-09	3.070746e+01	2.846041e+02
6.460000e-06	5.813401e-09	2.491338e-09	3.068695e+01	2.843189e+02
6.470000e-06	5.809377e-09	2.510671e-09	3.066571e+01	2.840264e+02
6.480000e-06	5.805196e-09	2.490229e-09	3.064364e+01	2.837265e+02
6.490000e-06	5.800833e-09	2.476443e-09	3.062061e+01	2.834193e+02
6.500000e-06	5.796240e-09	2.487329e-09	3.059637e+01	2.831046e+02
6.510000e-06	5.791412e-09	2.491270e-09	3.057088e+01	2.827826e+02
6.520000e-06	5.786352e-09	2.466746e-09	3.054417e+01	2.824533e+02
6.530000e-06	5.781011e-09	2.462862e-09	3.051598e+01	2.821166e+02
6.540000e-06	5.775416e-09	2.477504e-09	3.048645e+01	2.817726e+02
6.550000e-06	5.769554e-09	2.469056e-09	3.045550e+01	2.814213e+02
6.560000e-06	5.763422e-09	2.450681e-09	3.042313e+01	2.810626e+02
6.570000e-06	5.757072e-09	2.456040e-09	3.038961e+01	2.806967e+02
6.580000e-06	5.750522e-09	2.470913e-09	3.035504e+01	2.803235e+02
6.590000e-06	5.743771e-09	2.454048e-09	3.031940e+01	2.799429e+02
6.600000e-06	5.736831e-09	2.435062e-09	3.028277e+01	2.795551e+02
6.610000e-06	5.729755e-09	2.442741e-09	3.024542e+01	2.791601e+02
6.620000e-06	5.722571e-09	2.449214e-09	3.020749e+01	2.787578e+02
6.630000e-06	5.715282e-09	2.430931e-09	3.016902e+01	2.783482e+02
6.640000e-06	5.707896e-09	2.419052e-09	3.013003e+01	2.779314e+02
6.650000e-06	5.700431e-09	2.425123e-09	3.009063e+01	2.775074e+02
6.660000e-06	5.692892e-09	2.416227e-09	3.005083e+01	2.770762e+02
6.670000e-06	5.685266e-09	2.406149e-09	3.001057e+01	2.766378e+02
6.680000e-06	5.677543e-09	2.415063e-09	2.996981e+01	2.761922e+02
6.690000e-06	5.669734e-09	2.419579e-09	2.992858e+01	2.757394e+02
6.700000e-06	5.661820e-09	2.400335e-09	2.988681e+01	2.752794e+02
6.710000e-06	5.653784e-09	2.387861e-09	2.984439e+01	2.748123e+02
6.720000e-06	5.645613e-09	2.394400e-09	2.980126e+01	2.743381e+02
6.730000e-06	5.637262e-09	2.394841e-09	2.975718e+01	2.738567e+02
6.740000e-06	5.628716e-09	2.386480e-09	2.971207e+01	2.733682e+02
6.750000e-06	5.619987e-09	2.380658e-09	2.966599e+01	2.728726e+02
6.760000e-06	5.611085e-09	2.377056e-09	2.961900e+01	2.723700e+02
6.770000e-06	5.602033e-09	2.370893e-09	2.957122e+01	2.718602e+02
6.780000e-06	5.592864e-09	2.369934e-09	2.952281e+01	2.713434e+02
6.790000e-06	5.583583e-09	2.364283e-09	2.947382e+01	2.708195e+02
6.800000e-06	5.574186e-09	2.347664e-09	2.942422e+01	2.702886e+02
6.810000e-06	5.564678e-09	2.338414e-09	2.937403e+01	2.697507e+02
6.820000e-06	5.555049e-09	2.341117e-09	2.932320e+01	2.692057e+02
6.830000e-06	5.545304e-09	2.339918e-09	2.927176e+01	2.686538e+02
6.840000e-06	5.535445e-09	2.329988e-09	2.921972e+01	2.680949e+02
6.850000e-06	5.525456e-09	2.323454e-09	2.916699e+01	2.675290e+02
6.860000e-06	5.515309e-09	2.317583e-09	2.911343e+01	2.669562e+02
6.870000e-06	5.505008e-09	2.312307e-09	2.905906e+01	2.663764e+02
6.880000e-06	5.494544e-09	2.310687e-09	2.900382e+01	2.657897e+02
6.890000e-06	5.483918e-09	2.304527e-09	2.894773e+01	2.651961e+02
6.900000e-06	5.473159e-09	2.293952e-09	2.889094e+01	2.645957e+02
6.910000e-06	5.462259e-09	2.291363e-09	2.883339e+01	2.639883e+02
6.920000e-06	5.451204e-09	2.296353e-09	2.877504e+01	2.633741e+02
6.930000e-06	5.439979e-09	2.292929e-09	2.871579e+01	2.627530e+02
6.940000e-06	5.428619e-09	2.281421e-09	2.865582e+01	2.621251e+02
6.950000e-06	5.417179e-09	2.268642e-09	2.859544e+01	2.614904e+02
6.960000e-06	5.405607e-09	2.259379e-09	2.853435e+01	2.608489e+02
6.970000e-06	5.393874e-09	2.258375e-09	2.847242e+01	2.602007e+02
6.980000e-06	5.382024e-09	2.260688e-09	2.840987e+01	2.595456e+02
6.990000e-06	5.370031e-09	2.257360e-09	2.834656e+01	2.588839e+02
7.000000e-06	5.357878e-09	2.246144e-09	2.828240e+01	2.582154e+02
7.010000e-06	5.345574e-09	2.236053e-09	2.821746e+01	2.575402e+02
7.020000e-06	5.333098e-09	2.230416e-09	2.815160e+01	2.568583e+02
7.030000e-06	5.320420e-09	2.225855e-09	2.808468e+01	2.561697e+02
7.040000e-06	5.307506e-09	2.220128e-09	2.801651e+01	2.554745e+02
7.050000e-06	5.294345e-09	2.213628e-09	2.794704e+01	2.547726e+02
7.060000e-06	5.280938e-09	2.210553e-09	2.787627e+01	2.540641e+02
7.070000e-06	5.267292e-09	2.209242e-09	2.780423e+01	2.533490e+02
7.080000e-06	5.253373e-09	2.204614e-09	2.773076e+01	2.526273e+02
7.090000e-06	5.239171e-09	2.195971e-09	2.765579e+01	2.518991e+02
7.100000e-06	5.224780e-09	2.186812e-09	2.757983e+01	2.511643e+02
7.110000e-06	5.210213e-09	2.178116e-09	2.750293e+01	2.504230e+02
7.120000e-06	5.195451e-09	2.169786e-09	2.742501e+01	2.496752e+02
7.130000e-06	5.180526e-09	2.161990e-09	2.734623e+01	2.489209e+02
7.140000e-06	5.165472e-09	2.154237e-09	2.726676e+01	2.481602e+02
7.150000e-06	5.150307e-09	2.148011e-09	2.718671e+01	2.473929e+02
7.160000e-06	5.135020e-09	2.145829e-09	2.710602e+01	2.466193e+02
7.170000e-06	5.119648e-09	2.145228e-09	2.702487e+01	2.458393e+02
7.180000e-06	5.104204e-09	2.140361e-09	2.694335e+01	2.450528e+02
7.190000e-06	5.088677e-09	2.130599e-09	2.686139e+01	2.442600e+02
7.200000e-06	5.073096e-09	2.117798e-09	2.677914e+01	2.434609e+02
7.210000e-06	5.057449e-09	2.107716e-09	2.669654e+01	2.426554e+02
7.220000e-06	5.041706e-09	2.102066e-09	2.661344e+01	2.418436e+02
7.230000e-06	5.025851e-09	2.097454e-09	2.652975e+01	2.410256e+02
7.240000e-06	5.009880e-09	2.092285e-09	2.644544e+01	2.402012e+02
7.250000e-06	4.993784e-09	2.084174e-09	2.636048e+01	2.393707e+02
7.260000e-06	4.977552e-09	2.075094e-09	2.627479e+01	2.385339e+02
7.270000e-06	4.961181e-09	2.067636e-09	2.618838e+01	2.376909e+02
7.280000e-06	4.944676e-09	2.060992e-09	2.610126e+01	2.368417e+02
7.290000e-06	4.928019e-09	2.053151e-09	2.601333e+01	2.359864e+02
7.300000e-06	4.911228e-09	2.043483e-09	2.592469e+01	2.351250e+02
7.310000e-06	4.894307e-09	2.034246e-09	2.583537e+01	2.342574e+02
7.320000e-06	4.877247e-09	2.027347e-09	2.574532e+01	2.333838e+02
7.330000e-06	4.860065e-09	2.020601e-09	2.565462e+01	2.325041e+02
7.340000e-06	4.842785e-09	2.010855e-09	2.556340e+01	2.316184e+02
7.350000e-06	4.825430e-09	2.000628e-09	2.547179e+01	2.307266e+02
7.360000e-06	4.807975e-09	1.992977e-09	2.537965e+01	2.298289e+02
7.370000e-06	4.790423e-09	1.987135e-09	2.528700e+01	2.289251e+02
7.380000e-06	4.772782e-09	1.979925e-09	2.519388e+01	2.280155e+02
7.390000e-06	4.755023e-09	1.968951e-09	2.510014e+01	2.270999e+02
7.400000e-06	4.737148e-09	1.956604e-09	2.500578e+01	2.261784e+02
7.410000e-06	4.719157e-09	1.945757e-09	2.491082e+01	2.252510e+02
7.420000e-06	4.701051e-09	1.938228e-09	2.481524e+01	2.243178e+02
7.430000e-06	4.682848e-09	1.932262e-09	2.471915e+01	2.233788e+02
7.440000e-06	4.664511e-09	1.924766e-09	2.462236e+01	2.224339e+02
7.450000e-06	4.646009e-09	1.915925e-09	2.452469e+01	2.214833e+02
7.460000e-06	4.627347e-09	1.907601e-09	2.442618e+01	2.205269e+02
7.470000e-06	4.608546e-09	1.900654e-09	2.432694e+01	2.195648e+02
7.480000e-06	4.589631e-09	1.893477e-09	2.422709e+01	2.185970e+02
7.490000e-06	4.570603e-09	1.884643e-09	2.412665e+01	2.176235e+02
7.500000e-06	4.551483e-09	1.873431e-09	2.402572e+01	2.166443e+02
7.510000e-06	4.532274e-09	1.861517e-09	2.392432e+01	2.156595e+02
7.520000e-06	4.512979e-09	1.851687e-09	2.382247e+01	2.146691e+02
7.530000e-06	4.493629e-09	1.844159e-09	2.372033e+01	2.136732e+02
7.540000e-06	4.474223e-09	1.835982e-09	2.361789e+01	2.126717e+02
7.550000e-06	4.454767e-09	1.826017e-09	2.351519e+01	2.116646e+02
7.560000e-06	4.435271e-09	1.816413e-09	2.341228e+01	2.106521e+02
7.570000e-06	4.415740e-09	1.807856e-09	2.330918e+01	2.096341e+02
7.580000e-06	4.396163e-09	1.797834e-09	2.320584e+01	2.086107e+02
7.590000e-06	4.376515e-09	1.785070e-09	2.310212e+01	2.075818e+02
7.600000e-06	4.356809e-09	1.771814e-09	2.299810e+01	2.065475e+02
7.610000e-06	4.337042e-09	1.760452e-09	2.289376e+01	2.055079e+02
7.620000e-06	4.317178e-09	1.751378e-09	2.278890e+01	2.044629e+02
7.630000e-06	4.297204e-09	1.744197e-09	2.268347e+01	2.034127e+02
7.640000e-06	4.277111e-09	1.737676e-09	2.257740e+01	2.023571e+02
7.650000e-06	4.256874e-09	1.730794e-09	2.247057e+01	2.012963e+02
7.660000e-06	4.236472e-09	1.722599e-09	2.236288e+01	2.002302e+02
7.670000e-06	4.215913e-09	1.711973e-09	2.225436e+01	1.991590e+02
7.680000e-06	4.195168e-09	1.699579e-09	2.214485e+01	1.980825e+02
7.690000e-06	4.174224e-09	1.687217e-09	2.203430e+01	1.970010e+02
7.700000e-06	4.153093e-09	1.677013e-09	2.192275e+01	1.959143e+02
7.710000e-06	4.131771e-09	1.667490e-09	2.181020e+01	1.948225e+02
7.720000e-06	4.110256e-09	1.658584e-09	2.169663e+01	1.937257e+02
7.730000e-06	4.088541e-09	1.650960e-09	2.158201e+01	1.926238e+02
7.740000e-06	4.066619e-09	1.642499e-09	2.146629e+01	1.915169e+02
7.750000e-06	4.044520e-09	1.633407e-09	2.134963e+01	1.904051e+02
7.760000e-06	4.022267e-09	1.624320e-09	2.123217e+01	1.892883e+02
7.770000e-06	3.999877e-09	1.615368e-09	2.111398e+01	1.881666e+02
7.780000e-06	3.977340e-09	1.605027e-09	2.099502e+01	1.870400e+02
7.790000e-06	3.954641e-09	1.591765e-09	2.087519e+01	1.859085e+02
7.800000e-06	3.931810e-09	1.578124e-09	2.075468e+01	1.847722e+02
7.810000e-06	3.908884e-09	1.566992e-09	2.063366e+01	1.836312e+02
7.820000e-06	3.885848e-09	1.558700e-09	2.051206e+01	1.824853e+02
7.830000e-06	3.862716e-09	1.552603e-09	2.038995e+01	1.813347e+02
7.840000e-06	3.839511e-09	1.546534e-09	2.026746e+01	1.801794e+02
7.850000e-06	3.816227e-09	1.538106e-09	2.014455e+01	1.790194e+02
7.860000e-06	3.792890e-09	1.527026e-09	2.002137e+01	1.778548e+02
7.870000e-06	3.769500e-09	1.513675e-09	1.989790e+01	1.766855e+02
7.880000e-06	3.746059e-09	1.499907e-09	1.977416e+01	1.755117e+02
7.890000e-06	3.722579e-09	1.485599e-09	1.965022e+01	1.743333e+02
7.900000e-06	3.699064e-09	1.472587e-09	1.952609e+01	1.731503e+02
7.910000e-06	3.675505e-09	1.464210e-09	1.940173e+01	1.719629e+02
7.920000e-06	3.651886e-09	1.455956e-09	1.927705e+01	1.707710e+02
7.930000e-06	3.628216e-09	1.446589e-09	1.915211e+01	1.695747e+02
7.940000e-06	3.604490e-09	1.436005e-09	1.902686e+01	1.683739e+02
7.950000e-06	3.580701e-09	1.424236e-09	1.890129e+01	1.671688e+02
7.960000e-06	3.556856e-09	1.413547e-09	1.877542e+01	1.659594e+02
7.970000e-06	3.532929e-09	1.403483e-09	1.864912e+01	1.647456e+02
7.980000e-06	3.508889e-09	1.394669e-09	1.852222e+01	1.635276e+02
7.990000e-06	3.484763e-09	1.384861e-09	1.839487e+01	1.623053e+02
8.000000e-06	3.460561e-09	1.374126e-09	1.826711e+01	1.610788e+02
8.010000e-06	3.436248e-09	1.362552e-09	1.813877e+01	1.598481e+02
8.020000e-06	3.411797e-09	1.350337e-09	1.800971e+01	1.586133e+02
8.030000e-06	3.387227e-09	1.338767e-09	1.788001e+01	1.573743e+02
8.040000e-06	3.362580e-09	1.326224e-09	1.774990e+01	1.561313e+02
8.050000e-06	3.337866e-09	1.314142e-09	1.761944e+01	1.548842e+02
8.060000e-06	3.313052e-09	1.304220e-09	1.748846e+01	1.536330e+02
8.070000e-06	3.288144e-09	1.295581e-09	1.735698e+01	1.523779e+02
8.080000e-06	3.263141e-09	1.284612e-09	1.722500e+01	1.511189e+02
8.090000e-06	3.238045e-09	1.270021e-09	1.709253e+01	1.498559e+02
8.100000e-06	3.212869e-09	1.252716e-09	1.695963e+01	1.485890e+02
8.110000e-06	3.187626e-09	1.236253e-09	1.682638e+01	1.473182e+02
8.120000e-06	3.162324e-09	1.224798e-09	1.669282e+01	1.460437e+02
8.130000e-06	3.136954e-09	1.218087e-09	1.655890e+01	1.447653e+02
8.140000e-06	3.111521e-09	1.211431e-09	1.642465e+01	1.434832e+02
8.150000e-06	3.086013e-09	1.199183e-09	1.629000e+01	1.421973e+02
8.160000e-06	3.060429e-09	1.183172e-09	1.615495e+01	1.409078e+02
8.170000e-06	3.034775e-09	1.168762e-09	1.601953e+01	1.396146e+02
8.180000e-06	3.009054e-09	1.158675e-09	1.588376e+01	1.383178e+02
8.190000e-06	2.983252e-09	1.149845e-09	1.574756e+01	1.370173e+02
8.200000e-06	2.957378e-09	1.137123e-09	1.561098e+01	1.357134e+02
8.210000e-06	2.931439e-09	1.120837e-09	1.547405e+01	1.344059e+02
8.220000e-06	2.905431e-09	1.105691e-09	1.533677e+01	1.330949e+02
8.230000e-06	2.879342e-09	1.094471e-09	1.519906e+01	1.317804e+02
8.240000e-06	2.853138e-09	1.084098e-09	1.506073e+01	1.304626e+02
8.250000e-06	2.826862e-09	1.071849e-09	1.492203e+01	1.291413e+02
8.260000e-06	2.800525e-09	1.058710e-09	1.478301e+01	1.278167e+02
8.270000e-06	2.774098e-09	1.047049e-09	1.464350e+01	1.264888e+02
8.280000e-06	2.747591e-09	1.035169e-09	1.450358e+01	1.251576e+02
8.290000e-06	2.720985e-09	1.020537e-09	1.436314e+01	1.238231e+02
8.300000e-06	2.694276e-09	1.005607e-09	1.422215e+01	1.224854e+02
8.310000e-06	2.667515e-09	9.936652e-10	1.408089e+01	1.211446e+02
8.320000e-06	2.640685e-09	9.869845e-10	1.393927e+01	1.198006e+02
8.330000e-06	2.613784e-09	9.793022e-10	1.379727e+01	1.184535e+02
8.340000e-06	2.586824e-09	9.637434e-10	1.365495e+01	1.171033e+02
8.350000e-06	2.559763e-09	9.425359e-10	1.351210e+01	1.157500e+02
8.360000e-06	2.532620e-09	9.237663e-10	1.336883e+01	1.143938e+02
8.370000e-06	2.505428e-09	9.146856e-10	1.322529e+01	1.130346e+02
8.380000e-06	2.478199e-09	9.121303e-10	1.308156e+01	1.116725e+02
8.390000e-06	2.450929e-09	9.053419e-10	1.293761e+01	1.103074e+02
8.400000e-06	2.423618e-09	8.889705e-10	1.279344e+01	1.089395e+02
8.410000e-06	2.396277e-09	8.686938e-10	1.264912e+01	1.075688e+02
8.420000e-06	2.368916e-09	8.515131e-10	1.250469e+01	1.061953e+02
8.430000e-06	2.341540e-09	8.372204e-10	1.236018e+01	1.048190e+02
8.440000e-06	2.314120e-09	8.223322e-10	1.221544e+01	1.034400e+02
8.450000e-06	2.286671e-09	8.090597e-10	1.207054e+01	1.020583e+02
8.460000e-06	2.259217e-09	8.002066e-10	1.192562e+01	1.006740e+02
8.470000e-06	2.231738e-09	7.949813e-10	1.178057e+01	9.928705e+01
8.480000e-06	2.204228e-09	7.863215e-10	1.163535e+01	9.789753e+01
8.490000e-06	2.176693e-09	7.681675e-10	1.149001e+01	9.650547e+01
8.500000e-06	2.149145e-09	7.461895e-10	1.134459e+01	9.511090e+01
8.510000e-06	2.121585e-09	7.290184e-10	1.119911e+01	9.371386e+01
8.520000e-06	2.094006e-09	7.194593e-10	1.105353e+01	9.231440e+01
8.530000e-06	2.066402e-09	7.111401e-10	1.090782e+01	9.091253e+01
8.540000e-06	2.038777e-09	7.004264e-10	1.076199e+01	8.950831e+01
8.550000e-06	2.011126e-09	6.890281e-10	1.061603e+01	8.810176e+01
8.560000e-06	1.983443e-09	6.785580e-10	1.046990e+01	8.669293e+01
8.570000e-06	1.955726e-09	6.686880e-10	1.032359e+01	8.528185e+01
8.580000e-06	1.927951e-09	6.535477e-10	1.017698e+01	8.386856e+01
8.590000e-06	1.900113e-09	6.327693e-10	1.003003e+01	8.245309e+01
8.600000e-06	1.872262e-09	6.135300e-10	9.883015e+00	8.103548e+01
8.610000e-06	1.844398e-09	6.020358e-10	9.735929e+00	7.961576e+01
8.620000e-06	1.816481e-09	5.963688e-10	9.588565e+00	7.819399e+01
8.630000e-06	1.788518e-09	5.888221e-10	9.440959e+00	7.677018e+01
8.640000e-06	1.760509e-09	5.749772e-10	9.293111e+00	7.534438e+01
8.650000e-06	1.732440e-09	5.578990e-10	9.144945e+00	7.391663e+01
8.660000e-06	1.704331e-09	5.442415e-10	8.996567e+00	7.248696e+01
8.670000e-06	1.676190e-09	5.329410e-10	8.848017e+00	7.105541e+01
8.680000e-06	1.647976e-09	5.208022e-10	8.699089e+00	6.962201e+01
8.690000e-06	1.619683e-09	5.064580e-10	8.549738e+00	6.818681e+01
8.700000e-06	1.591320e-09	4.925934e-10	8.400018e+00	6.674985e+01
8.710000e-06	1.562886e-09	4.831800e-10	8.249929e+00	6.531115e+01
8.720000e-06	1.534396e-09	4.740817e-10	8.099540e+00	6.387076e+01
8.730000e-06	1.505845e-09	4.608790e-10	7.948827e+00	6.242871e+01
8.740000e-06	1.477227e-09	4.433870e-10	7.797762e+00	6.098504e+01
8.750000e-06	1.448561e-09	4.271124e-10	7.646443e+00	5.953979e+01
8.760000e-06	1.419831e-09	4.151335e-10	7.494788e+00	5.809300e+01
8.770000e-06	1.391038e-09	4.043094e-10	7.342805e+00	5.664470e+01
8.780000e-06	1.362196e-09	3.906532e-10	7.190556e+00	5.519493e+01
8.790000e-06	1.333299e-09	3.733651e-10	7.038017e+00	5.374374e+01
8.800000e-06	1.304324e-09	3.574175e-10	6.885069e+00	5.229115e+01
8.810000e-06	1.275290e-09	3.465482e-10	6.731807e+00	5.083720e+01
8.820000e-06	1.246195e-09	3.395067e-10	6.578229e+00	4.938194e+01
8.830000e-06	1.217042e-09	3.309346e-10	6.424336e+00	4.792539e+01
8.840000e-06	1.187853e-09	3.184841e-10	6.270258e+00	4.646761e+01
8.850000e-06	1.158609e-09	3.029724e-10	6.115891e+00	4.500862e+01
8.860000e-06	1.129306e-09	2.876761e-10	5.961211e+00	4.354847e+01
8.870000e-06	1.099957e-09	2.736068e-10	5.806286e+00	4.208719e+01
8.880000e-06	1.070565e-09	2.585319e-10	5.651139e+00	4.062482e+01
8.890000e-06	1.041112e-09	2.435631e-10	5.495668e+00	3.916139e+01
8.900000e-06	1.011600e-09	2.306264e-10	5.339884e+00	3.769695e+01
8.910000e-06	9.820425e-10	2.202275e-10	5.183859e+00	3.623154e+01
8.920000e-06	9.524390e-10	2.094616e-10	5.027593e+00	3.476519e+01
8.930000e-06	9.227951e-10	1.958646e-10	4.871114e+00	3.329794e+01
8.940000e-06	8.931128e-10	1.797199e-10	4.714432e+00	3.182983e+01
8.950000e-06	8.633800e-10	1.643347e-10	4.557483e+00	3.036089e+01
8.960000e-06	8.335969e-10	1.535111e-10	4.400268e+00	2.889117e+01
8.970000e-06	8.037680e-10	1.444738e-10	4.242812e+00	2.742071e+01
8.980000e-06	7.738952e-10	1.319230e-10	4.085124e+00	2.594953e+01
8.990000e-06	7.440009e-10	1.169932e-10	3.927322e+00	2.447769e+01
9.000000e-06	7.140764e-10	1.028987e-10	3.769361e+00	2.300521e+01
9.010000e-06	6.840963e-10	9.058648e-11	3.611107e+00	2.153214e+01
9.020000e-06	6.540978e-10	7.962568e-11	3.452755e+00	2.005851e+01
9.030000e-06	6.240806e-10	6.743305e-11	3.294305e+00	1.858437e+01
9.040000e-06	5.940184e-10	5.342117e-11	3.135617e+00	1.710974e+01
9.050000e-06	5.639508e-10	3.925727e-11	2.976901e+00	1.563468e+01
9.060000e-06	5.338986e-10	2.628364e-11	2.818266e+00	1.415922e+01
9.070000e-06	5.038161e-10	1.356110e-11	2.659471e+00	1.268339e+01
9.080000e-06	4.736853e-10	-8.169241e-13	2.500420e+00	1.120723e+01
9.090000e-06	4.435465e-10	-1.450091e-11	2.341329e+00	9.730790e+00
9.100000e-06	4.134047e-10	-2.497490e-11	2.182220e+00	8.254100e+00
9.110000e-06	3.832162e-10	-3.367798e-11	2.022866e+00	6.777199e+00
9.120000e-06	3.530116e-10	-4.487757e-11	1.863426e+00	5.300126e+00
9.130000e-06	3.228240e-10	-6.068912e-11	1.704076e+00	3.822920e+00
9.140000e-06	2.926103e-10	-7.756646e-11	1.544589e+00	2.345619e+00
9.150000e-06	2.623627e-10	-9.061793e-11	1.384922e+00	8.682617e-01
9.160000e-06	2.321081e-10	-9.957596e-11	1.225219e+00	-6.091142e-01
9.170000e-06	2.018412e-10	-1.083115e-10	1.065450e+00	-2.086470e+00
9.180000e-06	1.715689e-10	-1.184844e-10	9.056533e-01	-3.563767e+00
9.190000e-06	1.413104e-10	-1.305269e-10	7.459296e-01	-5.040967e+00
9.200000e-06	1.110414e-10	-1.442048e-10	5.861505e-01	-6.518032e+00
9.210000e-06	8.077383e-11	-1.569905e-10	4.263786e-01	-7.994923e+00
9.220000e-06	5.053478e-11	-1.678157e-10	2.667571e-01	-9.471602e+00
9.230000e-06	2.028363e-11	-1.788477e-10	1.070717e-01	-1.094803e+01
9.240000e-06	-9.990973e-12	-1.902977e-10	-5.273735e-02	-1.242417e+01
9.250000e-06	-4.026576e-11	-2.017688e-10	-2.125474e-01	-1.389998e+01
9.260000e-06	-7.053821e-11	-2.148686e-10	-3.723452e-01	-1.537543e+01
9.270000e-06	-1.007966e-10	-2.282483e-10	-5.320686e-01	-1.685047e+01
9.280000e-06	-1.310286e-10	-2.425194e-10	-6.916528e-01	-1.832507e+01
9.290000e-06	-1.612404e-10	-2.572058e-10	-8.511307e-01	-1.979919e+01
9.300000e-06	-1.914586e-10	-2.698887e-10	-1.010642e+00	-2.127279e+01
9.310000e-06	-2.216641e-10	-2.790694e-10	-1.170086e+00	-2.274583e+01
9.320000e-06	-2.518612e-10	-2.864482e-10	-1.329486e+00	-2.421828e+01
9.330000e-06	-2.820851e-10	-2.972432e-10	-1.489028e+00	-2.569009e+01
9.340000e-06	-3.123195e-10	-3.102257e-10	-1.648625e+00	-2.716123e+01
9.350000e-06	-3.425091e-10	-3.237196e-10	-1.807985e+00	-2.863166e+01
9.360000e-06	-3.726452e-10	-3.352959e-10	-1.967064e+00	-3.010134e+01
9.370000e-06	-4.027668e-10	-3.448817e-10	-2.126065e+00	-3.157024e+01
9.380000e-06	-4.328717e-10	-3.554693e-10	-2.284979e+00	-3.303830e+01
9.390000e-06	-4.629811e-10	-3.666926e-10	-2.443916e+00	-3.450551e+01
9.400000e-06	-4.930691e-10	-3.788473e-10	-2.602739e+00	-3.597182e+01
9.410000e-06	-5.231254e-10	-3.909953e-10	-2.761396e+00	-3.743718e+01
9.420000e-06	-5.532060e-10	-4.043673e-10	-2.920182e+00	-3.890157e+01
9.430000e-06	-5.832598e-10	-4.186325e-10	-3.078825e+00	-4.036494e+01
9.440000e-06	-6.132521e-10	-4.317438e-10	-3.237144e+00	-4.182726e+01
9.450000e-06	-6.431917e-10	-4.439800e-10	-3.395185e+00	-4.328848e+01
9.460000e-06	-6.731071e-10	-4.539138e-10	-3.553097e+00	-4.474858e+01
9.470000e-06	-7.029975e-10	-4.609931e-10	-3.710879e+00	-4.620751e+01
9.480000e-06	-7.328490e-10	-4.680747e-10	-3.868455e+00	-4.766523e+01
9.490000e-06	-7.626867e-10	-4.786630e-10	-4.025957e+00	-4.912171e+01
9.500000e-06	-7.924940e-10	-4.912133e-10	-4.183299e+00	-5.057691e+01
9.510000e-06	-8.222584e-10	-5.024568e-10	-4.340415e+00	-5.203078e+01
9.520000e-06	-8.519900e-10	-5.132521e-10	-4.497357e+00	-5.348331e+01
9.530000e-06	-8.817056e-10	-5.251474e-10	-4.654216e+00	-5.493443e+01
9.540000e-06	-9.113643e-10	-5.363867e-10	-4.810773e+00	-5.638413e+01
9.550000e-06	-9.409380e-10	-5.463752e-10	-4.966882e+00	-5.783235e+01
9.560000e-06	-9.704564e-10	-5.571022e-10	-5.122700e+00	-5.927906e+01
9.570000e-06	-9.999424e-10	-5.679628e-10	-5.278345e+00	-6.072423e+01
9.580000e-06	-1.029393e-09	-5.784853e-10	-5.433805e+00	-6.216782e+01
9.590000e-06	-1.058778e-09	-5.891261e-10	-5.588918e+00	-6.360979e+01
9.600000e-06	-1.088107e-09	-5.996379e-10	-5.743733e+00	-6.505010e+01
9.610000e-06	-1.117398e-09	-6.109476e-10	-5.898349e+00	-6.648871e+01
9.620000e-06	-1.146637e-09	-6.228642e-10	-6.052695e+00	-6.792559e+01
9.630000e-06	-1.175811e-09	-6.354143e-10	-6.206690e+00	-6.936070e+01
9.640000e-06	-1.204927e-09	-6.480280e-10	-6.360385e+00	-7.079400e+01
9.650000e-06	-1.233984e-09	-6.587426e-10	-6.513765e+00	-7.222546e+01
9.660000e-06	-1.262986e-09	-6.687976e-10	-6.666857e+00	-7.365503e+01
9.670000e-06	-1.291950e-09	-6.795489e-10	-6.819750e+00	-7.508269e+01
9.680000e-06	-1.320838e-09	-6.905184e-10	-6.972238e+00	-7.650839e+01
9.690000e-06	-1.349655e-09	-7.019961e-10	-7.124352e+00	-7.793209e+01
9.700000e-06	-1.378423e-09	-7.144756e-10	-7.276206e+00	-7.935377e+01
9.710000e-06	-1.407118e-09	-7.279662e-10	-7.427679e+00	-8.077337e+01
9.720000e-06	-1.435732e-09	-7.417317e-10	-7.578721e+00	-8.219088e+01
9.730000e-06	-1.464292e-09	-7.535296e-10	-7.729481e+00	-8.360624e+01
9.740000e-06	-1.492813e-09	-7.634231e-10	-7.880033e+00	-8.501942e+01
9.750000e-06	-1.521267e-09	-7.731789e-10	-8.030231e+00	-8.643039e+01
9.760000e-06	-1.549660e-09	-7.830319e-10	-8.180109e+00	-8.783911e+01
9.770000e-06	-1.577985e-09	-7.929220e-10	-8.329625e+00	-8.924554e+01
9.780000e-06	-1.606229e-09	-8.030131e-10	-8.478716e+00	-9.064964e+01
9.790000e-06	-1.634407e-09	-8.149531e-10	-8.627460e+00	-9.205139e+01
9.800000e-06	-1.662542e-09	-8.293766e-10	-8.775975e+00	-9.345073e+01
9.810000e-06	-1.690648e-09	-8.438430e-10	-8.924336e+00	-9.484765e+01
9.820000e-06	-1.718700e-09	-8.564843e-10	-9.072414e+00	-9.624209e+01
9.830000e-06	-1.746706e-09	-8.667947e-10	-9.220244e+00	-9.763402e+01
9.840000e-06	-1.774670e-09	-8.749408e-10	-9.367857e+00	-9.902342e+01
9.850000e-06	-1.802565e-09	-8.834285e-10	-9.515104e+00	-1.004102e+02
9.860000e-06	-1.830411e-09	-8.940353e-10	-9.662094e+00	-1.017944e+02
9.870000e-06	-1.858227e-09	-9.061164e-10	-9.808925e+00	-1.031760e+02
9.880000e-06	-1.886002e-09	-9.180782e-10	-9.955543e+00	-1.045548e+02
9.890000e-06	-1.913742e-09	-9.293307e-10	-1.010197e+01	-1.059310e+02
9.900000e-06	-1.941439e-09	-9.401227e-10	-1.024817e+01	-1.073044e+02
9.910000e-06	-1.969087e-09	-9.513770e-10	-1.039412e+01	-1.086749e+02
9.920000e-06	-1.996711e-09	-9.632763e-10	-1.053994e+01	-1.100427e+02
9.930000e-06	-2.024328e-09	-9.733587e-10	-1.068572e+01	-1.114076e+02
9.940000e-06	-2.051923e-09	-9.827210e-10	-1.083139e+01	-1.127696e+02
9.950000e-06	-2.079494e-09	-9.941253e-10	-1.097692e+01	-1.141286e+02
9.960000e-06	-2.107049e-09	-1.005181e-09	-1.112237e+01	-1.154847e+02
9.970000e-06	-2.134582e-09	-1.014317e-09	-1.126771e+01	-1.168378e+02
9.980000e-06	-2.162091e-09	-1.023148e-09	-1.141293e+01	-1.181878e+02
9.990000e-06	-2.189581e-09	-1.033756e-09	-1.155804e+01	-1.195348e+02
1.000000e-05	-2.217047e-09	-1.046585e-09	-1.170302e+01	-1.208786e+02
1.001000e-05	-2.244488e-09	-1.060050e-09	-1.184787e+01	-1.222193e+02
1.002000e-05	-2.271914e-09	-1.072428e-09	-1.199264e+01	-1.235568e+02
1.003000e-05	-2.299315e-09	-1.083338e-09	-1.213728e+01	-1.248911e+02
1.004000e-05	-2.326684e-09	-1.093970e-09	-1.228176e+01	-1.262222e+02
1.005000e-05	-2.354028e-09	-1.103775e-09	-1.242610e+01	-1.275499e+02
1.006000e-05	-2.381349e-09	-1.112749e-09	-1.257032e+01	-1.288744e+02
1.007000e-05	-2.408634e-09	-1.121568e-09	-1.271434e+01	-1.301955e+02
1.008000e-05	-2.435871e-09	-1.131138e-09	-1.285812e+01	-1.315132e+02
1.009000e-05	-2.463077e-09	-1.142617e-09	-1.300173e+01	-1.328274e+02
1.010000e-05	-2.490248e-09	-1.155015e-09	-1.314516e+01	-1.341383e+02
1.011000e-05	-2.517359e-09	-1.167340e-09	-1.328827e+01	-1.354456e+02
1.012000e-05	-2.544392e-09	-1.178994e-09	-1.343097e+01	-1.367494e+02
1.013000e-05	-2.571360e-09	-1.189699e-09	-1.357332e+01	-1.380496e+02
1.014000e-05	-2.598268e-09	-1.198417e-09	-1.371536e+01	-1.393463e+02
1.015000e-05	-2.625093e-09	-1.205228e-09	-1.385696e+01	-1.406393e+02
1.016000e-05	-2.651824e-09	-1.212224e-09	-1.399806e+01	-1.419286e+02
1.017000e-05	-2.678468e-09	-1.222134e-09	-1.413871e+01	-1.432143e+02
1.018000e-05	-2.705032e-09	-1.235784e-09	-1.427893e+01	-1.444962e+02
1.019000e-05	-2.731505e-09	-1.250036e-09	-1.441867e+01	-1.457744e+02
1.020000e-05	-2.757881e-09	-1.261231e-09	-1.455790e+01	-1.470488e+02
1.021000e-05	-2.784184e-09	-1.269001e-09	-1.469675e+01	-1.483193e+02
1.022000e-05	-2.810397e-09	-1.276848e-09	-1.483512e+01	-1.495860e+02
1.023000e-05	-2.836511e-09	-1.286334e-09	-1.497296e+01	-1.508488e+02
1.024000e-05	-2.862560e-09	-1.297000e-09	-1.511047e+01	-1.521077e+02
1.025000e-05	-2.888549e-09	-1.306566e-09	-1.524765e+01	-1.533626e+02
1.026000e-05	-2.914445e-09	-1.314563e-09	-1.538435e+01	-1.546135e+02
1.027000e-05	-2.940244e-09	-1.323338e-09	-1.552054e+01	-1.558604e+02
1.028000e-05	-2.965963e-09	-1.334035e-09	-1.565630e+01	-1.571033e+02
1.029000e-05	-2.991627e-09	-1.345893e-09	-1.579177e+01	-1.583420e+02
1.030000e-05	-3.017238e-09	-1.355769e-09	-1.592696e+01	-1.595766e+02
1.031000e-05	-3.042777e-09	-1.364730e-09	-1.606177e+01	-1.608071e+02
1.032000e-05	-3.068255e-09	-1.374301e-09	-1.619626e+01	-1.620334e+02
1.033000e-05	-3.093674e-09	-1.384001e-09	-1.633044e+01	-1.632555e+02
1.034000e-05	-3.119039e-09	-1.392157e-09	-1.646433e+01	-1.644733e+02
1.035000e-05	-3.144346e-09	-1.396613e-09	-1.659792e+01	-1.656869e+02
1.036000e-05	-3.169581e-09	-1.401205e-09	-1.673112e+01	-1.668961e+02
1.037000e-05	-3.194724e-09	-1.411852e-09	-1.686384e+01	-1.681010e+02
1.038000e-05	-3.219781e-09	-1.429318e-09	-1.699611e+01	-1.693015e+02
1.039000e-05	-3.244761e-09	-1.445579e-09	-1.712798e+01	-1.704976e+02
1.040000e-05	-3.269628e-09	-1.453707e-09	-1.725924e+01	-1.716893e+02
1.041000e-05	-3.294392e-09	-1.456284e-09	-1.738996e+01	-1.728765e+02
1.042000e-05	-3.319056e-09	-1.460265e-09	-1.752015e+01	-1.740592e+02
1.043000e-05	-3.343624e-09	-1.470604e-09	-1.764984e+01	-1.752374e+02
1.044000e-05	-3.368106e-09	-1.485876e-09	-1.777907e+01	-1.764110e+02
1.045000e-05	-3.392460e-09	-1.499262e-09	-1.790763e+01	-1.775800e+02
1.046000e-05	-3.416700e-09	-1.507592e-09	-1.803558e+01	-1.787444e+02
1.047000e-05	-3.440855e-09	-1.515057e-09	-1.816309e+01	-1.799042e+02
1.048000e-05	-3.464933e-09	-1.524915e-09	-1.829019e+01	-1.810592e+02
1.049000e-05	-3.488917e-09	-1.535922e-09	-1.841679e+01	-1.822096e+02
1.050000e-05	-3.512819e-09	-1.545541e-09	-1.854296e+01	-1.833552e+02
1.051000e-05	-3.536663e-09	-1.554571e-09	-1.866882e+01	-1.844961e+02
1.052000e-05	-3.560429e-09	-1.566258e-09	-1.879428e+01	-1.856321e+02
1.053000e-05	-3.584127e-09	-1.579983e-09	-1.891937e+01	-1.867633e+02
1.054000e-05	-3.607770e-09	-1.590359e-09	-1.904418e+01	-1.878897e+02
1.055000e-05	-3.631370e-09	-1.593785e-09	-1.916875e+01	-1.890111e+02
1.056000e-05	-3.654929e-09	-1.594809e-09	-1.929311e+01	-1.901277e+02
1.057000e-05	-3.678445e-09	-1.600801e-09	-1.941725e+01	-1.912393e+02
1.058000e-05	-3.701917e-09	-1.614745e-09	-1.954115e+01	-1.923459e+02
1.059000e-05	-3.725342e-09	-1.630337e-09	-1.966480e+01	-1.934475e+02
1.060000e-05	-3.748721e-09	-1.639112e-09	-1.978821e+01	-1.945441e+02
1.061000e-05	-3.772053e-09	-1.642972e-09	-1.991137e+01	-1.956356e+02
1.062000e-05	-3.795336e-09	-1.648809e-09	-2.003427e+01	-1.967220e+02
1.063000e-05	-3.818560e-09	-1.658738e-09	-2.015687e+01	-1.978034e+02
1.064000e-05	-3.841726e-09	-1.669722e-09	-2.027915e+01	-1.988795e+02
1.065000e-05	-3.864805e-09	-1.678921e-09	-2.040098e+01	-1.999505e+02
1.066000e-05	-3.887774e-09	-1.686859e-09	-2.052223e+01	-2.010163e+02
1.067000e-05	-3.910636e-09	-1.696639e-09	-2.064291e+01	-2.020769e+02
1.068000e-05	-3.933388e-09	-1.707591e-09	-2.076300e+01	-2.031322e+02
1.069000e-05	-3.956008e-09	-1.715882e-09	-2.088241e+01	-2.041822e+02
1.070000e-05	-3.978474e-09	-1.721074e-09	-2.100100e+01	-2.052269e+02
1.071000e-05	-4.000779e-09	-1.727231e-09	-2.111874e+01	-2.062662e+02
1.072000e-05	-4.022931e-09	-1.738159e-09	-2.123567e+01	-2.073002e+02
1.073000e-05	-4.044893e-09	-1.751116e-09	-2.135160e+01	-2.083288e+02
1.074000e-05	-4.066678e-09	-1.759496e-09	-2.146659e+01	-2.093520e+02
1.075000e-05	-4.088305e-09	-1.762499e-09	-2.158076e+01	-2.103697e+02
1.076000e-05	-4.109719e-09	-1.765963e-09	-2.169380e+01	-2.113820e+02
1.077000e-05	-4.130940e-09	-1.774202e-09	-2.180581e+01	-2.123887e+02
1.078000e-05	-4.151982e-09	-1.785612e-09	-2.191689e+01	-2.133900e+02
1.079000e-05	-4.172824e-09	-1.795715e-09	-2.202690e+01	-2.143856e+02
1.080000e-05	-4.193483e-09	-1.803220e-09	-2.213595e+01	-2.153757e+02
1.081000e-05	-4.213970e-09	-1.810813e-09	-2.224410e+01	-2.163602e+02
1.082000e-05	-4.234302e-09	-1.819412e-09	-2.235142e+01	-2.173391e+02
1.083000e-05	-4.254513e-09	-1.826429e-09	-2.245811e+01	-2.183123e+02
1.084000e-05	-4.274597e-09	-1.831285e-09	-2.256413e+01	-2.192799e+02
1.085000e-05	-4.294536e-09	-1.837014e-09	-2.266938e+01	-2.202417e+02
1.086000e-05	-4.314361e-09	-1.845832e-09	-2.277403e+01	-2.211978e+02
1.087000e-05	-4.334119e-09	-1.855715e-09	-2.287832e+01	-2.221481e+02
1.088000e-05	-4.353815e-09	-1.864108e-09	-2.298229e+01	-2.230927e+02
1.089000e-05	-4.373438e-09	-1.871725e-09	-2.308588e+01	-2.240314e+02
1.090000e-05	-4.393004e-09	-1.879126e-09	-2.318916e+01	-2.249644e+02
1.091000e-05	-4.412534e-09	-1.886516e-09	-2.329225e+01	-2.258914e+02
1.092000e-05	-4.432024e-09	-1.894219e-09	-2.339513e+01	-2.268126e+02
1.093000e-05	-4.451465e-09	-1.902144e-09	-2.349776e+01	-2.277279e+02
1.094000e-05	-4.470848e-09	-1.909123e-09	-2.360007e+01	-2.286373e+02
1.095000e-05	-4.490176e-09	-1.915410e-09	-2.370210e+01	-2.295407e+02
1.096000e-05	-4.509441e-09	-1.922770e-09	-2.380379e+01	-2.304382e+02
1.097000e-05	-4.528622e-09	-1.930206e-09	-2.390504e+01	-2.313296e+02
1.098000e-05	-4.547709e-09	-1.937174e-09	-2.400580e+01	-2.322151e+02
1.099000e-05	-4.566680e-09	-1.944840e-09	-2.410594e+01	-2.330944e+02
1.100000e-05	-4.585523e-09	-1.954152e-09	-2.420540e+01	-2.339678e+02
1.101000e-05	-4.604240e-09	-1.963046e-09	-2.430420e+01	-2.348350e+02
1.102000e-05	-4.622825e-09	-1.969549e-09	-2.440231e+01	-2.356962e+02
1.103000e-05	-4.641269e-09	-1.974790e-09	-2.449967e+01	-2.365512e+02
1.104000e-05	-4.659578e-09	-1.980322e-09	-2.459632e+01	-2.374000e+02
1.105000e-05	-4.677738e-09	-1.986701e-09	-2.469217e+01	-2.382427e+02
1.106000e-05	-4.695760e-09	-1.992510e-09	-2.478731e+01	-2.390791e+02
1.107000e-05	-4.713674e-09	-1.997113e-09	-2.488187e+01	-2.399094e+02
1.108000e-05	-4.731480e-09	-2.001706e-09	-2.497586e+01	-2.407334e+02
1.109000e-05	-4.749185e-09	-2.007950e-09	-2.506932e+01	-2.415511e+02
1.110000e-05	-4.766800e-09	-2.015109e-09	-2.516230e+01	-2.423626e+02
1.111000e-05	-4.784340e-09	-2.021226e-09	-2.525489e+01	-2.431678e+02
1.112000e-05	-4.801796e-09	-2.026569e-09	-2.534704e+01	-2.439666e+02
1.113000e-05	-4.819152e-09	-2.032362e-09	-2.543865e+01	-2.447591e+02
1.114000e-05	-4.836404e-09	-2.040068e-09	-2.552972e+01	-2.455452e+02
1.115000e-05	-4.853551e-09	-2.049278e-09	-2.562023e+01	-2.463249e+02
1.116000e-05	-4.870584e-09	-2.057465e-09	-2.571015e+01	-2.470982e+02
1.117000e-05	-4.887486e-09	-2.062617e-09	-2.579937e+01	-2.478651e+02
1.118000e-05	-4.904252e-09	-2.065447e-09	-2.588787e+01	-2.486256e+02
1.119000e-05	-4.920875e-09	-2.068309e-09	-2.597561e+01	-2.493795e+02
1.120000e-05	-4.937356e-09	-2.072149e-09	-2.606261e+01	-2.501270e+02
1.121000e-05	-4.953691e-09	-2.077868e-09	-2.614884e+01	-2.508680e+02
1.122000e-05	-4.969887e-09	-2.083854e-09	-2.623433e+01	-2.516024e+02
1.123000e-05	-4.985977e-09	-2.088895e-09	-2.631926e+01	-2.523304e+02
1.124000e-05	-5.001946e-09	-2.093827e-09	-2.640356e+01	-2.530517e+02
1.125000e-05	-5.017804e-09	-2.098219e-09	-2.648727e+01	-2.537664e+02
1.126000e-05	-5.033566e-09	-2.102266e-09	-2.657047e+01	-2.544746e+02
1.127000e-05	-5.049227e-09	-2.105877e-09	-2.665314e+01	-2.551761e+02
1.128000e-05	-5.064804e-09	-2.109912e-09	-2.673537e+01	-2.558710e+02
1.129000e-05	-5.080310e-09	-2.115899e-09	-2.681722e+01	-2.565593e+02
1.130000e-05	-5.095749e-09	-2.122687e-09	-2.689872e+01	-2.572408e+02
1.131000e-05	-5.111110e-09	-2.127829e-09	-2.697980e+01	-2.579157e+02
1.132000e-05	-5.126389e-09	-2.131522e-09	-2.706046e+01	-2.585839e+02
1.133000e-05	-5.141587e-09	-2.136699e-09	-2.714068e+01	-2.592453e+02
1.134000e-05	-5.156671e-09	-2.144725e-09	-2.722030e+01	-2.599000e+02
1.135000e-05	-5.171601e-09	-2.153052e-09	-2.729911e+01	-2.605479e+02
1.136000e-05	-5.186348e-09	-2.158205e-09	-2.737696e+01	-2.611891e+02
1.137000e-05	-5.200871e-09	-2.161258e-09	-2.745362e+01	-2.618234e+02
1.138000e-05	-5.215148e-09	-2.165518e-09	-2.752898e+01	-2.624510e+02
1.139000e-05	-5.229189e-09	-2.171858e-09	-2.760310e+01	-2.630717e+02
1.140000e-05	-5.242980e-09	-2.178873e-09	-2.767590e+01	-2.636856e+02
1.141000e-05	-5.256522e-09	-2.183991e-09	-2.774738e+01	-2.642926e+02
1.142000e-05	-5.269800e-09	-2.186990e-09	-2.781747e+01	-2.648927e+02
1.143000e-05	-5.282816e-09	-2.190107e-09	-2.788618e+01	-2.654860e+02
1.144000e-05	-5.295606e-09	-2.194993e-09	-2.795369e+01	-2.660723e+02
1.145000e-05	-5.308192e-09	-2.200690e-09	-2.802013e+01	-2.666517e+02
1.146000e-05	-5.320579e-09	-2.205410e-09	-2.808551e+01	-2.672242e+02
1.147000e-05	-5.332761e-09	-2.208925e-09	-2.814982e+01	-2.677897e+02
1.148000e-05	-5.344777e-09	-2.212444e-09	-2.821325e+01	-2.683483e+02
1.149000e-05	-5.356662e-09	-2.217161e-09	-2.827598e+01	-2.688999e+02
1.150000e-05	-5.368435e-09	-2.222898e-09	-2.833813e+01	-2.694445e+02
1.151000e-05	-5.380113e-09	-2.228169e-09	-2.839978e+01	-2.699820e+02
1.152000e-05	-5.391696e-09	-2.232701e-09	-2.846092e+01	-2.705126e+02
1.153000e-05	-5.403178e-09	-2.237356e-09	-2.852153e+01	-2.710361e+02
1.154000e-05	-5.414564e-09	-2.242065e-09	-2.858163e+01	-2.715526e+02
1.155000e-05	-5.425860e-09	-2.246554e-09	-2.864126e+01	-2.720620e+02
1.156000e-05	-5.437058e-09	-2.250086e-09	-2.870037e+01	-2.725643e+02
1.157000e-05	-5.448141e-09	-2.254365e-09	-2.875887e+01	-2.730595e+02
1.158000e-05	-5.459085e-09	-2.260647e-09	-2.881664e+01	-2.735476e+02
1.159000e-05	-5.469873e-09	-2.266758e-09	-2.887359e+01	-2.740287e+02
1.160000e-05	-5.480500e-09	-2.271342e-09	-2.892968e+01	-2.745025e+02
1.161000e-05	-5.490955e-09	-2.273574e-09	-2.898487e+01	-2.749693e+02
1.162000e-05	-5.501236e-09	-2.275582e-09	-2.903914e+01	-2.754289e+02
1.163000e-05	-5.511356e-09	-2.280404e-09	-2.909256e+01	-2.758813e+02
1.164000e-05	-5.521316e-09	-2.286928e-09	-2.914514e+01	-2.763265e+02
1.165000e-05	-5.531160e-09	-2.291185e-09	-2.919710e+01	-2.767646e+02
1.166000e-05	-5.540912e-09	-2.292085e-09	-2.924858e+01	-2.771955e+02
1.167000e-05	-5.550539e-09	-2.293598e-09	-2.929940e+01	-2.776191e+02
1.168000e-05	-5.560054e-09	-2.298567e-09	-2.934962e+01	-2.780355e+02
1.169000e-05	-5.569467e-09	-2.305230e-09	-2.939931e+01	-2.784447e+02
1.170000e-05	-5.578767e-09	-2.310904e-09	-2.944840e+01	-2.788467e+02
1.171000e-05	-5.587929e-09	-2.314623e-09	-2.949677e+01	-2.792414e+02
1.172000e-05	-5.596940e-09	-2.317886e-09	-2.954433e+01	-2.796288e+02
1.173000e-05	-5.605812e-09	-2.323734e-09	-2.959117e+01	-2.800090e+02
1.174000e-05	-5.614526e-09	-2.330787e-09	-2.963716e+01	-2.803818e+02
1.175000e-05	-5.623089e-09	-2.334910e-09	-2.968237e+01	-2.807474e+02
1.176000e-05	-5.631512e-09	-2.334986e-09	-2.972682e+01	-2.811057e+02
1.177000e-05	-5.639752e-09	-2.334980e-09	-2.977032e+01	-2.814566e+02
1.178000e-05	-5.647821e-09	-2.338944e-09	-2.981292e+01	-2.818003e+02
1.179000e-05	-5.655763e-09	-2.346015e-09	-2.985484e+01	-2.821366e+02
1.180000e-05	-5.663598e-09	-2.352233e-09	-2.989620e+01	-2.824656e+02
1.181000e-05	-5.671341e-09	-2.354470e-09	-2.993707e+01	-2.827872e+02
1.182000e-05	-5.678995e-09	-2.355667e-09	-2.997747e+01	-2.831014e+02
1.183000e-05	-5.686580e-09	-2.357909e-09	-3.001751e+01	-2.834083e+02
1.184000e-05	-5.694103e-09	-2.361105e-09	-3.005722e+01	-2.837079e+02
1.185000e-05	-5.701559e-09	-2.366013e-09	-3.009658e+01	-2.840000e+02
1.186000e-05	-5.708950e-09	-2.371896e-09	-3.013559e+01	-2.842848e+02
1.187000e-05	-5.716231e-09	-2.380040e-09	-3.017403e+01	-2.845621e+02
1.188000e-05	-5.723385e-09	-2.388082e-09	-3.021179e+01	-2.848321e+02
1.189000e-05	-5.730401e-09	-2.391605e-09	-3.024883e+01	-2.850947e+02
1.190000e-05	-5.737265e-09	-2.387774e-09	-3.028506e+01	-2.853498e+02
1.191000e-05	-5.743983e-09	-2.380143e-09	-3.032052e+01	-2.855975e+02
1.192000e-05	-5.750524e-09	-2.378034e-09	-3.035505e+01	-2.858378e+02
1.193000e-05	-5.756879e-09	-2.384114e-09	-3.038860e+01	-2.860706e+02
1.194000e-05	-5.762993e-09	-2.395529e-09	-3.042087e+01	-2.862960e+02
1.195000e-05	-5.768832e-09	-2.405609e-09	-3.045170e+01	-2.865140e+02
1.196000e-05	-5.774428e-09	-2.410756e-09	-3.048123e+01	-2.867245e+02
1.197000e-05	-5.779768e-09	-2.412740e-09	-3.050942e+01	-2.869275e+02
1.198000e-05	-5.784861e-09	-2.412015e-09	-3.053630e+01	-2.871231e+02
1.199000e-05	-5.789704e-09	-2.409391e-09	-3.056187e+01	-2.873112e+02
1.200000e-05	-5.794306e-09	-2.405127e-09	-3.058616e+01	-2.874919e+02
1.201000e-05	-5.798677e-09	-2.402538e-09	-3.060923e+01	-2.876650e+02
1.202000e-05	-5.802866e-09	-2.406936e-09	-3.063134e+01	-2.878307e+02
1.203000e-05	-5.806907e-09	-2.419389e-09	-3.065268e+01	-2.879889e+02
1.204000e-05	-5.810785e-09	-2.433441e-09	-3.067315e+01	-2.881396e+02
1.205000e-05	-5.814537e-09	-2.439364e-09	-3.069295e+01	-2.882828e+02
1.206000e-05	-5.818203e-09	-2.435697e-09	-3.071231e+01	-2.884185e+02
1.207000e-05	-5.821792e-09	-2.428603e-09	-3.073125e+01	-2.885467e+02
1.208000e-05	-5.825311e-09	-2.425524e-09	-3.074983e+01	-2.886674e+02
1.209000e-05	-5.828770e-09	-2.427547e-09	-3.076809e+01	-2.887806e+02
1.210000e-05	-5.832162e-09	-2.430986e-09	-3.078599e+01	-2.888862e+02
1.211000e-05	-5.835472e-09	-2.434537e-09	-3.080347e+01	-2.889844e+02
1.212000e-05	-5.838682e-09	-2.439960e-09	-3.082041e+01	-2.890750e+02
1.213000e-05	-5.841775e-09	-2.447124e-09	-3.083673e+01	-2.891582e+02
1.214000e-05	-5.844733e-09	-2.451410e-09	-3.085235e+01	-2.892338e+02
1.215000e-05	-5.847530e-09	-2.448792e-09	-3.086711e+01	-2.893018e+02
1.216000e-05	-5.850164e-09	-2.442250e-09	-3.088102e+01	-2.893624e+02
1.217000e-05	-5.852635e-09	-2.440294e-09	-3.089406e+01	-2.894154e+02
1.218000e-05	-5.854933e-09	-2.444247e-09	-3.090619e+01	-2.894609e+02
1.219000e-05	-5.857083e-09	-2.449044e-09	-3.091754e+01	-2.894989e+02
1.220000e-05	-5.859088e-09	-2.450015e-09	-3.092812e+01	-2.895293e+02
1.221000e-05	-5.860944e-09	-2.448846e-09	-3.093792e+01	-2.895522e+02
1.222000e-05	-5.862662e-09	-2.452270e-09	-3.094699e+01	-2.895675e+02
1.223000e-05	-5.864278e-09	-2.459353e-09	-3.095552e+01	-2.895754e+02
1.224000e-05	-5.865807e-09	-2.464013e-09	-3.096359e+01	-2.895757e+02
1.225000e-05	-5.867237e-09	-2.462464e-09	-3.097114e+01	-2.895684e+02
1.226000e-05	-5.868557e-09	-2.457849e-09	-3.097811e+01	-2.895537e+02
1.227000e-05	-5.869689e-09	-2.455581e-09	-3.098408e+01	-2.895314e+02
1.228000e-05	-5.870587e-09	-2.456624e-09	-3.098882e+01	-2.895016e+02
1.229000e-05	-5.871343e-09	-2.458136e-09	-3.099282e+01	-2.894642e+02
1.230000e-05	-5.872004e-09	-2.458304e-09	-3.099631e+01	-2.894193e+02
1.231000e-05	-5.872520e-09	-2.459101e-09	-3.099903e+01	-2.893669e+02
1.232000e-05	-5.872857e-09	-2.462320e-09	-3.100080e+01	-2.893069e+02
