# Temperatura_=_20.0
# Concentracion g/m^3_=_10000.0
# C_Vs_to_Am_M_A/Vsm_=_116720831517.84952
# pendiente_HvsI_1/m_=_3716.3
# ordenada_HvsI_A/m_=_1297.0
# frecuencia_Hz_=_135645.6660503672
# Promedio de 22 ciclos

Tiempo_(s)	Campo_(V.s)	Magnetizacion_(V.s)	Campo_(kA/m)	Magnetizacion_(A/m)
0.000000e+00	-1.033655e-08	-4.381812e-09	-5.322727e+01	-5.188747e+02
1.000000e-08	-1.033648e-08	-4.382151e-09	-5.322689e+01	-5.188767e+02
2.000000e-08	-1.033590e-08	-4.380084e-09	-5.322390e+01	-5.188409e+02
3.000000e-08	-1.033462e-08	-4.377683e-09	-5.321734e+01	-5.187675e+02
4.000000e-08	-1.033243e-08	-4.379841e-09	-5.320603e+01	-5.186562e+02
5.000000e-08	-1.032926e-08	-4.384703e-09	-5.318971e+01	-5.185073e+02
6.000000e-08	-1.032532e-08	-4.385296e-09	-5.316945e+01	-5.183206e+02
7.000000e-08	-1.032087e-08	-4.391360e-09	-5.314653e+01	-5.180962e+02
8.000000e-08	-1.031585e-08	-4.406973e-09	-5.312065e+01	-5.178342e+02
9.000000e-08	-1.030999e-08	-4.394895e-09	-5.309050e+01	-5.175344e+02
1.000000e-07	-1.030306e-08	-4.333269e-09	-5.305482e+01	-5.171971e+02
1.100000e-07	-1.029493e-08	-4.281758e-09	-5.301293e+01	-5.168221e+02
1.200000e-07	-1.028578e-08	-4.333977e-09	-5.296585e+01	-5.164095e+02
1.300000e-07	-1.027622e-08	-4.426354e-09	-5.291658e+01	-5.159594e+02
1.400000e-07	-1.026650e-08	-4.402182e-09	-5.286653e+01	-5.154717e+02
1.500000e-07	-1.025600e-08	-4.298084e-09	-5.281249e+01	-5.149466e+02
1.600000e-07	-1.024428e-08	-4.365296e-09	-5.275210e+01	-5.143840e+02
1.700000e-07	-1.023173e-08	-4.440977e-09	-5.268753e+01	-5.137839e+02
1.800000e-07	-1.021867e-08	-4.277878e-09	-5.262026e+01	-5.131465e+02
1.900000e-07	-1.020469e-08	-4.204823e-09	-5.254824e+01	-5.124718e+02
2.000000e-07	-1.018968e-08	-4.402886e-09	-5.247098e+01	-5.117598e+02
2.100000e-07	-1.017401e-08	-4.483118e-09	-5.239026e+01	-5.110106e+02
2.200000e-07	-1.015760e-08	-4.332289e-09	-5.230578e+01	-5.102242e+02
2.300000e-07	-1.014025e-08	-4.293897e-09	-5.221646e+01	-5.094007e+02
2.400000e-07	-1.012217e-08	-4.371578e-09	-5.212332e+01	-5.085401e+02
2.500000e-07	-1.010350e-08	-4.293932e-09	-5.202718e+01	-5.076426e+02
2.600000e-07	-1.008407e-08	-4.233118e-09	-5.192714e+01	-5.067081e+02
2.700000e-07	-1.006396e-08	-4.296656e-09	-5.182358e+01	-5.057368e+02
2.800000e-07	-1.004334e-08	-4.297511e-09	-5.171739e+01	-5.047287e+02
2.900000e-07	-1.002201e-08	-4.263090e-09	-5.160757e+01	-5.036838e+02
3.000000e-07	-9.999888e-09	-4.335382e-09	-5.149365e+01	-5.026024e+02
3.100000e-07	-9.977155e-09	-4.336401e-09	-5.137659e+01	-5.014843e+02
3.200000e-07	-9.953776e-09	-4.187088e-09	-5.125620e+01	-5.003298e+02
3.300000e-07	-9.929709e-09	-4.191017e-09	-5.113227e+01	-4.991389e+02
3.400000e-07	-9.905141e-09	-4.270977e-09	-5.100575e+01	-4.979117e+02
3.500000e-07	-9.879931e-09	-4.229837e-09	-5.087594e+01	-4.966483e+02
3.600000e-07	-9.853647e-09	-4.188260e-09	-5.074059e+01	-4.953488e+02
3.700000e-07	-9.826319e-09	-4.220282e-09	-5.059987e+01	-4.940132e+02
3.800000e-07	-9.798307e-09	-4.185906e-09	-5.045562e+01	-4.926417e+02
3.900000e-07	-9.769699e-09	-4.155500e-09	-5.030831e+01	-4.912343e+02
4.000000e-07	-9.740460e-09	-4.162501e-09	-5.015774e+01	-4.897913e+02
4.100000e-07	-9.710575e-09	-4.130456e-09	-5.000385e+01	-4.883126e+02
4.200000e-07	-9.679938e-09	-4.115647e-09	-4.984609e+01	-4.867983e+02
4.300000e-07	-9.648557e-09	-4.158358e-09	-4.968450e+01	-4.852487e+02
4.400000e-07	-9.616629e-09	-4.144823e-09	-4.952009e+01	-4.836637e+02
4.500000e-07	-9.584241e-09	-4.100202e-09	-4.935330e+01	-4.820436e+02
4.600000e-07	-9.551270e-09	-4.084215e-09	-4.918352e+01	-4.803884e+02
4.700000e-07	-9.517526e-09	-4.060196e-09	-4.900976e+01	-4.786983e+02
4.800000e-07	-9.482846e-09	-4.047984e-09	-4.883118e+01	-4.769734e+02
4.900000e-07	-9.447304e-09	-4.059000e-09	-4.864816e+01	-4.752137e+02
5.000000e-07	-9.411142e-09	-4.038556e-09	-4.846194e+01	-4.734195e+02
5.100000e-07	-9.374431e-09	-4.013173e-09	-4.827291e+01	-4.715909e+02
5.200000e-07	-9.337097e-09	-4.014664e-09	-4.808065e+01	-4.697279e+02
5.300000e-07	-9.299062e-09	-3.993210e-09	-4.788479e+01	-4.678308e+02
5.400000e-07	-9.260313e-09	-3.968766e-09	-4.768526e+01	-4.658996e+02
5.500000e-07	-9.220890e-09	-3.964384e-09	-4.748225e+01	-4.639345e+02
5.600000e-07	-9.180889e-09	-3.943478e-09	-4.727627e+01	-4.619357e+02
5.700000e-07	-9.140362e-09	-3.913745e-09	-4.706758e+01	-4.599033e+02
5.800000e-07	-9.099182e-09	-3.909502e-09	-4.685553e+01	-4.578375e+02
5.900000e-07	-9.057203e-09	-3.897625e-09	-4.663936e+01	-4.557383e+02
6.000000e-07	-9.014366e-09	-3.874534e-09	-4.641878e+01	-4.536060e+02
6.100000e-07	-8.970756e-09	-3.859107e-09	-4.619421e+01	-4.514407e+02
6.200000e-07	-8.926550e-09	-3.845731e-09	-4.596657e+01	-4.492425e+02
6.300000e-07	-8.881799e-09	-3.830387e-09	-4.573613e+01	-4.470116e+02
6.400000e-07	-8.836439e-09	-3.820868e-09	-4.550255e+01	-4.447483e+02
6.500000e-07	-8.790453e-09	-3.796307e-09	-4.526575e+01	-4.424526e+02
6.600000e-07	-8.743822e-09	-3.764175e-09	-4.502563e+01	-4.401246e+02
6.700000e-07	-8.696524e-09	-3.742653e-09	-4.478207e+01	-4.377647e+02
6.800000e-07	-8.648594e-09	-3.733272e-09	-4.453526e+01	-4.353729e+02
6.900000e-07	-8.600034e-09	-3.721661e-09	-4.428520e+01	-4.329495e+02
7.000000e-07	-8.550689e-09	-3.704473e-09	-4.403111e+01	-4.304945e+02
7.100000e-07	-8.500418e-09	-3.678259e-09	-4.377224e+01	-4.280083e+02
7.200000e-07	-8.449264e-09	-3.656804e-09	-4.350882e+01	-4.254909e+02
7.300000e-07	-8.397377e-09	-3.641605e-09	-4.324163e+01	-4.229425e+02
7.400000e-07	-8.344871e-09	-3.620984e-09	-4.297126e+01	-4.203633e+02
7.500000e-07	-8.291788e-09	-3.592160e-09	-4.269792e+01	-4.177536e+02
7.600000e-07	-8.238151e-09	-3.567508e-09	-4.242171e+01	-4.151135e+02
7.700000e-07	-8.183939e-09	-3.548505e-09	-4.214256e+01	-4.124432e+02
7.800000e-07	-8.129153e-09	-3.531818e-09	-4.186044e+01	-4.097429e+02
7.900000e-07	-8.073809e-09	-3.512489e-09	-4.157545e+01	-4.070127e+02
8.000000e-07	-8.017926e-09	-3.486465e-09	-4.128768e+01	-4.042530e+02
8.100000e-07	-7.961522e-09	-3.458365e-09	-4.099723e+01	-4.014638e+02
8.200000e-07	-7.904531e-09	-3.435547e-09	-4.070376e+01	-3.986454e+02
8.300000e-07	-7.846852e-09	-3.417289e-09	-4.040675e+01	-3.957981e+02
8.400000e-07	-7.788437e-09	-3.397260e-09	-4.010595e+01	-3.929219e+02
8.500000e-07	-7.729326e-09	-3.371087e-09	-3.980156e+01	-3.900171e+02
8.600000e-07	-7.669602e-09	-3.341748e-09	-3.949401e+01	-3.870840e+02
8.700000e-07	-7.609352e-09	-3.318911e-09	-3.918376e+01	-3.841226e+02
8.800000e-07	-7.548652e-09	-3.299707e-09	-3.887119e+01	-3.811334e+02
8.900000e-07	-7.487528e-09	-3.276561e-09	-3.855643e+01	-3.781164e+02
9.000000e-07	-7.425946e-09	-3.246573e-09	-3.823933e+01	-3.750719e+02
9.100000e-07	-7.363858e-09	-3.217121e-09	-3.791961e+01	-3.720001e+02
9.200000e-07	-7.301243e-09	-3.190805e-09	-3.759718e+01	-3.689012e+02
9.300000e-07	-7.238117e-09	-3.168880e-09	-3.727211e+01	-3.657755e+02
9.400000e-07	-7.174510e-09	-3.144330e-09	-3.694457e+01	-3.626231e+02
9.500000e-07	-7.110409e-09	-3.114162e-09	-3.661449e+01	-3.594444e+02
9.600000e-07	-7.045786e-09	-3.082485e-09	-3.628172e+01	-3.562395e+02
9.700000e-07	-6.980623e-09	-3.056694e-09	-3.594617e+01	-3.530087e+02
9.800000e-07	-6.914894e-09	-3.033211e-09	-3.560770e+01	-3.497522e+02
9.900000e-07	-6.848575e-09	-3.008573e-09	-3.526620e+01	-3.464702e+02
1.000000e-06	-6.781698e-09	-2.980695e-09	-3.492182e+01	-3.431631e+02
1.010000e-06	-6.714338e-09	-2.953613e-09	-3.457495e+01	-3.398309e+02
1.020000e-06	-6.646519e-09	-2.926990e-09	-3.422572e+01	-3.364740e+02
1.030000e-06	-6.578259e-09	-2.900520e-09	-3.387423e+01	-3.330927e+02
1.040000e-06	-6.509615e-09	-2.870529e-09	-3.352075e+01	-3.296870e+02
1.050000e-06	-6.440579e-09	-2.837937e-09	-3.316525e+01	-3.262574e+02
1.060000e-06	-6.371103e-09	-2.808296e-09	-3.280749e+01	-3.228041e+02
1.070000e-06	-6.301162e-09	-2.785009e-09	-3.244733e+01	-3.193272e+02
1.080000e-06	-6.230735e-09	-2.763303e-09	-3.208467e+01	-3.158271e+02
1.090000e-06	-6.159843e-09	-2.735535e-09	-3.171962e+01	-3.123041e+02
1.100000e-06	-6.088533e-09	-2.701533e-09	-3.135241e+01	-3.087582e+02
1.110000e-06	-6.016827e-09	-2.666326e-09	-3.098317e+01	-3.051900e+02
1.120000e-06	-5.944729e-09	-2.634451e-09	-3.061190e+01	-3.015994e+02
1.130000e-06	-5.872218e-09	-2.605578e-09	-3.023852e+01	-2.979870e+02
1.140000e-06	-5.799263e-09	-2.576100e-09	-2.986284e+01	-2.943528e+02
1.150000e-06	-5.725852e-09	-2.544577e-09	-2.948482e+01	-2.906972e+02
1.160000e-06	-5.652000e-09	-2.514446e-09	-2.910452e+01	-2.870205e+02
1.170000e-06	-5.577703e-09	-2.486830e-09	-2.872194e+01	-2.833229e+02
1.180000e-06	-5.502926e-09	-2.458991e-09	-2.833688e+01	-2.796046e+02
1.190000e-06	-5.427642e-09	-2.428143e-09	-2.794921e+01	-2.758660e+02
1.200000e-06	-5.351853e-09	-2.395438e-09	-2.755894e+01	-2.721072e+02
1.210000e-06	-5.275555e-09	-2.363417e-09	-2.716605e+01	-2.683287e+02
1.220000e-06	-5.198783e-09	-2.334176e-09	-2.677072e+01	-2.645306e+02
1.230000e-06	-5.121601e-09	-2.305555e-09	-2.637328e+01	-2.607133e+02
1.240000e-06	-5.044033e-09	-2.276744e-09	-2.597385e+01	-2.568770e+02
1.250000e-06	-4.966069e-09	-2.246381e-09	-2.557238e+01	-2.530220e+02
1.260000e-06	-4.887713e-09	-2.215394e-09	-2.516889e+01	-2.491485e+02
1.270000e-06	-4.808956e-09	-2.186180e-09	-2.476334e+01	-2.452570e+02
1.280000e-06	-4.729782e-09	-2.158597e-09	-2.435564e+01	-2.413475e+02
1.290000e-06	-4.650238e-09	-2.128010e-09	-2.394603e+01	-2.374205e+02
1.300000e-06	-4.570353e-09	-2.094844e-09	-2.353467e+01	-2.334762e+02
1.310000e-06	-4.490143e-09	-2.062589e-09	-2.312164e+01	-2.295148e+02
1.320000e-06	-4.409585e-09	-2.031664e-09	-2.270681e+01	-2.255368e+02
1.330000e-06	-4.328623e-09	-1.998263e-09	-2.228991e+01	-2.215423e+02
1.340000e-06	-4.247268e-09	-1.962517e-09	-2.187097e+01	-2.175317e+02
1.350000e-06	-4.165590e-09	-1.927560e-09	-2.145038e+01	-2.135052e+02
1.360000e-06	-4.083619e-09	-1.897128e-09	-2.102827e+01	-2.094632e+02
1.370000e-06	-4.001361e-09	-1.870093e-09	-2.060469e+01	-2.054059e+02
1.380000e-06	-3.918865e-09	-1.840147e-09	-2.017988e+01	-2.013337e+02
1.390000e-06	-3.836149e-09	-1.803407e-09	-1.975394e+01	-1.972468e+02
1.400000e-06	-3.753213e-09	-1.765034e-09	-1.932687e+01	-1.931455e+02
1.410000e-06	-3.670077e-09	-1.731096e-09	-1.889877e+01	-1.890301e+02
1.420000e-06	-3.586757e-09	-1.699790e-09	-1.846972e+01	-1.849010e+02
1.430000e-06	-3.503249e-09	-1.667195e-09	-1.803970e+01	-1.807584e+02
1.440000e-06	-3.419542e-09	-1.630958e-09	-1.760865e+01	-1.766026e+02
1.450000e-06	-3.335618e-09	-1.592695e-09	-1.717649e+01	-1.724339e+02
1.460000e-06	-3.251476e-09	-1.556464e-09	-1.674321e+01	-1.682527e+02
1.470000e-06	-3.167128e-09	-1.522034e-09	-1.630886e+01	-1.640592e+02
1.480000e-06	-3.082575e-09	-1.486363e-09	-1.587347e+01	-1.598537e+02
1.490000e-06	-2.997826e-09	-1.448964e-09	-1.543705e+01	-1.556366e+02
1.500000e-06	-2.912902e-09	-1.412870e-09	-1.499975e+01	-1.514081e+02
1.510000e-06	-2.827801e-09	-1.379557e-09	-1.456152e+01	-1.471686e+02
1.520000e-06	-2.742525e-09	-1.344253e-09	-1.412240e+01	-1.429183e+02
1.530000e-06	-2.657099e-09	-1.304054e-09	-1.368251e+01	-1.386576e+02
1.540000e-06	-2.571543e-09	-1.262749e-09	-1.324194e+01	-1.343868e+02
1.550000e-06	-2.485843e-09	-1.227029e-09	-1.280064e+01	-1.301062e+02
1.560000e-06	-2.399992e-09	-1.196583e-09	-1.235855e+01	-1.258161e+02
1.570000e-06	-2.313991e-09	-1.165049e-09	-1.191570e+01	-1.215168e+02
1.580000e-06	-2.227834e-09	-1.128045e-09	-1.147204e+01	-1.172087e+02
1.590000e-06	-2.141526e-09	-1.085936e-09	-1.102760e+01	-1.128920e+02
1.600000e-06	-2.055063e-09	-1.043481e-09	-1.058237e+01	-1.085670e+02
1.610000e-06	-1.968442e-09	-1.005330e-09	-1.013632e+01	-1.042341e+02
1.620000e-06	-1.881670e-09	-9.699292e-10	-9.689492e+00	-9.989358e+01
1.630000e-06	-1.794765e-09	-9.340250e-10	-9.241982e+00	-9.554577e+01
1.640000e-06	-1.707735e-09	-8.966574e-10	-8.793827e+00	-9.119097e+01
1.650000e-06	-1.620588e-09	-8.594084e-10	-8.345071e+00	-8.682951e+01
1.660000e-06	-1.533348e-09	-8.222501e-10	-7.895831e+00	-8.246169e+01
1.670000e-06	-1.446017e-09	-7.834356e-10	-7.446129e+00	-7.808784e+01
1.680000e-06	-1.358625e-09	-7.427848e-10	-6.996109e+00	-7.370827e+01
1.690000e-06	-1.271197e-09	-7.027758e-10	-6.545905e+00	-6.932330e+01
1.700000e-06	-1.183725e-09	-6.640049e-10	-6.095474e+00	-6.493326e+01
1.710000e-06	-1.096199e-09	-6.263202e-10	-5.644765e+00	-6.053845e+01
1.720000e-06	-1.008616e-09	-5.881267e-10	-5.193760e+00	-5.613920e+01
1.730000e-06	-9.209653e-10	-5.481048e-10	-4.742410e+00	-5.173583e+01
1.740000e-06	-8.332379e-10	-5.080711e-10	-4.290664e+00	-4.732865e+01
1.750000e-06	-7.454484e-10	-4.705734e-10	-3.838597e+00	-4.291800e+01
1.760000e-06	-6.576283e-10	-4.346986e-10	-3.386374e+00	-3.850418e+01
1.770000e-06	-5.697748e-10	-3.971080e-10	-2.933979e+00	-3.408752e+01
1.780000e-06	-4.818557e-10	-3.575685e-10	-2.481246e+00	-2.966835e+01
1.790000e-06	-3.938714e-10	-3.171638e-10	-2.028177e+00	-2.524697e+01
1.800000e-06	-3.058457e-10	-2.777757e-10	-1.574896e+00	-2.082371e+01
1.810000e-06	-2.178033e-10	-2.413072e-10	-1.121528e+00	-1.639890e+01
1.820000e-06	-1.297697e-10	-2.044900e-10	-6.682052e-01	-1.197286e+01
1.830000e-06	-4.175738e-11	-1.658090e-10	-2.149920e-01	-7.545899e+00
1.840000e-06	4.622601e-11	-1.275774e-10	2.380721e-01	-3.118348e+00
1.850000e-06	1.341752e-10	-9.041318e-11	6.909606e-01	1.309472e+00
1.860000e-06	2.221061e-10	-5.243460e-11	1.143754e+00	5.737241e+00
1.870000e-06	3.100383e-10	-1.109495e-11	1.596555e+00	1.016464e+01
1.880000e-06	3.979633e-10	3.130617e-11	2.049319e+00	1.459134e+01
1.890000e-06	4.858685e-10	7.174728e-11	2.501980e+00	1.901702e+01
1.900000e-06	5.737373e-10	1.095089e-10	2.954454e+00	2.344136e+01
1.910000e-06	6.615608e-10	1.469250e-10	3.406695e+00	2.786405e+01
1.920000e-06	7.493448e-10	1.870765e-10	3.858732e+00	3.228476e+01
1.930000e-06	8.370848e-10	2.295996e-10	4.310543e+00	3.670316e+01
1.940000e-06	9.247702e-10	2.711341e-10	4.762072e+00	4.111894e+01
1.950000e-06	1.012377e-09	3.100066e-10	5.213196e+00	4.553177e+01
1.960000e-06	1.099903e-09	3.478932e-10	5.663906e+00	4.994134e+01
1.970000e-06	1.187349e-09	3.876145e-10	6.114204e+00	5.434733e+01
1.980000e-06	1.274688e-09	4.289404e-10	6.563951e+00	5.874941e+01
1.990000e-06	1.361922e-09	4.693058e-10	7.013158e+00	6.314727e+01
2.000000e-06	1.449085e-09	5.073260e-10	7.461998e+00	6.754058e+01
2.010000e-06	1.536199e-09	5.451588e-10	7.910584e+00	7.192902e+01
2.020000e-06	1.623234e-09	5.848407e-10	8.358765e+00	7.631229e+01
2.030000e-06	1.710170e-09	6.253519e-10	8.806437e+00	8.069005e+01
2.040000e-06	1.797010e-09	6.642709e-10	9.253610e+00	8.506200e+01
2.050000e-06	1.883747e-09	7.019455e-10	9.700255e+00	8.942781e+01
2.060000e-06	1.970363e-09	7.414745e-10	1.014628e+01	9.378716e+01
2.070000e-06	2.056825e-09	7.842839e-10	1.059151e+01	9.813975e+01
2.080000e-06	2.143130e-09	8.286770e-10	1.103593e+01	1.024852e+02
2.090000e-06	2.229277e-09	8.711387e-10	1.147954e+01	1.068233e+02
2.100000e-06	2.315244e-09	9.095898e-10	1.192222e+01	1.111537e+02
2.110000e-06	2.401031e-09	9.475679e-10	1.236397e+01	1.154761e+02
2.120000e-06	2.486641e-09	9.885275e-10	1.280481e+01	1.197901e+02
2.130000e-06	2.572087e-09	1.030114e-09	1.324481e+01	1.240954e+02
2.140000e-06	2.657389e-09	1.068554e-09	1.368407e+01	1.283918e+02
2.150000e-06	2.742544e-09	1.105568e-09	1.412257e+01	1.326789e+02
2.160000e-06	2.827555e-09	1.144479e-09	1.456033e+01	1.369563e+02
2.170000e-06	2.912414e-09	1.185116e-09	1.499730e+01	1.412239e+02
2.180000e-06	2.997100e-09	1.225218e-09	1.543339e+01	1.454813e+02
2.190000e-06	3.081605e-09	1.262980e-09	1.586854e+01	1.497281e+02
2.200000e-06	3.165907e-09	1.301039e-09	1.630265e+01	1.539641e+02
2.210000e-06	3.249976e-09	1.342506e-09	1.673555e+01	1.581890e+02
2.220000e-06	3.333808e-09	1.385488e-09	1.716724e+01	1.624024e+02
2.230000e-06	3.417403e-09	1.424969e-09	1.759771e+01	1.666041e+02
2.240000e-06	3.500779e-09	1.459426e-09	1.802705e+01	1.707937e+02
2.250000e-06	3.583960e-09	1.492527e-09	1.845538e+01	1.749709e+02
2.260000e-06	3.666912e-09	1.528613e-09	1.888254e+01	1.791354e+02
2.270000e-06	3.749621e-09	1.567797e-09	1.930844e+01	1.832870e+02
2.280000e-06	3.832106e-09	1.608132e-09	1.973319e+01	1.874254e+02
2.290000e-06	3.914357e-09	1.646751e-09	2.015674e+01	1.915501e+02
2.300000e-06	3.996352e-09	1.682964e-09	2.057896e+01	1.956610e+02
2.310000e-06	4.078071e-09	1.718760e-09	2.099977e+01	1.997577e+02
2.320000e-06	4.159497e-09	1.756039e-09	2.141907e+01	2.038399e+02
2.330000e-06	4.240628e-09	1.792895e-09	2.183684e+01	2.079074e+02
2.340000e-06	4.321430e-09	1.827088e-09	2.225293e+01	2.119598e+02
2.350000e-06	4.401861e-09	1.861358e-09	2.266710e+01	2.159968e+02
2.360000e-06	4.481942e-09	1.897909e-09	2.307947e+01	2.200182e+02
2.370000e-06	4.561678e-09	1.935519e-09	2.349007e+01	2.240237e+02
2.380000e-06	4.641050e-09	1.973230e-09	2.389878e+01	2.280129e+02
2.390000e-06	4.720057e-09	2.008818e-09	2.430562e+01	2.319856e+02
2.400000e-06	4.798660e-09	2.041882e-09	2.471038e+01	2.359415e+02
2.410000e-06	4.876850e-09	2.074366e-09	2.511301e+01	2.398803e+02
2.420000e-06	4.954657e-09	2.108529e-09	2.551368e+01	2.438017e+02
2.430000e-06	5.032108e-09	2.144540e-09	2.591250e+01	2.477054e+02
2.440000e-06	5.109229e-09	2.179115e-09	2.630963e+01	2.515912e+02
2.450000e-06	5.186017e-09	2.212043e-09	2.670504e+01	2.554587e+02
2.460000e-06	5.262419e-09	2.245081e-09	2.709847e+01	2.593078e+02
2.470000e-06	5.338377e-09	2.278936e-09	2.748961e+01	2.631380e+02
2.480000e-06	5.413853e-09	2.313169e-09	2.787827e+01	2.669492e+02
2.490000e-06	5.488823e-09	2.347117e-09	2.826432e+01	2.707410e+02
2.500000e-06	5.563297e-09	2.379620e-09	2.864781e+01	2.745132e+02
2.510000e-06	5.637259e-09	2.411991e-09	2.902867e+01	2.782654e+02
2.520000e-06	5.710709e-09	2.446597e-09	2.940690e+01	2.819976e+02
2.530000e-06	5.783681e-09	2.481966e-09	2.978266e+01	2.857092e+02
2.540000e-06	5.856207e-09	2.514420e-09	3.015613e+01	2.894002e+02
2.550000e-06	5.928300e-09	2.542823e-09	3.052737e+01	2.930701e+02
2.560000e-06	5.999998e-09	2.570754e-09	3.089657e+01	2.967189e+02
2.570000e-06	6.071343e-09	2.601967e-09	3.126395e+01	3.003461e+02
2.580000e-06	6.142305e-09	2.636448e-09	3.162937e+01	3.039515e+02
2.590000e-06	6.212853e-09	2.670601e-09	3.199265e+01	3.075349e+02
2.600000e-06	6.282969e-09	2.702180e-09	3.235370e+01	3.110960e+02
2.610000e-06	6.352657e-09	2.734166e-09	3.271256e+01	3.146345e+02
2.620000e-06	6.421940e-09	2.768555e-09	3.306933e+01	3.181502e+02
2.630000e-06	6.490820e-09	2.802577e-09	3.342402e+01	3.216429e+02
2.640000e-06	6.559278e-09	2.832263e-09	3.377654e+01	3.251122e+02
2.650000e-06	6.627271e-09	2.858141e-09	3.412666e+01	3.285579e+02
2.660000e-06	6.694744e-09	2.885885e-09	3.447411e+01	3.319799e+02
2.670000e-06	6.761663e-09	2.917744e-09	3.481870e+01	3.353777e+02
2.680000e-06	6.828036e-09	2.951349e-09	3.516048e+01	3.387512e+02
2.690000e-06	6.893841e-09	2.983812e-09	3.549934e+01	3.421002e+02
2.700000e-06	6.959073e-09	3.011014e-09	3.583525e+01	3.454243e+02
2.710000e-06	7.023796e-09	3.036427e-09	3.616853e+01	3.487234e+02
2.720000e-06	7.088049e-09	3.064875e-09	3.649940e+01	3.519972e+02
2.730000e-06	7.151858e-09	3.096723e-09	3.682798e+01	3.552455e+02
2.740000e-06	7.215255e-09	3.129392e-09	3.715444e+01	3.584680e+02
2.750000e-06	7.278215e-09	3.158259e-09	3.747864e+01	3.616645e+02
2.760000e-06	7.340688e-09	3.185100e-09	3.780034e+01	3.648347e+02
2.770000e-06	7.402643e-09	3.211979e-09	3.811938e+01	3.679785e+02
2.780000e-06	7.464111e-09	3.239030e-09	3.843590e+01	3.710957e+02
2.790000e-06	7.525129e-09	3.265280e-09	3.875011e+01	3.741858e+02
2.800000e-06	7.585694e-09	3.292200e-09	3.906199e+01	3.772489e+02
2.810000e-06	7.645771e-09	3.322476e-09	3.937135e+01	3.802846e+02
2.820000e-06	7.705270e-09	3.353607e-09	3.967773e+01	3.832927e+02
2.830000e-06	7.764140e-09	3.381483e-09	3.998088e+01	3.862730e+02
2.840000e-06	7.822321e-09	3.403401e-09	4.028047e+01	3.892253e+02
2.850000e-06	7.879802e-09	3.422836e-09	4.057647e+01	3.921493e+02
2.860000e-06	7.936655e-09	3.445722e-09	4.086923e+01	3.950449e+02
2.870000e-06	7.992947e-09	3.473251e-09	4.115910e+01	3.979119e+02
2.880000e-06	8.048737e-09	3.503086e-09	4.144638e+01	4.007499e+02
2.890000e-06	8.104027e-09	3.531826e-09	4.173110e+01	4.035589e+02
2.900000e-06	8.158772e-09	3.557192e-09	4.201300e+01	4.063387e+02
2.910000e-06	8.212955e-09	3.579445e-09	4.229201e+01	4.090889e+02
2.920000e-06	8.266557e-09	3.601994e-09	4.256803e+01	4.118095e+02
2.930000e-06	8.319546e-09	3.625620e-09	4.284089e+01	4.145002e+02
2.940000e-06	8.371855e-09	3.649049e-09	4.311025e+01	4.171608e+02
2.950000e-06	8.423429e-09	3.672901e-09	4.337583e+01	4.197912e+02
2.960000e-06	8.474200e-09	3.697401e-09	4.363727e+01	4.223911e+02
2.970000e-06	8.524124e-09	3.721165e-09	4.389435e+01	4.249603e+02
2.980000e-06	8.573266e-09	3.743254e-09	4.414740e+01	4.274988e+02
2.990000e-06	8.621755e-09	3.763015e-09	4.439709e+01	4.300062e+02
3.000000e-06	8.669686e-09	3.782802e-09	4.464390e+01	4.324824e+02
3.010000e-06	8.717059e-09	3.803857e-09	4.488785e+01	4.349272e+02
3.020000e-06	8.763839e-09	3.825775e-09	4.512874e+01	4.373405e+02
3.030000e-06	8.809994e-09	3.846735e-09	4.536641e+01	4.397221e+02
3.040000e-06	8.855508e-09	3.865293e-09	4.560078e+01	4.420717e+02
3.050000e-06	8.900449e-09	3.883872e-09	4.583220e+01	4.443893e+02
3.060000e-06	8.944899e-09	3.904621e-09	4.606110e+01	4.466746e+02
3.070000e-06	8.988830e-09	3.927286e-09	4.628731e+01	4.489276e+02
3.080000e-06	9.032125e-09	3.949158e-09	4.651026e+01	4.511479e+02
3.090000e-06	9.074613e-09	3.969205e-09	4.672904e+01	4.533355e+02
3.100000e-06	9.116215e-09	3.986946e-09	4.694327e+01	4.554903e+02
3.110000e-06	9.157052e-09	4.005074e-09	4.715356e+01	4.576119e+02
3.120000e-06	9.197283e-09	4.023511e-09	4.736072e+01	4.597004e+02
3.130000e-06	9.236968e-09	4.040899e-09	4.756508e+01	4.617555e+02
3.140000e-06	9.276091e-09	4.058141e-09	4.776654e+01	4.637772e+02
3.150000e-06	9.314589e-09	4.075383e-09	4.796478e+01	4.657651e+02
3.160000e-06	9.352426e-09	4.092890e-09	4.815962e+01	4.677193e+02
3.170000e-06	9.389623e-09	4.109158e-09	4.835116e+01	4.696395e+02
3.180000e-06	9.426240e-09	4.122828e-09	4.853972e+01	4.715257e+02
3.190000e-06	9.462325e-09	4.134933e-09	4.872553e+01	4.733776e+02
3.200000e-06	9.497774e-09	4.148305e-09	4.890807e+01	4.751952e+02
3.210000e-06	9.532394e-09	4.164682e-09	4.908635e+01	4.769783e+02
3.220000e-06	9.566097e-09	4.182757e-09	4.925990e+01	4.787268e+02
3.230000e-06	9.598990e-09	4.197905e-09	4.942928e+01	4.804406e+02
3.240000e-06	9.631253e-09	4.209117e-09	4.959541e+01	4.821195e+02
3.250000e-06	9.662954e-09	4.219675e-09	4.975865e+01	4.837634e+02
3.260000e-06	9.694039e-09	4.230533e-09	4.991873e+01	4.853722e+02
3.270000e-06	9.724478e-09	4.242009e-09	5.007547e+01	4.869458e+02
3.280000e-06	9.754257e-09	4.254647e-09	5.022881e+01	4.884841e+02
3.290000e-06	9.783387e-09	4.268733e-09	5.037882e+01	4.899869e+02
3.300000e-06	9.811950e-09	4.282596e-09	5.052590e+01	4.914542e+02
3.310000e-06	9.839978e-09	4.294371e-09	5.067023e+01	4.928858e+02
3.320000e-06	9.867317e-09	4.302868e-09	5.081101e+01	4.942816e+02
3.330000e-06	9.893718e-09	4.309290e-09	5.094695e+01	4.956416e+02
3.340000e-06	9.919130e-09	4.316908e-09	5.107781e+01	4.969656e+02
3.350000e-06	9.943727e-09	4.324859e-09	5.120447e+01	4.982535e+02
3.360000e-06	9.967673e-09	4.333267e-09	5.132778e+01	4.995053e+02
3.370000e-06	9.990974e-09	4.344273e-09	5.144777e+01	5.007208e+02
3.380000e-06	1.001359e-08	4.358940e-09	5.156425e+01	5.019000e+02
3.390000e-06	1.003554e-08	4.373842e-09	5.167723e+01	5.030428e+02
3.400000e-06	1.005682e-08	4.384205e-09	5.178684e+01	5.041491e+02
3.410000e-06	1.007753e-08	4.388979e-09	5.189345e+01	5.052188e+02
3.420000e-06	1.009771e-08	4.389461e-09	5.199738e+01	5.062518e+02
3.430000e-06	1.011729e-08	4.390960e-09	5.209823e+01	5.072481e+02
3.440000e-06	1.013614e-08	4.396931e-09	5.219528e+01	5.082076e+02
3.450000e-06	1.015423e-08	4.405822e-09	5.228842e+01	5.091302e+02
3.460000e-06	1.017162e-08	4.416151e-09	5.237796e+01	5.100158e+02
3.470000e-06	1.018828e-08	4.425560e-09	5.246379e+01	5.108645e+02
3.480000e-06	1.020412e-08	4.431878e-09	5.254532e+01	5.116761e+02
3.490000e-06	1.021908e-08	4.435060e-09	5.262236e+01	5.124505e+02
3.500000e-06	1.023322e-08	4.435325e-09	5.269518e+01	5.131878e+02
3.510000e-06	1.024660e-08	4.434760e-09	5.276407e+01	5.138878e+02
3.520000e-06	1.025925e-08	4.436804e-09	5.282924e+01	5.145505e+02
3.530000e-06	1.027117e-08	4.443531e-09	5.289062e+01	5.151759e+02
3.540000e-06	1.028223e-08	4.452244e-09	5.294754e+01	5.157639e+02
3.550000e-06	1.029226e-08	4.457696e-09	5.299919e+01	5.163145e+02
3.560000e-06	1.030133e-08	4.458584e-09	5.304592e+01	5.168276e+02
3.570000e-06	1.030970e-08	4.457150e-09	5.308903e+01	5.173032e+02
3.580000e-06	1.031745e-08	4.456212e-09	5.312894e+01	5.177412e+02
3.590000e-06	1.032451e-08	4.457386e-09	5.316527e+01	5.181417e+02
3.600000e-06	1.033084e-08	4.459792e-09	5.319787e+01	5.185046e+02
3.610000e-06	1.033642e-08	4.462065e-09	5.322662e+01	5.188299e+02
3.620000e-06	1.034131e-08	4.462878e-09	5.325178e+01	5.191175e+02
3.630000e-06	1.034565e-08	4.462511e-09	5.327414e+01	5.193674e+02
3.640000e-06	1.034941e-08	4.461035e-09	5.329349e+01	5.195797e+02
3.650000e-06	1.035231e-08	4.459151e-09	5.330844e+01	5.197542e+02
3.660000e-06	1.035420e-08	4.457856e-09	5.331815e+01	5.198910e+02
3.670000e-06	1.035520e-08	4.457656e-09	5.332332e+01	5.199901e+02
3.680000e-06	1.035556e-08	4.457719e-09	5.332514e+01	5.200515e+02
3.690000e-06	1.035531e-08	4.456388e-09	5.332388e+01	5.200751e+02
3.700000e-06	1.035439e-08	4.452499e-09	5.331916e+01	5.200610e+02
3.710000e-06	1.035280e-08	4.448267e-09	5.331096e+01	5.200092e+02
3.720000e-06	1.035055e-08	4.446938e-09	5.329938e+01	5.199196e+02
3.730000e-06	1.034765e-08	4.447973e-09	5.328441e+01	5.197922e+02
3.740000e-06	1.034419e-08	4.448075e-09	5.326660e+01	5.196272e+02
3.750000e-06	1.034026e-08	4.433718e-09	5.324635e+01	5.194244e+02
3.760000e-06	1.033574e-08	4.402547e-09	5.322308e+01	5.191840e+02
3.770000e-06	1.033034e-08	4.415971e-09	5.319527e+01	5.189059e+02
3.780000e-06	1.032378e-08	4.503445e-09	5.316150e+01	5.185901e+02
3.790000e-06	1.031588e-08	4.557795e-09	5.312083e+01	5.182367e+02
3.800000e-06	1.030665e-08	4.461237e-09	5.307330e+01	5.178457e+02
3.810000e-06	1.029666e-08	4.358471e-09	5.302188e+01	5.174171e+02
3.820000e-06	1.028664e-08	4.423693e-09	5.297025e+01	5.169509e+02
3.830000e-06	1.027643e-08	4.493961e-09	5.291769e+01	5.164472e+02
3.840000e-06	1.026526e-08	4.403884e-09	5.286014e+01	5.159061e+02
3.850000e-06	1.025305e-08	4.352212e-09	5.279730e+01	5.153275e+02
3.860000e-06	1.024047e-08	4.552787e-09	5.273249e+01	5.147116e+02
3.870000e-06	1.022732e-08	4.606214e-09	5.266478e+01	5.140582e+02
3.880000e-06	1.021289e-08	4.347835e-09	5.259047e+01	5.133676e+02
3.890000e-06	1.019739e-08	4.302335e-09	5.251066e+01	5.126397e+02
3.900000e-06	1.018141e-08	4.534084e-09	5.242839e+01	5.118746e+02
3.910000e-06	1.016481e-08	4.541364e-09	5.234289e+01	5.110724e+02
3.920000e-06	1.014733e-08	4.390107e-09	5.225290e+01	5.102331e+02
3.930000e-06	1.012926e-08	4.509806e-09	5.215986e+01	5.093567e+02
3.940000e-06	1.011065e-08	4.599685e-09	5.206401e+01	5.084434e+02
3.950000e-06	1.009121e-08	4.438103e-09	5.196392e+01	5.074932e+02
3.960000e-06	1.007109e-08	4.391879e-09	5.186029e+01	5.065062e+02
3.970000e-06	1.005041e-08	4.488266e-09	5.175382e+01	5.054824e+02
3.980000e-06	1.002880e-08	4.399778e-09	5.164254e+01	5.044220e+02
3.990000e-06	1.000607e-08	4.325669e-09	5.152550e+01	5.033249e+02
4.000000e-06	9.982561e-09	4.487794e-09	5.140442e+01	5.021913e+02
4.010000e-06	9.958413e-09	4.505486e-09	5.128007e+01	5.010213e+02
4.020000e-06	9.933552e-09	4.375092e-09	5.115205e+01	4.998149e+02
4.030000e-06	9.908108e-09	4.394333e-09	5.102103e+01	4.985722e+02
4.040000e-06	9.882064e-09	4.418758e-09	5.088692e+01	4.972934e+02
4.050000e-06	9.855280e-09	4.358360e-09	5.074899e+01	4.959785e+02
4.060000e-06	9.827882e-09	4.396902e-09	5.060791e+01	4.946275e+02
4.070000e-06	9.799954e-09	4.418704e-09	5.046409e+01	4.932407e+02
4.080000e-06	9.771250e-09	4.339636e-09	5.031629e+01	4.918181e+02
4.090000e-06	9.741516e-09	4.332827e-09	5.016317e+01	4.903599e+02
4.100000e-06	9.710795e-09	4.346805e-09	5.000498e+01	4.888660e+02
4.110000e-06	9.679310e-09	4.287300e-09	4.984285e+01	4.873366e+02
4.120000e-06	9.647235e-09	4.278506e-09	4.967768e+01	4.857719e+02
4.130000e-06	9.614592e-09	4.280124e-09	4.950959e+01	4.841720e+02
4.140000e-06	9.581311e-09	4.241257e-09	4.933821e+01	4.825369e+02
4.150000e-06	9.547384e-09	4.263042e-09	4.916351e+01	4.808668e+02
4.160000e-06	9.512847e-09	4.272031e-09	4.898566e+01	4.791618e+02
4.170000e-06	9.477742e-09	4.199997e-09	4.880489e+01	4.774220e+02
4.180000e-06	9.442109e-09	4.168714e-09	4.862140e+01	4.756476e+02
4.190000e-06	9.405828e-09	4.166873e-09	4.843457e+01	4.738387e+02
4.200000e-06	9.368692e-09	4.146612e-09	4.824334e+01	4.719954e+02
4.210000e-06	9.330625e-09	4.163443e-09	4.804732e+01	4.701179e+02
4.220000e-06	9.291727e-09	4.150210e-09	4.784702e+01	4.682062e+02
4.230000e-06	9.252153e-09	4.081833e-09	4.764323e+01	4.662606e+02
4.240000e-06	9.211965e-09	4.063121e-09	4.743629e+01	4.642811e+02
4.250000e-06	9.171138e-09	4.075161e-09	4.722605e+01	4.622680e+02
4.260000e-06	9.129692e-09	4.045157e-09	4.701263e+01	4.602213e+02
4.270000e-06	9.087693e-09	4.017697e-09	4.679636e+01	4.581412e+02
4.280000e-06	9.045145e-09	3.997147e-09	4.657726e+01	4.560279e+02
4.290000e-06	9.002053e-09	3.975236e-09	4.635536e+01	4.538815e+02
4.300000e-06	8.958452e-09	3.967481e-09	4.613084e+01	4.517021e+02
4.310000e-06	8.914321e-09	3.954312e-09	4.590359e+01	4.494900e+02
4.320000e-06	8.869581e-09	3.913892e-09	4.567320e+01	4.472453e+02
4.330000e-06	8.824185e-09	3.879169e-09	4.543944e+01	4.449681e+02
4.340000e-06	8.778141e-09	3.864372e-09	4.520234e+01	4.426586e+02
4.350000e-06	8.731470e-09	3.859546e-09	4.496201e+01	4.403171e+02
4.360000e-06	8.684145e-09	3.846213e-09	4.471831e+01	4.379435e+02
4.370000e-06	8.636110e-09	3.814204e-09	4.447096e+01	4.355382e+02
4.380000e-06	8.587343e-09	3.772538e-09	4.421984e+01	4.331013e+02
4.390000e-06	8.537875e-09	3.749021e-09	4.396511e+01	4.306330e+02
4.400000e-06	8.487757e-09	3.733981e-09	4.370703e+01	4.281334e+02
4.410000e-06	8.437029e-09	3.711091e-09	4.344581e+01	4.256028e+02
4.420000e-06	8.385712e-09	3.684245e-09	4.318156e+01	4.230413e+02
4.430000e-06	8.333751e-09	3.660186e-09	4.291399e+01	4.204491e+02
4.440000e-06	8.281048e-09	3.637281e-09	4.264260e+01	4.178264e+02
4.450000e-06	8.227530e-09	3.618644e-09	4.236702e+01	4.151734e+02
4.460000e-06	8.173195e-09	3.595859e-09	4.208722e+01	4.124903e+02
4.470000e-06	8.118148e-09	3.561615e-09	4.180376e+01	4.097772e+02
4.480000e-06	8.062503e-09	3.530383e-09	4.151722e+01	4.070345e+02
4.490000e-06	8.006318e-09	3.507620e-09	4.122790e+01	4.042621e+02
4.500000e-06	7.949613e-09	3.487764e-09	4.093590e+01	4.014605e+02
4.510000e-06	7.892364e-09	3.461761e-09	4.064110e+01	3.986297e+02
4.520000e-06	7.834556e-09	3.429070e-09	4.034342e+01	3.957701e+02
4.530000e-06	7.776214e-09	3.398817e-09	4.004300e+01	3.928817e+02
4.540000e-06	7.717398e-09	3.376169e-09	3.974012e+01	3.899648e+02
4.550000e-06	7.658103e-09	3.350584e-09	3.943479e+01	3.870196e+02
4.560000e-06	7.598320e-09	3.318450e-09	3.912694e+01	3.840464e+02
4.570000e-06	7.538048e-09	3.283295e-09	3.881657e+01	3.810453e+02
4.580000e-06	7.477231e-09	3.253590e-09	3.850340e+01	3.780165e+02
4.590000e-06	7.415767e-09	3.227823e-09	3.818690e+01	3.749603e+02
4.600000e-06	7.353583e-09	3.203860e-09	3.786669e+01	3.718770e+02
4.610000e-06	7.290736e-09	3.176374e-09	3.754306e+01	3.687666e+02
4.620000e-06	7.227339e-09	3.144982e-09	3.721660e+01	3.656296e+02
4.630000e-06	7.163458e-09	3.111760e-09	3.688765e+01	3.624659e+02
4.640000e-06	7.099117e-09	3.082094e-09	3.655633e+01	3.592760e+02
4.650000e-06	7.034300e-09	3.053213e-09	3.622256e+01	3.560601e+02
4.660000e-06	6.968993e-09	3.023968e-09	3.588626e+01	3.528183e+02
4.670000e-06	6.903205e-09	2.993556e-09	3.554750e+01	3.495509e+02
4.680000e-06	6.836954e-09	2.963991e-09	3.520634e+01	3.462582e+02
4.690000e-06	6.770267e-09	2.934887e-09	3.486294e+01	3.429404e+02
4.700000e-06	6.703184e-09	2.904782e-09	3.451750e+01	3.395977e+02
4.710000e-06	6.635703e-09	2.870615e-09	3.417001e+01	3.362303e+02
4.720000e-06	6.567778e-09	2.835459e-09	3.382024e+01	3.328386e+02
4.730000e-06	6.499349e-09	2.805090e-09	3.346787e+01	3.294228e+02
4.740000e-06	6.430375e-09	2.779460e-09	3.311269e+01	3.259830e+02
4.750000e-06	6.360820e-09	2.751528e-09	3.275453e+01	3.225196e+02
4.760000e-06	6.290662e-09	2.717764e-09	3.239326e+01	3.190329e+02
4.770000e-06	6.219938e-09	2.681887e-09	3.202907e+01	3.155229e+02
4.780000e-06	6.148716e-09	2.647509e-09	3.166231e+01	3.119902e+02
4.790000e-06	6.077050e-09	2.616170e-09	3.129328e+01	3.084347e+02
4.800000e-06	6.005009e-09	2.585863e-09	3.092231e+01	3.048570e+02
4.810000e-06	5.932638e-09	2.555167e-09	3.054964e+01	3.012571e+02
4.820000e-06	5.859898e-09	2.523036e-09	3.017507e+01	2.976354e+02
4.830000e-06	5.786754e-09	2.490755e-09	2.979841e+01	2.939921e+02
4.840000e-06	5.713230e-09	2.458051e-09	2.941981e+01	2.903274e+02
4.850000e-06	5.639355e-09	2.423352e-09	2.903940e+01	2.866418e+02
4.860000e-06	5.565091e-09	2.385256e-09	2.865698e+01	2.829353e+02
4.870000e-06	5.490408e-09	2.348612e-09	2.827240e+01	2.792084e+02
4.880000e-06	5.415299e-09	2.316633e-09	2.788564e+01	2.754612e+02
4.890000e-06	5.339750e-09	2.289166e-09	2.749660e+01	2.716940e+02
4.900000e-06	5.263728e-09	2.260600e-09	2.710513e+01	2.679071e+02
4.910000e-06	5.187196e-09	2.227548e-09	2.671104e+01	2.641008e+02
4.920000e-06	5.110167e-09	2.192132e-09	2.631439e+01	2.602754e+02
4.930000e-06	5.032663e-09	2.156958e-09	2.591528e+01	2.564311e+02
4.940000e-06	4.954737e-09	2.120983e-09	2.551401e+01	2.525682e+02
4.950000e-06	4.876483e-09	2.083275e-09	2.511105e+01	2.486870e+02
4.960000e-06	4.797869e-09	2.043916e-09	2.470623e+01	2.447878e+02
4.970000e-06	4.718843e-09	2.005806e-09	2.429930e+01	2.408709e+02
4.980000e-06	4.639441e-09	1.970086e-09	2.389042e+01	2.369365e+02
4.990000e-06	4.559719e-09	1.936083e-09	2.347990e+01	2.329849e+02
5.000000e-06	4.479717e-09	1.901402e-09	2.306793e+01	2.290164e+02
5.010000e-06	4.399450e-09	1.866493e-09	2.265460e+01	2.250314e+02
5.020000e-06	4.318910e-09	1.831908e-09	2.223987e+01	2.210300e+02
5.030000e-06	4.238096e-09	1.795536e-09	2.182372e+01	2.170126e+02
5.040000e-06	4.156997e-09	1.755476e-09	2.140611e+01	2.129795e+02
5.050000e-06	4.075578e-09	1.712511e-09	2.098685e+01	2.089310e+02
5.060000e-06	3.993862e-09	1.671924e-09	2.056606e+01	2.048673e+02
5.070000e-06	3.911886e-09	1.635324e-09	2.014393e+01	2.007888e+02
5.080000e-06	3.829672e-09	1.601028e-09	1.972058e+01	1.966958e+02
5.090000e-06	3.747263e-09	1.567968e-09	1.929622e+01	1.925885e+02
5.100000e-06	3.664676e-09	1.533420e-09	1.887094e+01	1.884672e+02
5.110000e-06	3.581909e-09	1.496138e-09	1.844474e+01	1.843323e+02
5.120000e-06	3.498939e-09	1.456844e-09	1.801749e+01	1.801841e+02
5.130000e-06	3.415744e-09	1.416146e-09	1.758908e+01	1.760228e+02
5.140000e-06	3.332316e-09	1.376001e-09	1.715947e+01	1.718488e+02
5.150000e-06	3.248647e-09	1.339259e-09	1.672863e+01	1.676623e+02
5.160000e-06	3.164746e-09	1.305408e-09	1.629658e+01	1.634637e+02
5.170000e-06	3.080592e-09	1.271759e-09	1.586324e+01	1.592533e+02
5.180000e-06	2.996147e-09	1.235991e-09	1.542840e+01	1.550313e+02
5.190000e-06	2.911455e-09	1.198002e-09	1.499229e+01	1.507981e+02
5.200000e-06	2.826570e-09	1.159456e-09	1.455517e+01	1.465540e+02
5.210000e-06	2.741469e-09	1.121056e-09	1.411696e+01	1.422993e+02
5.220000e-06	2.656168e-09	1.083011e-09	1.367771e+01	1.380343e+02
5.230000e-06	2.570707e-09	1.044882e-09	1.323763e+01	1.337593e+02
5.240000e-06	2.485059e-09	1.005611e-09	1.279660e+01	1.294747e+02
5.250000e-06	2.399218e-09	9.650123e-10	1.235457e+01	1.251807e+02
5.260000e-06	2.313211e-09	9.250476e-10	1.191168e+01	1.208776e+02
5.270000e-06	2.227025e-09	8.851799e-10	1.146787e+01	1.165658e+02
5.280000e-06	2.140620e-09	8.463952e-10	1.102294e+01	1.122456e+02
5.290000e-06	2.054000e-09	8.091972e-10	1.057689e+01	1.079172e+02
5.300000e-06	1.967213e-09	7.722250e-10	1.012999e+01	1.035811e+02
5.310000e-06	1.880265e-09	7.337961e-10	9.682260e+00	9.923747e+01
5.320000e-06	1.793142e-09	6.927248e-10	9.233624e+00	9.488668e+01
5.330000e-06	1.705867e-09	6.513291e-10	8.784210e+00	9.052905e+01
5.340000e-06	1.618446e-09	6.144964e-10	8.334043e+00	8.616488e+01
5.350000e-06	1.530907e-09	5.808976e-10	7.883269e+00	8.179450e+01
5.360000e-06	1.443283e-09	5.469257e-10	7.432054e+00	7.741822e+01
5.370000e-06	1.355569e-09	5.119331e-10	6.980377e+00	7.303635e+01
5.380000e-06	1.267785e-09	4.752072e-10	6.528337e+00	6.864923e+01
5.390000e-06	1.179953e-09	4.367288e-10	6.076052e+00	6.425716e+01
5.400000e-06	1.092063e-09	3.970075e-10	5.623468e+00	5.986047e+01
5.410000e-06	1.004094e-09	3.546169e-10	5.170478e+00	5.545947e+01
5.420000e-06	9.160572e-10	3.129829e-10	4.717140e+00	5.105449e+01
5.430000e-06	8.279578e-10	2.727612e-10	4.263478e+00	4.664584e+01
5.440000e-06	7.397930e-10	2.356566e-10	3.809479e+00	4.223385e+01
5.450000e-06	6.515709e-10	2.010011e-10	3.355185e+00	3.781883e+01
5.460000e-06	5.633030e-10	1.658157e-10	2.900655e+00	3.340111e+01
5.470000e-06	4.749987e-10	1.294304e-10	2.445938e+00	2.898101e+01
5.480000e-06	3.866812e-10	9.153475e-11	1.991153e+00	2.455884e+01
5.490000e-06	2.983596e-10	5.293802e-11	1.536347e+00	2.013494e+01
5.500000e-06	2.100355e-10	1.330577e-11	1.081528e+00	1.570961e+01
5.510000e-06	1.217203e-10	-2.789597e-11	6.267546e-01	1.128319e+01
5.520000e-06	3.341164e-11	-6.905649e-11	1.720151e-01	6.855997e+00
5.530000e-06	-5.489085e-11	-1.065403e-10	-2.826928e-01	2.428347e+00
5.540000e-06	-1.431865e-10	-1.395117e-10	-7.373655e-01	-1.999436e+00
5.550000e-06	-2.314678e-10	-1.703165e-10	-1.191964e+00	-6.427029e+00
5.560000e-06	-3.197329e-10	-2.028212e-10	-1.646480e+00	-1.085411e+01
5.570000e-06	-4.079783e-10	-2.394844e-10	-2.100893e+00	-1.528036e+01
5.580000e-06	-4.962130e-10	-2.789914e-10	-2.555252e+00	-1.970545e+01
5.590000e-06	-5.844315e-10	-3.179695e-10	-3.009527e+00	-2.412907e+01
5.600000e-06	-6.726213e-10	-3.588547e-10	-3.463655e+00	-2.855090e+01
5.610000e-06	-7.607758e-10	-3.976528e-10	-3.917601e+00	-3.297060e+01
5.620000e-06	-8.488648e-10	-4.342770e-10	-4.371209e+00	-3.738786e+01
5.630000e-06	-9.368807e-10	-4.699214e-10	-4.824441e+00	-4.180237e+01
5.640000e-06	-1.024812e-09	-5.052538e-10	-5.277239e+00	-4.621379e+01
5.650000e-06	-1.112640e-09	-5.422811e-10	-5.729503e+00	-5.062181e+01
5.660000e-06	-1.200373e-09	-5.791919e-10	-6.181274e+00	-5.502611e+01
5.670000e-06	-1.288010e-09	-6.162923e-10	-6.632557e+00	-5.942636e+01
5.680000e-06	-1.375561e-09	-6.536695e-10	-7.083395e+00	-6.382226e+01
5.690000e-06	-1.463023e-09	-6.907833e-10	-7.533771e+00	-6.821347e+01
5.700000e-06	-1.550360e-09	-7.291524e-10	-7.983509e+00	-7.259969e+01
5.710000e-06	-1.637582e-09	-7.674295e-10	-8.432648e+00	-7.698058e+01
5.720000e-06	-1.724706e-09	-8.034659e-10	-8.881287e+00	-8.135584e+01
5.730000e-06	-1.811690e-09	-8.367161e-10	-9.329203e+00	-8.572514e+01
5.740000e-06	-1.898523e-09	-8.689608e-10	-9.776344e+00	-9.008817e+01
5.750000e-06	-1.985208e-09	-9.046532e-10	-1.022272e+01	-9.444461e+01
5.760000e-06	-2.071714e-09	-9.417818e-10	-1.066818e+01	-9.879415e+01
5.770000e-06	-2.158016e-09	-9.799443e-10	-1.111258e+01	-1.031365e+02
5.780000e-06	-2.244112e-09	-1.018490e-09	-1.155593e+01	-1.074712e+02
5.790000e-06	-2.330005e-09	-1.055741e-09	-1.199822e+01	-1.117982e+02
5.800000e-06	-2.415682e-09	-1.090741e-09	-1.243941e+01	-1.161169e+02
5.810000e-06	-2.501150e-09	-1.122966e-09	-1.287952e+01	-1.204272e+02
5.820000e-06	-2.586426e-09	-1.155010e-09	-1.331864e+01	-1.247287e+02
5.830000e-06	-2.671517e-09	-1.189667e-09	-1.375681e+01	-1.290211e+02
5.840000e-06	-2.756424e-09	-1.227515e-09	-1.419403e+01	-1.333040e+02
5.850000e-06	-2.841156e-09	-1.267370e-09	-1.463035e+01	-1.375772e+02
5.860000e-06	-2.925700e-09	-1.306823e-09	-1.506570e+01	-1.418404e+02
5.870000e-06	-3.010031e-09	-1.343686e-09	-1.549996e+01	-1.460933e+02
5.880000e-06	-3.094102e-09	-1.376530e-09	-1.593288e+01	-1.503355e+02
5.890000e-06	-3.177911e-09	-1.406984e-09	-1.636444e+01	-1.545667e+02
5.900000e-06	-3.261481e-09	-1.438184e-09	-1.679478e+01	-1.587866e+02
5.910000e-06	-3.344801e-09	-1.472478e-09	-1.722383e+01	-1.629950e+02
5.920000e-06	-3.427867e-09	-1.510991e-09	-1.765157e+01	-1.671915e+02
5.930000e-06	-3.510700e-09	-1.550848e-09	-1.807811e+01	-1.713757e+02
5.940000e-06	-3.593322e-09	-1.587946e-09	-1.850357e+01	-1.755475e+02
5.950000e-06	-3.675740e-09	-1.621316e-09	-1.892797e+01	-1.797065e+02
5.960000e-06	-3.757933e-09	-1.650987e-09	-1.935122e+01	-1.838524e+02
5.970000e-06	-3.839888e-09	-1.677610e-09	-1.977325e+01	-1.879849e+02
5.980000e-06	-3.921598e-09	-1.703976e-09	-2.019401e+01	-1.921037e+02
5.990000e-06	-4.003054e-09	-1.733405e-09	-2.061346e+01	-1.962085e+02
6.000000e-06	-4.084250e-09	-1.768595e-09	-2.103157e+01	-2.002990e+02
6.010000e-06	-4.165183e-09	-1.807534e-09	-2.144833e+01	-2.043749e+02
6.020000e-06	-4.245851e-09	-1.846701e-09	-2.186372e+01	-2.084359e+02
6.030000e-06	-4.326254e-09	-1.882758e-09	-2.227775e+01	-2.124817e+02
6.040000e-06	-4.406394e-09	-1.914476e-09	-2.269042e+01	-2.165120e+02
6.050000e-06	-4.486222e-09	-1.942195e-09	-2.310149e+01	-2.205265e+02
6.060000e-06	-4.565677e-09	-1.969579e-09	-2.351064e+01	-2.245250e+02
6.070000e-06	-4.644743e-09	-1.999286e-09	-2.391778e+01	-2.285072e+02
6.080000e-06	-4.723410e-09	-2.031212e-09	-2.432287e+01	-2.324727e+02
6.090000e-06	-4.801669e-09	-2.065049e-09	-2.472586e+01	-2.364212e+02
6.100000e-06	-4.879544e-09	-2.100768e-09	-2.512687e+01	-2.403525e+02
6.110000e-06	-4.957026e-09	-2.137498e-09	-2.552586e+01	-2.442664e+02
6.120000e-06	-5.034083e-09	-2.172703e-09	-2.592266e+01	-2.481624e+02
6.130000e-06	-5.110715e-09	-2.204482e-09	-2.631726e+01	-2.520403e+02
6.140000e-06	-5.186888e-09	-2.231777e-09	-2.670951e+01	-2.559000e+02
6.150000e-06	-5.262590e-09	-2.257361e-09	-2.709933e+01	-2.597409e+02
6.160000e-06	-5.337855e-09	-2.285091e-09	-2.748690e+01	-2.635630e+02
6.170000e-06	-5.412718e-09	-2.315823e-09	-2.787241e+01	-2.673658e+02
6.180000e-06	-5.487190e-09	-2.349581e-09	-2.825589e+01	-2.711492e+02
6.190000e-06	-5.561271e-09	-2.384333e-09	-2.863737e+01	-2.749129e+02
6.200000e-06	-5.634950e-09	-2.418341e-09	-2.901677e+01	-2.786565e+02
6.210000e-06	-5.708217e-09	-2.451466e-09	-2.939405e+01	-2.823798e+02
6.220000e-06	-5.781102e-09	-2.482411e-09	-2.976937e+01	-2.860826e+02
6.230000e-06	-5.853638e-09	-2.509907e-09	-3.014289e+01	-2.897646e+02
6.240000e-06	-5.925828e-09	-2.535786e-09	-3.051463e+01	-2.934254e+02
6.250000e-06	-5.997660e-09	-2.562829e-09	-3.088452e+01	-2.970649e+02
6.260000e-06	-6.069118e-09	-2.592269e-09	-3.125249e+01	-3.006828e+02
6.270000e-06	-6.140167e-09	-2.623109e-09	-3.161835e+01	-3.042787e+02
6.280000e-06	-6.210756e-09	-2.652806e-09	-3.198184e+01	-3.078526e+02
6.290000e-06	-6.280853e-09	-2.682023e-09	-3.234280e+01	-3.114040e+02
6.300000e-06	-6.350401e-09	-2.712884e-09	-3.270093e+01	-3.149327e+02
6.310000e-06	-6.419387e-09	-2.744866e-09	-3.305617e+01	-3.184385e+02
6.320000e-06	-6.487861e-09	-2.774424e-09	-3.340877e+01	-3.219212e+02
6.330000e-06	-6.555825e-09	-2.800928e-09	-3.375874e+01	-3.253804e+02
6.340000e-06	-6.623300e-09	-2.826520e-09	-3.410620e+01	-3.288159e+02
6.350000e-06	-6.690338e-09	-2.854130e-09	-3.445141e+01	-3.322275e+02
6.360000e-06	-6.756981e-09	-2.882607e-09	-3.479458e+01	-3.356149e+02
6.370000e-06	-6.823218e-09	-2.909926e-09	-3.513566e+01	-3.389779e+02
6.380000e-06	-6.888998e-09	-2.936439e-09	-3.547439e+01	-3.423162e+02
6.390000e-06	-6.954314e-09	-2.963889e-09	-3.581073e+01	-3.456296e+02
6.400000e-06	-7.019174e-09	-2.993444e-09	-3.614472e+01	-3.489178e+02
6.410000e-06	-7.083585e-09	-3.023193e-09	-3.647641e+01	-3.521807e+02
6.420000e-06	-7.147551e-09	-3.049799e-09	-3.680580e+01	-3.554179e+02
6.430000e-06	-7.211044e-09	-3.072335e-09	-3.713274e+01	-3.586292e+02
6.440000e-06	-7.274032e-09	-3.093746e-09	-3.745710e+01	-3.618145e+02
6.450000e-06	-7.336453e-09	-3.116253e-09	-3.777853e+01	-3.649734e+02
6.460000e-06	-7.398218e-09	-3.139487e-09	-3.809658e+01	-3.681058e+02
6.470000e-06	-7.459320e-09	-3.162419e-09	-3.841122e+01	-3.712113e+02
6.480000e-06	-7.519823e-09	-3.186412e-09	-3.872278e+01	-3.742899e+02
6.490000e-06	-7.579777e-09	-3.213831e-09	-3.903150e+01	-3.773412e+02
6.500000e-06	-7.639221e-09	-3.242298e-09	-3.933761e+01	-3.803650e+02
6.510000e-06	-7.698191e-09	-3.267186e-09	-3.964127e+01	-3.833612e+02
6.520000e-06	-7.756687e-09	-3.287020e-09	-3.994249e+01	-3.863295e+02
6.530000e-06	-7.814675e-09	-3.304676e-09	-4.024110e+01	-3.892697e+02
6.540000e-06	-7.872114e-09	-3.324406e-09	-4.053687e+01	-3.921815e+02
6.550000e-06	-7.928993e-09	-3.347446e-09	-4.082977e+01	-3.950648e+02
6.560000e-06	-7.985335e-09	-3.371511e-09	-4.111990e+01	-3.979194e+02
6.570000e-06	-8.041146e-09	-3.394658e-09	-4.140729e+01	-4.007450e+02
6.580000e-06	-8.096396e-09	-3.417461e-09	-4.169180e+01	-4.035414e+02
6.590000e-06	-8.151006e-09	-3.440334e-09	-4.197301e+01	-4.063085e+02
6.600000e-06	-8.204878e-09	-3.463454e-09	-4.225041e+01	-4.090460e+02
6.610000e-06	-8.257964e-09	-3.485169e-09	-4.252377e+01	-4.117538e+02
6.620000e-06	-8.310283e-09	-3.505060e-09	-4.279319e+01	-4.144316e+02
6.630000e-06	-8.361914e-09	-3.523663e-09	-4.305906e+01	-4.170792e+02
6.640000e-06	-8.412937e-09	-3.542370e-09	-4.332179e+01	-4.196965e+02
6.650000e-06	-8.463346e-09	-3.562555e-09	-4.358137e+01	-4.222833e+02
6.660000e-06	-8.513085e-09	-3.583532e-09	-4.383750e+01	-4.248393e+02
6.670000e-06	-8.562081e-09	-3.603469e-09	-4.408980e+01	-4.273644e+02
6.680000e-06	-8.610272e-09	-3.622587e-09	-4.433795e+01	-4.298585e+02
6.690000e-06	-8.657633e-09	-3.641538e-09	-4.458183e+01	-4.323212e+02
6.700000e-06	-8.704266e-09	-3.660119e-09	-4.482196e+01	-4.347525e+02
6.710000e-06	-8.750308e-09	-3.678563e-09	-4.505906e+01	-4.371522e+02
6.720000e-06	-8.795838e-09	-3.697359e-09	-4.529351e+01	-4.395200e+02
6.730000e-06	-8.840872e-09	-3.715691e-09	-4.552541e+01	-4.418559e+02
6.740000e-06	-8.885361e-09	-3.732848e-09	-4.575450e+01	-4.441597e+02
6.750000e-06	-8.929323e-09	-3.749533e-09	-4.598088e+01	-4.464311e+02
6.760000e-06	-8.972796e-09	-3.765708e-09	-4.620474e+01	-4.486701e+02
6.770000e-06	-9.015751e-09	-3.782501e-09	-4.642593e+01	-4.508764e+02
6.780000e-06	-9.058162e-09	-3.799843e-09	-4.664432e+01	-4.530499e+02
6.790000e-06	-9.099989e-09	-3.818008e-09	-4.685971e+01	-4.551904e+02
6.800000e-06	-9.141201e-09	-3.836503e-09	-4.707193e+01	-4.572979e+02
6.810000e-06	-9.181808e-09	-3.853769e-09	-4.728103e+01	-4.593720e+02
6.820000e-06	-9.221839e-09	-3.870354e-09	-4.748717e+01	-4.614128e+02
6.830000e-06	-9.261301e-09	-3.886526e-09	-4.769037e+01	-4.634199e+02
6.840000e-06	-9.300151e-09	-3.903211e-09	-4.789043e+01	-4.653934e+02
6.850000e-06	-9.338222e-09	-3.919518e-09	-4.808647e+01	-4.673330e+02
6.860000e-06	-9.375377e-09	-3.934474e-09	-4.827780e+01	-4.692386e+02
6.870000e-06	-9.411720e-09	-3.947819e-09	-4.846494e+01	-4.711101e+02
6.880000e-06	-9.447411e-09	-3.959435e-09	-4.864873e+01	-4.729473e+02
6.890000e-06	-9.482529e-09	-3.971419e-09	-4.882957e+01	-4.747501e+02
6.900000e-06	-9.517042e-09	-3.985844e-09	-4.900729e+01	-4.765184e+02
6.910000e-06	-9.550897e-09	-4.002866e-09	-4.918163e+01	-4.782520e+02
6.920000e-06	-9.584094e-09	-4.020203e-09	-4.935257e+01	-4.799508e+02
6.930000e-06	-9.616647e-09	-4.034814e-09	-4.952020e+01	-4.816147e+02
6.940000e-06	-9.648587e-09	-4.045888e-09	-4.968467e+01	-4.832435e+02
6.950000e-06	-9.679944e-09	-4.054932e-09	-4.984614e+01	-4.848372e+02
6.960000e-06	-9.710597e-09	-4.064431e-09	-5.000399e+01	-4.863957e+02
6.970000e-06	-9.740344e-09	-4.075288e-09	-5.015716e+01	-4.879187e+02
6.980000e-06	-9.769136e-09	-4.087183e-09	-5.030542e+01	-4.894063e+02
6.990000e-06	-9.797154e-09	-4.100067e-09	-5.044970e+01	-4.908582e+02
7.000000e-06	-9.824590e-09	-4.114940e-09	-5.059098e+01	-4.922745e+02
7.010000e-06	-9.851426e-09	-4.132209e-09	-5.072917e+01	-4.936549e+02
7.020000e-06	-9.877570e-09	-4.147108e-09	-5.086380e+01	-4.949994e+02
7.030000e-06	-9.903001e-09	-4.156912e-09	-5.099475e+01	-4.963080e+02
7.040000e-06	-9.927727e-09	-4.163538e-09	-5.112208e+01	-4.975804e+02
7.050000e-06	-9.951815e-09	-4.171018e-09	-5.124612e+01	-4.988166e+02
7.060000e-06	-9.975374e-09	-4.179771e-09	-5.136743e+01	-5.000166e+02
7.070000e-06	-9.998339e-09	-4.188617e-09	-5.148569e+01	-5.011801e+02
7.080000e-06	-1.002044e-08	-4.198817e-09	-5.159952e+01	-5.023072e+02
7.090000e-06	-1.004154e-08	-4.210074e-09	-5.170814e+01	-5.033978e+02
7.100000e-06	-1.006178e-08	-4.222445e-09	-5.181239e+01	-5.044518e+02
7.110000e-06	-1.008141e-08	-4.234498e-09	-5.191343e+01	-5.054690e+02
7.120000e-06	-1.010045e-08	-4.244015e-09	-5.201150e+01	-5.064495e+02
7.130000e-06	-1.011883e-08	-4.250851e-09	-5.210616e+01	-5.073932e+02
7.140000e-06	-1.013652e-08	-4.256620e-09	-5.219724e+01	-5.082999e+02
7.150000e-06	-1.015352e-08	-4.264691e-09	-5.228478e+01	-5.091697e+02
7.160000e-06	-1.016986e-08	-4.274372e-09	-5.236892e+01	-5.100024e+02
7.170000e-06	-1.018560e-08	-4.282133e-09	-5.244998e+01	-5.107981e+02
7.180000e-06	-1.020070e-08	-4.287678e-09	-5.252770e+01	-5.115566e+02
7.190000e-06	-1.021488e-08	-4.293106e-09	-5.260073e+01	-5.122778e+02
7.200000e-06	-1.022794e-08	-4.300831e-09	-5.266800e+01	-5.129618e+02
7.210000e-06	-1.024004e-08	-4.310315e-09	-5.273028e+01	-5.136085e+02
7.220000e-06	-1.025142e-08	-4.319381e-09	-5.278888e+01	-5.142179e+02
7.230000e-06	-1.026210e-08	-4.326236e-09	-5.284390e+01	-5.147898e+02
7.240000e-06	-1.027208e-08	-4.329145e-09	-5.289527e+01	-5.153243e+02
7.250000e-06	-1.028136e-08	-4.331054e-09	-5.294306e+01	-5.158213e+02
7.260000e-06	-1.028991e-08	-4.333489e-09	-5.298710e+01	-5.162808e+02
7.270000e-06	-1.029784e-08	-4.336424e-09	-5.302794e+01	-5.167027e+02
7.280000e-06	-1.030523e-08	-4.342227e-09	-5.306597e+01	-5.170871e+02
7.290000e-06	-1.031188e-08	-4.350093e-09	-5.310021e+01	-5.174338e+02
7.300000e-06	-1.031752e-08	-4.360118e-09	-5.312926e+01	-5.177429e+02
7.310000e-06	-1.032217e-08	-4.368381e-09	-5.315321e+01	-5.180143e+02
7.320000e-06	-1.032610e-08	-4.373271e-09	-5.317347e+01	-5.182481e+02
7.330000e-06	-1.032948e-08	-4.372520e-09	-5.319085e+01	-5.184441e+02
7.340000e-06	-1.033222e-08	-4.368837e-09	-5.320497e+01	-5.186025e+02
7.350000e-06	-1.033428e-08	-4.368001e-09	-5.321557e+01	-5.187231e+02
7.360000e-06	-1.033569e-08	-4.369889e-09	-5.322283e+01	-5.188060e+02
7.370000e-06	-1.033635e-08	-4.376286e-09	-5.322624e+01	-5.188512e+02
