# Temperatura_=_20.0
# Concentracion g/m^3_=_10000.0
# C_Vs_to_Am_M_A/Vsm_=_116720831517.84952
# pendiente_HvsI_1/m_=_3716.3
# ordenada_HvsI_A/m_=_1297.0
# frecuencia_Hz_=_213189.63810422912
# Promedio de 22 ciclos

Tiempo_(s)	Campo_(V.s)	Magnetizacion_(V.s)	Campo_(kA/m)	Magnetizacion_(A/m)
0.000000e+00	-9.475377e-09	-3.946157e-09	-4.571147e+01	-4.734841e+02
1.000000e-08	-9.473966e-09	-3.939062e-09	-4.570467e+01	-4.733667e+02
2.000000e-08	-9.470778e-09	-3.935121e-09	-4.568929e+01	-4.731642e+02
3.000000e-08	-9.466012e-09	-3.933596e-09	-4.566629e+01	-4.728767e+02
4.000000e-08	-9.459818e-09	-3.931592e-09	-4.563641e+01	-4.725041e+02
5.000000e-08	-9.452138e-09	-3.928897e-09	-4.559936e+01	-4.720465e+02
6.000000e-08	-9.442852e-09	-3.926905e-09	-4.555457e+01	-4.715041e+02
7.000000e-08	-9.431679e-09	-3.930209e-09	-4.550067e+01	-4.708769e+02
8.000000e-08	-9.418636e-09	-3.922438e-09	-4.543774e+01	-4.701650e+02
9.000000e-08	-9.403503e-09	-3.874979e-09	-4.536474e+01	-4.693686e+02
1.000000e-07	-9.385958e-09	-3.857178e-09	-4.528010e+01	-4.684878e+02
1.100000e-07	-9.366477e-09	-3.861612e-09	-4.518612e+01	-4.675227e+02
1.200000e-07	-9.345689e-09	-3.880597e-09	-4.508583e+01	-4.664736e+02
1.300000e-07	-9.323847e-09	-3.920144e-09	-4.498046e+01	-4.653406e+02
1.400000e-07	-9.300798e-09	-3.837675e-09	-4.486926e+01	-4.641239e+02
1.500000e-07	-9.275944e-09	-3.836782e-09	-4.474936e+01	-4.628238e+02
1.600000e-07	-9.249278e-09	-3.911462e-09	-4.462072e+01	-4.614405e+02
1.700000e-07	-9.221201e-09	-3.848751e-09	-4.448527e+01	-4.599742e+02
1.800000e-07	-9.191445e-09	-3.947953e-09	-4.434172e+01	-4.584252e+02
1.900000e-07	-9.160158e-09	-4.077067e-09	-4.419079e+01	-4.567937e+02
2.000000e-07	-9.127610e-09	-3.948445e-09	-4.403377e+01	-4.550801e+02
2.100000e-07	-9.093239e-09	-3.947959e-09	-4.386795e+01	-4.532847e+02
2.200000e-07	-9.057130e-09	-3.993193e-09	-4.369376e+01	-4.514077e+02
2.300000e-07	-9.019550e-09	-3.878661e-09	-4.351246e+01	-4.494496e+02
2.400000e-07	-8.980248e-09	-3.895798e-09	-4.332286e+01	-4.474107e+02
2.500000e-07	-8.939433e-09	-3.894088e-09	-4.312596e+01	-4.452913e+02
2.600000e-07	-8.897005e-09	-3.817471e-09	-4.292127e+01	-4.430919e+02
2.700000e-07	-8.852729e-09	-3.862284e-09	-4.270768e+01	-4.408127e+02
2.800000e-07	-8.806840e-09	-3.878300e-09	-4.248630e+01	-4.384543e+02
2.900000e-07	-8.759372e-09	-3.833089e-09	-4.225730e+01	-4.360170e+02
3.000000e-07	-8.710185e-09	-3.819034e-09	-4.202001e+01	-4.335014e+02
3.100000e-07	-8.659043e-09	-3.761319e-09	-4.177329e+01	-4.309077e+02
3.200000e-07	-8.605942e-09	-3.718768e-09	-4.151712e+01	-4.282366e+02
3.300000e-07	-8.551291e-09	-3.737935e-09	-4.125347e+01	-4.254885e+02
3.400000e-07	-8.495315e-09	-3.726245e-09	-4.098343e+01	-4.226638e+02
3.500000e-07	-8.437821e-09	-3.685784e-09	-4.070607e+01	-4.197631e+02
3.600000e-07	-8.378636e-09	-3.657993e-09	-4.042055e+01	-4.167870e+02
3.700000e-07	-8.317938e-09	-3.631238e-09	-4.012772e+01	-4.137358e+02
3.800000e-07	-8.255842e-09	-3.586201e-09	-3.982816e+01	-4.106103e+02
3.900000e-07	-8.192323e-09	-3.561212e-09	-3.952173e+01	-4.074109e+02
4.000000e-07	-8.127402e-09	-3.537667e-09	-3.920853e+01	-4.041382e+02
4.100000e-07	-8.060911e-09	-3.508404e-09	-3.888777e+01	-4.007928e+02
4.200000e-07	-7.992826e-09	-3.505947e-09	-3.855931e+01	-3.973754e+02
4.300000e-07	-7.923371e-09	-3.482310e-09	-3.822424e+01	-3.938865e+02
4.400000e-07	-7.852598e-09	-3.431664e-09	-3.788282e+01	-3.903267e+02
4.500000e-07	-7.780498e-09	-3.386366e-09	-3.753499e+01	-3.866967e+02
4.600000e-07	-7.706974e-09	-3.345187e-09	-3.718029e+01	-3.829971e+02
4.700000e-07	-7.631826e-09	-3.318605e-09	-3.681776e+01	-3.792287e+02
4.800000e-07	-7.555107e-09	-3.301444e-09	-3.644765e+01	-3.753920e+02
4.900000e-07	-7.476920e-09	-3.276758e-09	-3.607046e+01	-3.714878e+02
5.000000e-07	-7.397202e-09	-3.240346e-09	-3.568588e+01	-3.675167e+02
5.100000e-07	-7.315973e-09	-3.197055e-09	-3.529401e+01	-3.634796e+02
5.200000e-07	-7.233442e-09	-3.154408e-09	-3.489587e+01	-3.593770e+02
5.300000e-07	-7.149780e-09	-3.115350e-09	-3.449226e+01	-3.552098e+02
5.400000e-07	-7.065004e-09	-3.084041e-09	-3.408328e+01	-3.509787e+02
5.500000e-07	-6.979127e-09	-3.052398e-09	-3.366899e+01	-3.466844e+02
5.600000e-07	-6.892131e-09	-3.015169e-09	-3.324930e+01	-3.423278e+02
5.700000e-07	-6.803979e-09	-2.981291e-09	-3.282403e+01	-3.379095e+02
5.800000e-07	-6.714568e-09	-2.944723e-09	-3.239269e+01	-3.334304e+02
5.900000e-07	-6.623813e-09	-2.898668e-09	-3.195487e+01	-3.288914e+02
6.000000e-07	-6.531798e-09	-2.854817e-09	-3.151097e+01	-3.242931e+02
6.100000e-07	-6.438644e-09	-2.815152e-09	-3.106157e+01	-3.196365e+02
6.200000e-07	-6.344397e-09	-2.782582e-09	-3.060690e+01	-3.149224e+02
6.300000e-07	-6.249071e-09	-2.752847e-09	-3.014703e+01	-3.101515e+02
6.400000e-07	-6.152660e-09	-2.708913e-09	-2.968192e+01	-3.053249e+02
6.500000e-07	-6.055150e-09	-2.656947e-09	-2.921151e+01	-3.004433e+02
6.600000e-07	-5.956481e-09	-2.605117e-09	-2.873550e+01	-2.955076e+02
6.700000e-07	-5.856639e-09	-2.560852e-09	-2.825385e+01	-2.905187e+02
6.800000e-07	-5.755745e-09	-2.525313e-09	-2.776711e+01	-2.854775e+02
6.900000e-07	-5.653840e-09	-2.487512e-09	-2.727549e+01	-2.803849e+02
7.000000e-07	-5.550987e-09	-2.446157e-09	-2.677931e+01	-2.752418e+02
7.100000e-07	-5.447261e-09	-2.399433e-09	-2.627891e+01	-2.700492e+02
7.200000e-07	-5.342623e-09	-2.352500e-09	-2.577411e+01	-2.648079e+02
7.300000e-07	-5.236994e-09	-2.304883e-09	-2.526453e+01	-2.595189e+02
7.400000e-07	-5.130295e-09	-2.254885e-09	-2.474979e+01	-2.541832e+02
7.500000e-07	-5.022563e-09	-2.208943e-09	-2.423006e+01	-2.488017e+02
7.600000e-07	-4.913921e-09	-2.164453e-09	-2.370595e+01	-2.433754e+02
7.700000e-07	-4.804452e-09	-2.123165e-09	-2.317785e+01	-2.379053e+02
7.800000e-07	-4.694226e-09	-2.079330e-09	-2.264609e+01	-2.323923e+02
7.900000e-07	-4.583290e-09	-2.028637e-09	-2.211091e+01	-2.268374e+02
8.000000e-07	-4.471601e-09	-1.975467e-09	-2.157209e+01	-2.212416e+02
8.100000e-07	-4.359063e-09	-1.921916e-09	-2.102918e+01	-2.156060e+02
8.200000e-07	-4.245603e-09	-1.875636e-09	-2.048183e+01	-2.099315e+02
8.300000e-07	-4.131237e-09	-1.831225e-09	-1.993010e+01	-2.042192e+02
8.400000e-07	-4.015956e-09	-1.784558e-09	-1.937396e+01	-1.984700e+02
8.500000e-07	-3.899799e-09	-1.735215e-09	-1.881359e+01	-1.926851e+02
8.600000e-07	-3.782907e-09	-1.680120e-09	-1.824967e+01	-1.868654e+02
8.700000e-07	-3.665353e-09	-1.627360e-09	-1.768257e+01	-1.810120e+02
8.800000e-07	-3.547169e-09	-1.575818e-09	-1.711242e+01	-1.751260e+02
8.900000e-07	-3.428378e-09	-1.525642e-09	-1.653934e+01	-1.692083e+02
9.000000e-07	-3.309029e-09	-1.477887e-09	-1.596357e+01	-1.632601e+02
9.100000e-07	-3.189130e-09	-1.426702e-09	-1.538515e+01	-1.572825e+02
9.200000e-07	-3.068627e-09	-1.373704e-09	-1.480381e+01	-1.512765e+02
9.300000e-07	-2.947519e-09	-1.317756e-09	-1.421956e+01	-1.452431e+02
9.400000e-07	-2.825868e-09	-1.261592e-09	-1.363269e+01	-1.391835e+02
9.500000e-07	-2.703724e-09	-1.207770e-09	-1.304344e+01	-1.330988e+02
9.600000e-07	-2.581075e-09	-1.155718e-09	-1.245175e+01	-1.269900e+02
9.700000e-07	-2.457894e-09	-1.106831e-09	-1.185750e+01	-1.208582e+02
9.800000e-07	-2.334201e-09	-1.054943e-09	-1.126077e+01	-1.147046e+02
9.900000e-07	-2.210067e-09	-1.001428e-09	-1.066192e+01	-1.085302e+02
1.000000e-06	-2.085562e-09	-9.474737e-10	-1.006128e+01	-1.023362e+02
1.010000e-06	-1.960722e-09	-8.914523e-10	-9.459022e+00	-9.612363e+01
1.020000e-06	-1.835563e-09	-8.353546e-10	-8.855223e+00	-8.989365e+01
1.030000e-06	-1.710111e-09	-7.768226e-10	-8.250013e+00	-8.364737e+01
1.040000e-06	-1.584392e-09	-7.193908e-10	-7.643516e+00	-7.738591e+01
1.050000e-06	-1.458441e-09	-6.652649e-10	-7.035895e+00	-7.111038e+01
1.060000e-06	-1.332300e-09	-6.132534e-10	-6.427364e+00	-6.482193e+01
1.070000e-06	-1.205965e-09	-5.608405e-10	-5.817892e+00	-5.852166e+01
1.080000e-06	-1.079430e-09	-5.035568e-10	-5.207457e+00	-5.221073e+01
1.090000e-06	-9.527235e-10	-4.433939e-10	-4.596194e+00	-4.589025e+01
1.100000e-06	-8.258758e-10	-3.838304e-10	-3.984250e+00	-3.956136e+01
1.110000e-06	-6.988994e-10	-3.267242e-10	-3.371685e+00	-3.322520e+01
1.120000e-06	-5.717854e-10	-2.719354e-10	-2.758456e+00	-2.688291e+01
1.130000e-06	-4.445666e-10	-2.168787e-10	-2.144722e+00	-2.053562e+01
1.140000e-06	-3.172978e-10	-1.622097e-10	-1.530747e+00	-1.418447e+01
1.150000e-06	-1.899824e-10	-1.083414e-10	-9.165463e-01	-7.830600e+00
1.160000e-06	-6.263746e-11	-5.378297e-11	-3.022035e-01	-1.475153e+00
1.170000e-06	6.472315e-11	4.564917e-12	3.122152e-01	4.880732e+00
1.180000e-06	1.921038e-10	6.712873e-11	9.267305e-01	1.123591e+01
1.190000e-06	3.194522e-10	1.284103e-10	1.541090e+00	1.758925e+01
1.200000e-06	4.467188e-10	1.854899e-10	2.155056e+00	2.393961e+01
1.210000e-06	5.739011e-10	2.377380e-10	2.768614e+00	3.028585e+01
1.220000e-06	7.009983e-10	2.901809e-10	3.381762e+00	3.662682e+01
1.230000e-06	8.279899e-10	3.462031e-10	3.994400e+00	4.296140e+01
1.240000e-06	9.548428e-10	4.016777e-10	4.606369e+00	4.928844e+01
1.250000e-06	1.081541e-09	4.567358e-10	5.217594e+00	5.560681e+01
1.260000e-06	1.208065e-09	5.114740e-10	5.827975e+00	6.191537e+01
1.270000e-06	1.334390e-09	5.674633e-10	6.437395e+00	6.821300e+01
1.280000e-06	1.460508e-09	6.268335e-10	7.045820e+00	7.449857e+01
1.290000e-06	1.586403e-09	6.860601e-10	7.653165e+00	8.077093e+01
1.300000e-06	1.712050e-09	7.416330e-10	8.259320e+00	8.702898e+01
1.310000e-06	1.837426e-09	7.946467e-10	8.864165e+00	9.327159e+01
1.320000e-06	1.962509e-09	8.493379e-10	9.467595e+00	9.949763e+01
1.330000e-06	2.087274e-09	9.069603e-10	1.006949e+01	1.057060e+02
1.340000e-06	2.211665e-09	9.641863e-10	1.066958e+01	1.118956e+02
1.350000e-06	2.335632e-09	1.019901e-09	1.126763e+01	1.180652e+02
1.360000e-06	2.459139e-09	1.073750e-09	1.186346e+01	1.242139e+02
1.370000e-06	2.582144e-09	1.128564e-09	1.245686e+01	1.303404e+02
1.380000e-06	2.704644e-09	1.186965e-09	1.304783e+01	1.364437e+02
1.390000e-06	2.826655e-09	1.244543e-09	1.363644e+01	1.425228e+02
1.400000e-06	2.948151e-09	1.299476e-09	1.422257e+01	1.485764e+02
1.410000e-06	3.069081e-09	1.351483e-09	1.480596e+01	1.546035e+02
1.420000e-06	3.189400e-09	1.403796e-09	1.538641e+01	1.606031e+02
1.430000e-06	3.309125e-09	1.458901e-09	1.596399e+01	1.665740e+02
1.440000e-06	3.428288e-09	1.514502e-09	1.653886e+01	1.725152e+02
1.450000e-06	3.546889e-09	1.568465e-09	1.711102e+01	1.784256e+02
1.460000e-06	3.664910e-09	1.619482e-09	1.768038e+01	1.843042e+02
1.470000e-06	3.782294e-09	1.670467e-09	1.824667e+01	1.901499e+02
1.480000e-06	3.898968e-09	1.722752e-09	1.880953e+01	1.959616e+02
1.490000e-06	4.014834e-09	1.775759e-09	1.936850e+01	2.017383e+02
1.500000e-06	4.129835e-09	1.828809e-09	1.992329e+01	2.074791e+02
1.510000e-06	4.243989e-09	1.878927e-09	2.047399e+01	2.131827e+02
1.520000e-06	4.357300e-09	1.928617e-09	2.102063e+01	2.188483e+02
1.530000e-06	4.469762e-09	1.980061e-09	2.156318e+01	2.244748e+02
1.540000e-06	4.581398e-09	2.032406e-09	2.210173e+01	2.300612e+02
1.550000e-06	4.692270e-09	2.084673e-09	2.263661e+01	2.356064e+02
1.560000e-06	4.802392e-09	2.134846e-09	2.316786e+01	2.411096e+02
1.570000e-06	4.911752e-09	2.184404e-09	2.369544e+01	2.465697e+02
1.580000e-06	5.020352e-09	2.234687e-09	2.421935e+01	2.519857e+02
1.590000e-06	5.128097e-09	2.285306e-09	2.473914e+01	2.573567e+02
1.600000e-06	5.234874e-09	2.334704e-09	2.525426e+01	2.626816e+02
1.610000e-06	5.340633e-09	2.380023e-09	2.576446e+01	2.679596e+02
1.620000e-06	5.445334e-09	2.424090e-09	2.626957e+01	2.731897e+02
1.630000e-06	5.549000e-09	2.469591e-09	2.676968e+01	2.783710e+02
1.640000e-06	5.651698e-09	2.516390e-09	2.726512e+01	2.835025e+02
1.650000e-06	5.753445e-09	2.563146e-09	2.775597e+01	2.885832e+02
1.660000e-06	5.854245e-09	2.607612e-09	2.824225e+01	2.936124e+02
1.670000e-06	5.954034e-09	2.652303e-09	2.872366e+01	2.985891e+02
1.680000e-06	6.052673e-09	2.698960e-09	2.919952e+01	3.035123e+02
1.690000e-06	6.150072e-09	2.744199e-09	2.966939e+01	3.083813e+02
1.700000e-06	6.246266e-09	2.784319e-09	3.013346e+01	3.131951e+02
1.710000e-06	6.341378e-09	2.820216e-09	3.059230e+01	3.179529e+02
1.720000e-06	6.435467e-09	2.856486e-09	3.104620e+01	3.226538e+02
1.730000e-06	6.528560e-09	2.896313e-09	3.149531e+01	3.272969e+02
1.740000e-06	6.620636e-09	2.939212e-09	3.193951e+01	3.318816e+02
1.750000e-06	6.711518e-09	2.980507e-09	3.237795e+01	3.364068e+02
1.760000e-06	6.801042e-09	3.017767e-09	3.280983e+01	3.408719e+02
1.770000e-06	6.889246e-09	3.052963e-09	3.323535e+01	3.452759e+02
1.780000e-06	6.976275e-09	3.088610e-09	3.365519e+01	3.496182e+02
1.790000e-06	7.062182e-09	3.124843e-09	3.406963e+01	3.538979e+02
1.800000e-06	7.146989e-09	3.159227e-09	3.447876e+01	3.581143e+02
1.810000e-06	7.230671e-09	3.193234e-09	3.488246e+01	3.622666e+02
1.820000e-06	7.313092e-09	3.229084e-09	3.528008e+01	3.663541e+02
1.830000e-06	7.394144e-09	3.266245e-09	3.567109e+01	3.703760e+02
1.840000e-06	7.473829e-09	3.301451e-09	3.605552e+01	3.743317e+02
1.850000e-06	7.552177e-09	3.332057e-09	3.643349e+01	3.782203e+02
1.860000e-06	7.629202e-09	3.360038e-09	3.680507e+01	3.820412e+02
1.870000e-06	7.704812e-09	3.389020e-09	3.716983e+01	3.857938e+02
1.880000e-06	7.778817e-09	3.420819e-09	3.752685e+01	3.894773e+02
1.890000e-06	7.851250e-09	3.453563e-09	3.787628e+01	3.930911e+02
1.900000e-06	7.922285e-09	3.482165e-09	3.821897e+01	3.966345e+02
1.910000e-06	7.991976e-09	3.505325e-09	3.855518e+01	4.001070e+02
1.920000e-06	8.060375e-09	3.528111e-09	3.888516e+01	4.035078e+02
1.930000e-06	8.127383e-09	3.554199e-09	3.920842e+01	4.068364e+02
1.940000e-06	8.192767e-09	3.582968e-09	3.952384e+01	4.100921e+02
1.950000e-06	8.256617e-09	3.610889e-09	3.983187e+01	4.132745e+02
1.960000e-06	8.319115e-09	3.635579e-09	4.013338e+01	4.163829e+02
1.970000e-06	8.380310e-09	3.657129e-09	4.042860e+01	4.194167e+02
1.980000e-06	8.440196e-09	3.677703e-09	4.071751e+01	4.223754e+02
1.990000e-06	8.498518e-09	3.698092e-09	4.099886e+01	4.252585e+02
2.000000e-06	8.555124e-09	3.715828e-09	4.127194e+01	4.280655e+02
2.010000e-06	8.610182e-09	3.733349e-09	4.153756e+01	4.307959e+02
2.020000e-06	8.663729e-09	3.754199e-09	4.179588e+01	4.334491e+02
2.030000e-06	8.715557e-09	3.777636e-09	4.204591e+01	4.360247e+02
2.040000e-06	8.765469e-09	3.799779e-09	4.228670e+01	4.385223e+02
2.050000e-06	8.813607e-09	3.814926e-09	4.251893e+01	4.409413e+02
2.060000e-06	8.860215e-09	3.825115e-09	4.274377e+01	4.432814e+02
2.070000e-06	8.905394e-09	3.836809e-09	4.296173e+01	4.455422e+02
2.080000e-06	8.949143e-09	3.853429e-09	4.317278e+01	4.477231e+02
2.090000e-06	8.991172e-09	3.872488e-09	4.337555e+01	4.498239e+02
2.100000e-06	9.031482e-09	3.889395e-09	4.357001e+01	4.518442e+02
2.110000e-06	9.070306e-09	3.903447e-09	4.375731e+01	4.537835e+02
2.120000e-06	9.107649e-09	3.916063e-09	4.393745e+01	4.556416e+02
2.130000e-06	9.143506e-09	3.929305e-09	4.411044e+01	4.574181e+02
2.140000e-06	9.177641e-09	3.941327e-09	4.427512e+01	4.591127e+02
2.150000e-06	9.210036e-09	3.950393e-09	4.443140e+01	4.607251e+02
2.160000e-06	9.240921e-09	3.957302e-09	4.458039e+01	4.622550e+02
2.170000e-06	9.270317e-09	3.964923e-09	4.472221e+01	4.637022e+02
2.180000e-06	9.298213e-09	3.976276e-09	4.485678e+01	4.650663e+02
2.190000e-06	9.324309e-09	3.988482e-09	4.498268e+01	4.663471e+02
2.200000e-06	9.348532e-09	3.997862e-09	4.509953e+01	4.675444e+02
2.210000e-06	9.371151e-09	4.003238e-09	4.520865e+01	4.686580e+02
2.220000e-06	9.392278e-09	4.006261e-09	4.531058e+01	4.696877e+02
2.230000e-06	9.411943e-09	4.010282e-09	4.540544e+01	4.706332e+02
2.240000e-06	9.429953e-09	4.015622e-09	4.549233e+01	4.714945e+02
2.250000e-06	9.446163e-09	4.019411e-09	4.557053e+01	4.722714e+02
2.260000e-06	9.460628e-09	4.020929e-09	4.564031e+01	4.729637e+02
2.270000e-06	9.473346e-09	4.022857e-09	4.570167e+01	4.735713e+02
2.280000e-06	9.484154e-09	4.026130e-09	4.575381e+01	4.740940e+02
2.290000e-06	9.493039e-09	4.029482e-09	4.579667e+01	4.745319e+02
2.300000e-06	9.500245e-09	4.030554e-09	4.583144e+01	4.748849e+02
2.310000e-06	9.505892e-09	4.029720e-09	4.585868e+01	4.751527e+02
2.320000e-06	9.510000e-09	4.029205e-09	4.587850e+01	4.753355e+02
2.330000e-06	9.512363e-09	4.029473e-09	4.588990e+01	4.754332e+02
2.340000e-06	9.512923e-09	4.029647e-09	4.589260e+01	4.754458e+02
2.350000e-06	9.511914e-09	4.028972e-09	4.588773e+01	4.753732e+02
2.360000e-06	9.509436e-09	4.028348e-09	4.587578e+01	4.752154e+02
2.370000e-06	9.505534e-09	4.024736e-09	4.585695e+01	4.749726e+02
2.380000e-06	9.499954e-09	4.022448e-09	4.583004e+01	4.746447e+02
2.390000e-06	9.492613e-09	4.020541e-09	4.579462e+01	4.742318e+02
2.400000e-06	9.483785e-09	4.012799e-09	4.575204e+01	4.737340e+02
2.410000e-06	9.473535e-09	3.995023e-09	4.570258e+01	4.731514e+02
2.420000e-06	9.461722e-09	3.987208e-09	4.564560e+01	4.724841e+02
2.430000e-06	9.448062e-09	4.041865e-09	4.557970e+01	4.717321e+02
2.440000e-06	9.432252e-09	4.047988e-09	4.550343e+01	4.708957e+02
2.450000e-06	9.414078e-09	4.023778e-09	4.541575e+01	4.699749e+02
2.460000e-06	9.393667e-09	3.965374e-09	4.531728e+01	4.689700e+02
2.470000e-06	9.371648e-09	3.932433e-09	4.521106e+01	4.678811e+02
2.480000e-06	9.348784e-09	3.990614e-09	4.510076e+01	4.667084e+02
2.490000e-06	9.324767e-09	3.926328e-09	4.498490e+01	4.654521e+02
2.500000e-06	9.298821e-09	3.937351e-09	4.485973e+01	4.641125e+02
2.510000e-06	9.271526e-09	4.043365e-09	4.472805e+01	4.626898e+02
2.520000e-06	9.242985e-09	3.896371e-09	4.459036e+01	4.611843e+02
2.530000e-06	9.212317e-09	3.788777e-09	4.444241e+01	4.595961e+02
2.540000e-06	9.179979e-09	3.871219e-09	4.428640e+01	4.579257e+02
2.550000e-06	9.146303e-09	3.784221e-09	4.412394e+01	4.561733e+02
2.560000e-06	9.110934e-09	3.782019e-09	4.395332e+01	4.543392e+02
2.570000e-06	9.074196e-09	3.866975e-09	4.377609e+01	4.524237e+02
2.580000e-06	9.035808e-09	3.733351e-09	4.359089e+01	4.504272e+02
2.590000e-06	8.995405e-09	3.754136e-09	4.339598e+01	4.483501e+02
2.600000e-06	8.953454e-09	3.817817e-09	4.319360e+01	4.461927e+02
2.610000e-06	8.910016e-09	3.736409e-09	4.298404e+01	4.439554e+02
2.620000e-06	8.865049e-09	3.816796e-09	4.276711e+01	4.416386e+02
2.630000e-06	8.818626e-09	3.812641e-09	4.254315e+01	4.392428e+02
2.640000e-06	8.770436e-09	3.771030e-09	4.231068e+01	4.367683e+02
2.650000e-06	8.720597e-09	3.851303e-09	4.207024e+01	4.342156e+02
2.660000e-06	8.669111e-09	3.764680e-09	4.182186e+01	4.315851e+02
2.670000e-06	8.615612e-09	3.693609e-09	4.156377e+01	4.288774e+02
2.680000e-06	8.560392e-09	3.671250e-09	4.129737e+01	4.260929e+02
2.690000e-06	8.503685e-09	3.618487e-09	4.102381e+01	4.232321e+02
2.700000e-06	8.445503e-09	3.639494e-09	4.074312e+01	4.202956e+02
2.710000e-06	8.385946e-09	3.604682e-09	4.045581e+01	4.172838e+02
2.720000e-06	8.324873e-09	3.594960e-09	4.016118e+01	4.141973e+02
2.730000e-06	8.262213e-09	3.561869e-09	3.985889e+01	4.110366e+02
2.740000e-06	8.198007e-09	3.501220e-09	3.954915e+01	4.078024e+02
2.750000e-06	8.132406e-09	3.508912e-09	3.923267e+01	4.044951e+02
2.760000e-06	8.065474e-09	3.438624e-09	3.890977e+01	4.011155e+02
2.770000e-06	7.997079e-09	3.410929e-09	3.857982e+01	3.976640e+02
2.780000e-06	7.927159e-09	3.393683e-09	3.824251e+01	3.941414e+02
2.790000e-06	7.855697e-09	3.355960e-09	3.789776e+01	3.905482e+02
2.800000e-06	7.782891e-09	3.368094e-09	3.754653e+01	3.868851e+02
2.810000e-06	7.708749e-09	3.311723e-09	3.718885e+01	3.831528e+02
2.820000e-06	7.633048e-09	3.260182e-09	3.682365e+01	3.793518e+02
2.830000e-06	7.555764e-09	3.208620e-09	3.645082e+01	3.754830e+02
2.840000e-06	7.476903e-09	3.169084e-09	3.607037e+01	3.715470e+02
2.850000e-06	7.396675e-09	3.167042e-09	3.568333e+01	3.675445e+02
2.860000e-06	7.315236e-09	3.133996e-09	3.529045e+01	3.634762e+02
2.870000e-06	7.232611e-09	3.102284e-09	3.489185e+01	3.593428e+02
2.880000e-06	7.148808e-09	3.043969e-09	3.448756e+01	3.551451e+02
2.890000e-06	7.063602e-09	3.000995e-09	3.407651e+01	3.508839e+02
2.900000e-06	6.976981e-09	2.971658e-09	3.365863e+01	3.465599e+02
2.910000e-06	6.889094e-09	2.925790e-09	3.323464e+01	3.421739e+02
2.920000e-06	6.800063e-09	2.891518e-09	3.280513e+01	3.377266e+02
2.930000e-06	6.709946e-09	2.845169e-09	3.237039e+01	3.332189e+02
2.940000e-06	6.618719e-09	2.811766e-09	3.193029e+01	3.286516e+02
2.950000e-06	6.526335e-09	2.777564e-09	3.148461e+01	3.240255e+02
2.960000e-06	6.432663e-09	2.730612e-09	3.103271e+01	3.193415e+02
2.970000e-06	6.337736e-09	2.678186e-09	3.057476e+01	3.146002e+02
2.980000e-06	6.241669e-09	2.629643e-09	3.011131e+01	3.098028e+02
2.990000e-06	6.144563e-09	2.596916e-09	2.964285e+01	3.049498e+02
3.000000e-06	6.046486e-09	2.565055e-09	2.916970e+01	3.000424e+02
3.010000e-06	5.947428e-09	2.528840e-09	2.869182e+01	2.950813e+02
3.020000e-06	5.847372e-09	2.475054e-09	2.820913e+01	2.900674e+02
3.030000e-06	5.746186e-09	2.419557e-09	2.772099e+01	2.850016e+02
3.040000e-06	5.643827e-09	2.372574e-09	2.722718e+01	2.798848e+02
3.050000e-06	5.540387e-09	2.331033e-09	2.672816e+01	2.747180e+02
3.060000e-06	5.436004e-09	2.293079e-09	2.622459e+01	2.695021e+02
3.070000e-06	5.330749e-09	2.246162e-09	2.571682e+01	2.642380e+02
3.080000e-06	5.224631e-09	2.197875e-09	2.520488e+01	2.589266e+02
3.090000e-06	5.117674e-09	2.150481e-09	2.468889e+01	2.535690e+02
3.100000e-06	5.009840e-09	2.103426e-09	2.416867e+01	2.481660e+02
3.110000e-06	4.901209e-09	2.053979e-09	2.364461e+01	2.427187e+02
3.120000e-06	4.791810e-09	1.999004e-09	2.311685e+01	2.372279e+02
3.130000e-06	4.681511e-09	1.948945e-09	2.258474e+01	2.316948e+02
3.140000e-06	4.570264e-09	1.904854e-09	2.204806e+01	2.261203e+02
3.150000e-06	4.458109e-09	1.865410e-09	2.150700e+01	2.205054e+02
3.160000e-06	4.345143e-09	1.819385e-09	2.096202e+01	2.148510e+02
3.170000e-06	4.231397e-09	1.761904e-09	2.041328e+01	2.091583e+02
3.180000e-06	4.116832e-09	1.705806e-09	1.986059e+01	2.034283e+02
3.190000e-06	4.001408e-09	1.653991e-09	1.930376e+01	1.976619e+02
3.200000e-06	3.885118e-09	1.610183e-09	1.874275e+01	1.918602e+02
3.210000e-06	3.768076e-09	1.563429e-09	1.817812e+01	1.860242e+02
3.220000e-06	3.650314e-09	1.509156e-09	1.761001e+01	1.801550e+02
3.230000e-06	3.531789e-09	1.452626e-09	1.703821e+01	1.742537e+02
3.240000e-06	3.412504e-09	1.394686e-09	1.646275e+01	1.683213e+02
3.250000e-06	3.292544e-09	1.344212e-09	1.588404e+01	1.623588e+02
3.260000e-06	3.172069e-09	1.293496e-09	1.530284e+01	1.563674e+02
3.270000e-06	3.051116e-09	1.241563e-09	1.471933e+01	1.503481e+02
3.280000e-06	2.929672e-09	1.191697e-09	1.413346e+01	1.443020e+02
3.290000e-06	2.807750e-09	1.143134e-09	1.354528e+01	1.382301e+02
3.300000e-06	2.685384e-09	1.096287e-09	1.295495e+01	1.321336e+02
3.310000e-06	2.562598e-09	1.041271e-09	1.236260e+01	1.260136e+02
3.320000e-06	2.439377e-09	9.818352e-10	1.176815e+01	1.198711e+02
3.330000e-06	2.315708e-09	9.239569e-10	1.117155e+01	1.137073e+02
3.340000e-06	2.191599e-09	8.711271e-10	1.057282e+01	1.075233e+02
3.350000e-06	2.067093e-09	8.243078e-10	9.972171e+00	1.013201e+02
3.360000e-06	1.942243e-09	7.740823e-10	9.369862e+00	9.509896e+01
3.370000e-06	1.817084e-09	7.208981e-10	8.766070e+00	8.886089e+01
3.380000e-06	1.691626e-09	6.656731e-10	8.160831e+00	8.260704e+01
3.390000e-06	1.565865e-09	6.103713e-10	7.554130e+00	7.633853e+01
3.400000e-06	1.439810e-09	5.570950e-10	6.946014e+00	7.005650e+01
3.410000e-06	1.313478e-09	5.000945e-10	6.336554e+00	6.376206e+01
3.420000e-06	1.186876e-09	4.429039e-10	5.725797e+00	5.745635e+01
3.430000e-06	1.060049e-09	3.887870e-10	5.113957e+00	5.114050e+01
3.440000e-06	9.330295e-10	3.384336e-10	4.501184e+00	4.481564e+01
3.450000e-06	8.058157e-10	2.898629e-10	3.887474e+00	3.848291e+01
3.460000e-06	6.784368e-10	2.366227e-10	3.272968e+00	3.214344e+01
3.470000e-06	5.509326e-10	1.799440e-10	2.657857e+00	2.579837e+01
3.480000e-06	4.233370e-10	1.206035e-10	2.042305e+00	1.944883e+01
3.490000e-06	2.956747e-10	6.430922e-11	1.426431e+00	1.309598e+01
3.500000e-06	1.679567e-10	1.292190e-11	8.102885e-01	6.740943e+00
3.510000e-06	4.019367e-11	-3.938711e-11	1.939287e-01	3.848638e-01
3.520000e-06	-8.758168e-11	-9.163267e-11	-4.224907e-01	-5.971117e+00
3.530000e-06	-2.153254e-10	-1.447465e-10	-1.038757e+00	-1.232586e+01
3.540000e-06	-3.430124e-10	-1.974936e-10	-1.654750e+00	-1.867822e+01
3.550000e-06	-4.706366e-10	-2.514079e-10	-2.270440e+00	-2.502707e+01
3.560000e-06	-5.981745e-10	-3.075990e-10	-2.885714e+00	-3.137125e+01
3.570000e-06	-7.255929e-10	-3.619529e-10	-3.500411e+00	-3.770964e+01
3.580000e-06	-8.528663e-10	-4.157273e-10	-4.114408e+00	-4.404110e+01
3.590000e-06	-9.799444e-10	-4.680660e-10	-4.727463e+00	-5.036448e+01
3.600000e-06	-1.106806e-09	-5.185001e-10	-5.339472e+00	-5.667867e+01
3.610000e-06	-1.233447e-09	-5.695501e-10	-5.950420e+00	-6.298251e+01
3.620000e-06	-1.359828e-09	-6.208544e-10	-6.560111e+00	-6.927489e+01
3.630000e-06	-1.485931e-09	-6.730414e-10	-7.168457e+00	-7.555467e+01
3.640000e-06	-1.611724e-09	-7.268512e-10	-7.775315e+00	-8.182072e+01
3.650000e-06	-1.737208e-09	-7.827248e-10	-8.380678e+00	-8.807193e+01
3.660000e-06	-1.862396e-09	-8.398444e-10	-8.984612e+00	-9.430717e+01
3.670000e-06	-1.987238e-09	-8.938508e-10	-9.586882e+00	-1.005253e+02
3.680000e-06	-2.111690e-09	-9.440242e-10	-1.018727e+01	-1.067253e+02
3.690000e-06	-2.235709e-09	-9.904009e-10	-1.078556e+01	-1.129059e+02
3.700000e-06	-2.359268e-09	-1.036259e-09	-1.138164e+01	-1.190661e+02
3.710000e-06	-2.482376e-09	-1.086992e-09	-1.197554e+01	-1.252048e+02
3.720000e-06	-2.605022e-09	-1.143012e-09	-1.256722e+01	-1.313208e+02
3.730000e-06	-2.727203e-09	-1.201410e-09	-1.315665e+01	-1.374131e+02
3.740000e-06	-2.848924e-09	-1.257227e-09	-1.374386e+01	-1.434806e+02
3.750000e-06	-2.970181e-09	-1.308405e-09	-1.432883e+01	-1.495222e+02
3.760000e-06	-3.090961e-09	-1.358068e-09	-1.491150e+01	-1.555367e+02
3.770000e-06	-3.211218e-09	-1.407935e-09	-1.549165e+01	-1.615232e+02
3.780000e-06	-3.330910e-09	-1.458149e-09	-1.606908e+01	-1.674806e+02
3.790000e-06	-3.449968e-09	-1.504456e-09	-1.664344e+01	-1.734077e+02
3.800000e-06	-3.568311e-09	-1.550186e-09	-1.721435e+01	-1.793036e+02
3.810000e-06	-3.685939e-09	-1.599377e-09	-1.778182e+01	-1.851671e+02
3.820000e-06	-3.802856e-09	-1.649665e-09	-1.834585e+01	-1.909972e+02
3.830000e-06	-3.919002e-09	-1.700255e-09	-1.890617e+01	-1.967929e+02
3.840000e-06	-4.034331e-09	-1.748385e-09	-1.946255e+01	-2.025531e+02
3.850000e-06	-4.148832e-09	-1.794738e-09	-2.001493e+01	-2.082768e+02
3.860000e-06	-4.262487e-09	-1.840509e-09	-2.056322e+01	-2.139630e+02
3.870000e-06	-4.375249e-09	-1.888418e-09	-2.110721e+01	-2.196106e+02
3.880000e-06	-4.487097e-09	-1.939568e-09	-2.164679e+01	-2.252186e+02
3.890000e-06	-4.598041e-09	-1.988747e-09	-2.218201e+01	-2.307861e+02
3.900000e-06	-4.708072e-09	-2.033646e-09	-2.271283e+01	-2.363119e+02
3.910000e-06	-4.817241e-09	-2.075500e-09	-2.323949e+01	-2.417953e+02
3.920000e-06	-4.925661e-09	-2.120215e-09	-2.376253e+01	-2.472350e+02
3.930000e-06	-5.033332e-09	-2.167313e-09	-2.428196e+01	-2.526302e+02
3.940000e-06	-5.140204e-09	-2.212395e-09	-2.479754e+01	-2.579800e+02
3.950000e-06	-5.246255e-09	-2.254991e-09	-2.530916e+01	-2.632832e+02
3.960000e-06	-5.351432e-09	-2.296406e-09	-2.581656e+01	-2.685391e+02
3.970000e-06	-5.455683e-09	-2.341315e-09	-2.631948e+01	-2.737466e+02
3.980000e-06	-5.558918e-09	-2.387561e-09	-2.681752e+01	-2.789049e+02
3.990000e-06	-5.661036e-09	-2.431239e-09	-2.731016e+01	-2.840129e+02
4.000000e-06	-5.762009e-09	-2.471334e-09	-2.779728e+01	-2.890698e+02
4.010000e-06	-5.861875e-09	-2.510968e-09	-2.827905e+01	-2.940746e+02
4.020000e-06	-5.960732e-09	-2.553377e-09	-2.875596e+01	-2.990266e+02
4.030000e-06	-6.058620e-09	-2.598471e-09	-2.922820e+01	-3.039247e+02
4.040000e-06	-6.155512e-09	-2.642160e-09	-2.969563e+01	-3.087681e+02
4.050000e-06	-6.251433e-09	-2.681682e-09	-3.015838e+01	-3.135559e+02
4.060000e-06	-6.346335e-09	-2.717560e-09	-3.061621e+01	-3.182873e+02
4.070000e-06	-6.440064e-09	-2.752624e-09	-3.106838e+01	-3.229615e+02
4.080000e-06	-6.532530e-09	-2.790114e-09	-3.151446e+01	-3.275775e+02
4.090000e-06	-6.623770e-09	-2.828876e-09	-3.195462e+01	-3.321346e+02
4.100000e-06	-6.713843e-09	-2.867285e-09	-3.238915e+01	-3.366319e+02
4.110000e-06	-6.802766e-09	-2.904444e-09	-3.281814e+01	-3.410686e+02
4.120000e-06	-6.890558e-09	-2.941740e-09	-3.324167e+01	-3.454440e+02
4.130000e-06	-6.977144e-09	-2.980913e-09	-3.365938e+01	-3.497573e+02
4.140000e-06	-7.062394e-09	-3.018332e-09	-3.407065e+01	-3.540076e+02
4.150000e-06	-7.146329e-09	-3.049889e-09	-3.447557e+01	-3.581942e+02
4.160000e-06	-7.229073e-09	-3.075667e-09	-3.487475e+01	-3.623164e+02
4.170000e-06	-7.310649e-09	-3.102200e-09	-3.526829e+01	-3.663734e+02
4.180000e-06	-7.391007e-09	-3.134263e-09	-3.565596e+01	-3.703645e+02
4.190000e-06	-7.470085e-09	-3.169378e-09	-3.603745e+01	-3.742890e+02
4.200000e-06	-7.547698e-09	-3.202691e-09	-3.641187e+01	-3.781461e+02
4.210000e-06	-7.623737e-09	-3.231752e-09	-3.677870e+01	-3.819353e+02
4.220000e-06	-7.698298e-09	-3.260085e-09	-3.713840e+01	-3.856557e+02
4.230000e-06	-7.771487e-09	-3.291066e-09	-3.749149e+01	-3.893068e+02
4.240000e-06	-7.843382e-09	-3.321582e-09	-3.783832e+01	-3.928879e+02
4.250000e-06	-7.913917e-09	-3.347288e-09	-3.817860e+01	-3.963983e+02
4.260000e-06	-7.982895e-09	-3.368083e-09	-3.851137e+01	-3.998374e+02
4.270000e-06	-8.050378e-09	-3.388841e-09	-3.883692e+01	-4.032046e+02
4.280000e-06	-8.116535e-09	-3.414410e-09	-3.915608e+01	-4.064993e+02
4.290000e-06	-8.181361e-09	-3.444481e-09	-3.946882e+01	-4.097209e+02
4.300000e-06	-8.244829e-09	-3.473788e-09	-3.977500e+01	-4.128688e+02
4.310000e-06	-8.306785e-09	-3.497942e-09	-4.007389e+01	-4.159425e+02
4.320000e-06	-8.367073e-09	-3.519137e-09	-4.036474e+01	-4.189413e+02
4.330000e-06	-8.425887e-09	-3.540096e-09	-4.064847e+01	-4.218648e+02
4.340000e-06	-8.483338e-09	-3.561327e-09	-4.092563e+01	-4.247125e+02
4.350000e-06	-8.539337e-09	-3.581589e-09	-4.119578e+01	-4.274838e+02
4.360000e-06	-8.593730e-09	-3.600550e-09	-4.145819e+01	-4.301782e+02
4.370000e-06	-8.646286e-09	-3.621732e-09	-4.171173e+01	-4.327953e+02
4.380000e-06	-8.697079e-09	-3.646762e-09	-4.195676e+01	-4.353345e+02
4.390000e-06	-8.746152e-09	-3.672234e-09	-4.219350e+01	-4.377955e+02
4.400000e-06	-8.793343e-09	-3.692752e-09	-4.242116e+01	-4.401777e+02
4.410000e-06	-8.838932e-09	-3.707045e-09	-4.264110e+01	-4.424808e+02
4.420000e-06	-8.883216e-09	-3.719386e-09	-4.285474e+01	-4.447044e+02
4.430000e-06	-8.926173e-09	-3.733454e-09	-4.306197e+01	-4.468480e+02
4.440000e-06	-8.967759e-09	-3.749151e-09	-4.326259e+01	-4.489112e+02
4.450000e-06	-9.007913e-09	-3.764790e-09	-4.345631e+01	-4.508937e+02
4.460000e-06	-9.046525e-09	-3.780147e-09	-4.364258e+01	-4.527952e+02
4.470000e-06	-9.083376e-09	-3.796451e-09	-4.382036e+01	-4.546152e+02
4.480000e-06	-9.118541e-09	-3.813966e-09	-4.399000e+01	-4.563536e+02
4.490000e-06	-9.152194e-09	-3.830445e-09	-4.415235e+01	-4.580098e+02
4.500000e-06	-9.184310e-09	-3.841898e-09	-4.430729e+01	-4.595837e+02
4.510000e-06	-9.214755e-09	-3.848595e-09	-4.445416e+01	-4.610750e+02
4.520000e-06	-9.243386e-09	-3.855190e-09	-4.459229e+01	-4.624834e+02
4.530000e-06	-9.270401e-09	-3.864650e-09	-4.472261e+01	-4.638087e+02
4.540000e-06	-9.295879e-09	-3.875620e-09	-4.484552e+01	-4.650505e+02
4.550000e-06	-9.319749e-09	-3.885910e-09	-4.496068e+01	-4.662088e+02
4.560000e-06	-9.341931e-09	-3.895629e-09	-4.506769e+01	-4.672832e+02
4.570000e-06	-9.362317e-09	-3.905947e-09	-4.516604e+01	-4.682736e+02
4.580000e-06	-9.381102e-09	-3.915752e-09	-4.525666e+01	-4.691798e+02
4.590000e-06	-9.398389e-09	-3.922173e-09	-4.534006e+01	-4.700017e+02
4.600000e-06	-9.414076e-09	-3.924456e-09	-4.541574e+01	-4.707391e+02
4.610000e-06	-9.427872e-09	-3.923875e-09	-4.548229e+01	-4.713919e+02
4.620000e-06	-9.439680e-09	-3.924859e-09	-4.553926e+01	-4.719599e+02
4.630000e-06	-9.449762e-09	-3.929627e-09	-4.558790e+01	-4.724430e+02
4.640000e-06	-9.458270e-09	-3.936131e-09	-4.562894e+01	-4.728413e+02
4.650000e-06	-9.465170e-09	-3.942026e-09	-4.566223e+01	-4.731545e+02
4.660000e-06	-9.470255e-09	-3.946260e-09	-4.568676e+01	-4.733826e+02
4.670000e-06	-9.473643e-09	-3.949508e-09	-4.570311e+01	-4.735257e+02
4.680000e-06	-9.475538e-09	-3.951687e-09	-4.571225e+01	-4.735836e+02
4.690000e-06	-9.475874e-09	-3.950633e-09	-4.571387e+01	-4.735564e+02
