# Temperatura_=_20.0
# Concentracion g/m^3_=_10000.0
# C_Vs_to_Am_M_A/Vsm_=_116720831517.84952
# pendiente_HvsI_1/m_=_3716.3
# ordenada_HvsI_A/m_=_1297.0
# frecuencia_Hz_=_81179.74334838426
# Promedio de 21 ciclos

Tiempo_(s)	Campo_(V.s)	Magnetizacion_(V.s)	Campo_(kA/m)	Magnetizacion_(A/m)
0.000000e+00	-9.303171e-09	-4.103396e-09	-4.960670e+01	-4.845055e+02
1.000000e-08	-9.303350e-09	-4.100634e-09	-4.960765e+01	-4.844520e+02
2.000000e-08	-9.303305e-09	-4.095939e-09	-4.960741e+01	-4.843859e+02
3.000000e-08	-9.303101e-09	-4.090673e-09	-4.960633e+01	-4.843072e+02
4.000000e-08	-9.302747e-09	-4.086358e-09	-4.960444e+01	-4.842159e+02
5.000000e-08	-9.302247e-09	-4.078116e-09	-4.960177e+01	-4.841120e+02
6.000000e-08	-9.301588e-09	-4.059982e-09	-4.959826e+01	-4.839955e+02
7.000000e-08	-9.300656e-09	-4.068764e-09	-4.959329e+01	-4.838664e+02
8.000000e-08	-9.299328e-09	-4.111661e-09	-4.958621e+01	-4.837247e+02
9.000000e-08	-9.297531e-09	-4.170397e-09	-4.957663e+01	-4.835704e+02
1.000000e-07	-9.295304e-09	-4.160989e-09	-4.956475e+01	-4.834035e+02
1.100000e-07	-9.292786e-09	-4.105398e-09	-4.955133e+01	-4.832241e+02
1.200000e-07	-9.290112e-09	-4.078178e-09	-4.953707e+01	-4.830321e+02
1.300000e-07	-9.287307e-09	-4.047477e-09	-4.952211e+01	-4.828275e+02
1.400000e-07	-9.284251e-09	-4.024681e-09	-4.950581e+01	-4.826104e+02
1.500000e-07	-9.280914e-09	-4.032394e-09	-4.948802e+01	-4.823807e+02
1.600000e-07	-9.277322e-09	-4.077333e-09	-4.946887e+01	-4.821385e+02
1.700000e-07	-9.273480e-09	-4.105203e-09	-4.944839e+01	-4.818837e+02
1.800000e-07	-9.269450e-09	-4.130339e-09	-4.942689e+01	-4.816163e+02
1.900000e-07	-9.265253e-09	-4.105880e-09	-4.940452e+01	-4.813365e+02
2.000000e-07	-9.260871e-09	-4.061483e-09	-4.938115e+01	-4.810441e+02
2.100000e-07	-9.256213e-09	-4.106285e-09	-4.935631e+01	-4.807392e+02
2.200000e-07	-9.251214e-09	-4.114202e-09	-4.932966e+01	-4.804218e+02
2.300000e-07	-9.245906e-09	-4.073649e-09	-4.930135e+01	-4.800919e+02
2.400000e-07	-9.240368e-09	-4.076184e-09	-4.927182e+01	-4.797495e+02
2.500000e-07	-9.234686e-09	-4.119849e-09	-4.924153e+01	-4.793946e+02
2.600000e-07	-9.228838e-09	-4.103526e-09	-4.921034e+01	-4.790273e+02
2.700000e-07	-9.222752e-09	-4.042268e-09	-4.917789e+01	-4.786475e+02
2.800000e-07	-9.216455e-09	-4.077281e-09	-4.914431e+01	-4.782552e+02
2.900000e-07	-9.209937e-09	-4.132907e-09	-4.910956e+01	-4.778505e+02
3.000000e-07	-9.203134e-09	-4.127360e-09	-4.907329e+01	-4.774334e+02
3.100000e-07	-9.196068e-09	-4.117568e-09	-4.903561e+01	-4.770038e+02
3.200000e-07	-9.188822e-09	-4.119953e-09	-4.899697e+01	-4.765618e+02
3.300000e-07	-9.181366e-09	-4.076148e-09	-4.895721e+01	-4.761074e+02
3.400000e-07	-9.173667e-09	-4.047244e-09	-4.891616e+01	-4.756407e+02
3.500000e-07	-9.165784e-09	-4.082512e-09	-4.887413e+01	-4.751615e+02
3.600000e-07	-9.157712e-09	-4.107220e-09	-4.883108e+01	-4.746700e+02
3.700000e-07	-9.149430e-09	-4.109290e-09	-4.878692e+01	-4.741662e+02
3.800000e-07	-9.140962e-09	-4.124157e-09	-4.874177e+01	-4.736500e+02
3.900000e-07	-9.132297e-09	-4.115100e-09	-4.869557e+01	-4.731215e+02
4.000000e-07	-9.123418e-09	-4.048146e-09	-4.864822e+01	-4.725807e+02
4.100000e-07	-9.114341e-09	-4.033725e-09	-4.859982e+01	-4.720275e+02
4.200000e-07	-9.105017e-09	-4.075720e-09	-4.855010e+01	-4.714621e+02
4.300000e-07	-9.095348e-09	-4.088657e-09	-4.849854e+01	-4.708845e+02
4.400000e-07	-9.085263e-09	-4.087951e-09	-4.844477e+01	-4.702946e+02
4.500000e-07	-9.074795e-09	-4.091500e-09	-4.838895e+01	-4.696924e+02
4.600000e-07	-9.064007e-09	-4.076514e-09	-4.833143e+01	-4.690780e+02
4.700000e-07	-9.052894e-09	-4.050130e-09	-4.827218e+01	-4.684514e+02
4.800000e-07	-9.041448e-09	-4.052494e-09	-4.821114e+01	-4.678127e+02
4.900000e-07	-9.029705e-09	-4.045577e-09	-4.814853e+01	-4.671617e+02
5.000000e-07	-9.017681e-09	-4.038507e-09	-4.808441e+01	-4.664986e+02
5.100000e-07	-9.005401e-09	-4.063133e-09	-4.801893e+01	-4.658234e+02
5.200000e-07	-8.992889e-09	-4.072051e-09	-4.795222e+01	-4.651361e+02
5.300000e-07	-8.980122e-09	-4.047423e-09	-4.788414e+01	-4.644366e+02
5.400000e-07	-8.967135e-09	-4.020998e-09	-4.781489e+01	-4.637251e+02
5.500000e-07	-8.953913e-09	-4.013603e-09	-4.774438e+01	-4.630015e+02
5.600000e-07	-8.940419e-09	-4.016297e-09	-4.767244e+01	-4.622658e+02
5.700000e-07	-8.926653e-09	-4.032718e-09	-4.759903e+01	-4.615181e+02
5.800000e-07	-8.912607e-09	-4.034667e-09	-4.752413e+01	-4.607585e+02
5.900000e-07	-8.898312e-09	-4.016575e-09	-4.744791e+01	-4.599868e+02
6.000000e-07	-8.883783e-09	-4.003785e-09	-4.737044e+01	-4.592031e+02
6.100000e-07	-8.868995e-09	-3.991286e-09	-4.729158e+01	-4.584076e+02
6.200000e-07	-8.853939e-09	-3.981402e-09	-4.721131e+01	-4.576000e+02
6.300000e-07	-8.838560e-09	-3.977408e-09	-4.712930e+01	-4.567806e+02
6.400000e-07	-8.822819e-09	-3.976140e-09	-4.704537e+01	-4.559493e+02
6.500000e-07	-8.806731e-09	-3.971539e-09	-4.695958e+01	-4.551061e+02
6.600000e-07	-8.790256e-09	-3.973830e-09	-4.687173e+01	-4.542511e+02
6.700000e-07	-8.773406e-09	-3.968766e-09	-4.678188e+01	-4.533843e+02
6.800000e-07	-8.756269e-09	-3.949267e-09	-4.669051e+01	-4.525057e+02
6.900000e-07	-8.738886e-09	-3.934375e-09	-4.659782e+01	-4.516153e+02
7.000000e-07	-8.721284e-09	-3.923056e-09	-4.650396e+01	-4.507131e+02
7.100000e-07	-8.703511e-09	-3.919871e-09	-4.640919e+01	-4.497992e+02
7.200000e-07	-8.685583e-09	-3.921702e-09	-4.631359e+01	-4.488737e+02
7.300000e-07	-8.667510e-09	-3.916300e-09	-4.621723e+01	-4.479364e+02
7.400000e-07	-8.649287e-09	-3.898490e-09	-4.612005e+01	-4.469875e+02
7.500000e-07	-8.630919e-09	-3.884251e-09	-4.602211e+01	-4.460270e+02
7.600000e-07	-8.612385e-09	-3.878305e-09	-4.592328e+01	-4.450548e+02
7.700000e-07	-8.593647e-09	-3.873225e-09	-4.582337e+01	-4.440711e+02
7.800000e-07	-8.574684e-09	-3.869993e-09	-4.572226e+01	-4.430758e+02
7.900000e-07	-8.555452e-09	-3.861915e-09	-4.561970e+01	-4.420690e+02
8.000000e-07	-8.535951e-09	-3.853693e-09	-4.551572e+01	-4.410507e+02
8.100000e-07	-8.516220e-09	-3.848071e-09	-4.541051e+01	-4.400209e+02
8.200000e-07	-8.496267e-09	-3.841359e-09	-4.530412e+01	-4.389796e+02
8.300000e-07	-8.476124e-09	-3.829073e-09	-4.519671e+01	-4.379270e+02
8.400000e-07	-8.455849e-09	-3.816217e-09	-4.508860e+01	-4.368629e+02
8.500000e-07	-8.435462e-09	-3.810296e-09	-4.497989e+01	-4.357875e+02
8.600000e-07	-8.414967e-09	-3.809266e-09	-4.487060e+01	-4.347008e+02
8.700000e-07	-8.394361e-09	-3.808679e-09	-4.476073e+01	-4.336027e+02
8.800000e-07	-8.373631e-09	-3.799753e-09	-4.465019e+01	-4.324933e+02
8.900000e-07	-8.352731e-09	-3.786569e-09	-4.453875e+01	-4.313727e+02
9.000000e-07	-8.331625e-09	-3.775644e-09	-4.442621e+01	-4.302409e+02
9.100000e-07	-8.310309e-09	-3.770877e-09	-4.431255e+01	-4.290979e+02
9.200000e-07	-8.288741e-09	-3.768817e-09	-4.419754e+01	-4.279437e+02
9.300000e-07	-8.266917e-09	-3.762414e-09	-4.408117e+01	-4.267784e+02
9.400000e-07	-8.244876e-09	-3.752381e-09	-4.396364e+01	-4.256020e+02
9.500000e-07	-8.222628e-09	-3.740623e-09	-4.384501e+01	-4.244145e+02
9.600000e-07	-8.200203e-09	-3.730979e-09	-4.372543e+01	-4.232159e+02
9.700000e-07	-8.177598e-09	-3.721500e-09	-4.360490e+01	-4.220064e+02
9.800000e-07	-8.154786e-09	-3.711664e-09	-4.348326e+01	-4.207858e+02
9.900000e-07	-8.131764e-09	-3.702381e-09	-4.336050e+01	-4.195544e+02
1.000000e-06	-8.108534e-09	-3.696344e-09	-4.323664e+01	-4.183120e+02
1.010000e-06	-8.085101e-09	-3.692374e-09	-4.311169e+01	-4.170587e+02
1.020000e-06	-8.061447e-09	-3.684602e-09	-4.298555e+01	-4.157946e+02
1.030000e-06	-8.037576e-09	-3.672166e-09	-4.285827e+01	-4.145196e+02
1.040000e-06	-8.013534e-09	-3.658982e-09	-4.273007e+01	-4.132339e+02
1.050000e-06	-7.989336e-09	-3.650908e-09	-4.260104e+01	-4.119374e+02
1.060000e-06	-7.964981e-09	-3.646063e-09	-4.247118e+01	-4.106302e+02
1.070000e-06	-7.940488e-09	-3.642321e-09	-4.234057e+01	-4.093123e+02
1.080000e-06	-7.915856e-09	-3.635972e-09	-4.220923e+01	-4.079837e+02
1.090000e-06	-7.891048e-09	-3.626051e-09	-4.207695e+01	-4.066446e+02
1.100000e-06	-7.866038e-09	-3.615182e-09	-4.194359e+01	-4.052949e+02
1.110000e-06	-7.840823e-09	-3.605314e-09	-4.180914e+01	-4.039346e+02
1.120000e-06	-7.815377e-09	-3.596212e-09	-4.167345e+01	-4.025638e+02
1.130000e-06	-7.789649e-09	-3.584505e-09	-4.153627e+01	-4.011825e+02
1.140000e-06	-7.763603e-09	-3.572848e-09	-4.139739e+01	-3.997908e+02
1.150000e-06	-7.737247e-09	-3.562033e-09	-4.125685e+01	-3.983887e+02
1.160000e-06	-7.710570e-09	-3.552301e-09	-4.111460e+01	-3.969762e+02
1.170000e-06	-7.683550e-09	-3.543345e-09	-4.097053e+01	-3.955534e+02
1.180000e-06	-7.656220e-09	-3.534442e-09	-4.082480e+01	-3.941204e+02
1.190000e-06	-7.628597e-09	-3.525154e-09	-4.067750e+01	-3.926770e+02
1.200000e-06	-7.600740e-09	-3.513291e-09	-4.052896e+01	-3.912234e+02
1.210000e-06	-7.572710e-09	-3.500400e-09	-4.037951e+01	-3.897597e+02
1.220000e-06	-7.544506e-09	-3.486511e-09	-4.022911e+01	-3.882858e+02
1.230000e-06	-7.516152e-09	-3.474525e-09	-4.007792e+01	-3.868018e+02
1.240000e-06	-7.487677e-09	-3.465268e-09	-3.992609e+01	-3.853078e+02
1.250000e-06	-7.459089e-09	-3.455965e-09	-3.977365e+01	-3.838037e+02
1.260000e-06	-7.430389e-09	-3.445659e-09	-3.962061e+01	-3.822896e+02
1.270000e-06	-7.401573e-09	-3.433072e-09	-3.946696e+01	-3.807656e+02
1.280000e-06	-7.372597e-09	-3.420097e-09	-3.931245e+01	-3.792317e+02
1.290000e-06	-7.343416e-09	-3.405759e-09	-3.915685e+01	-3.776879e+02
1.300000e-06	-7.314032e-09	-3.391407e-09	-3.900017e+01	-3.761343e+02
1.310000e-06	-7.284451e-09	-3.377199e-09	-3.884244e+01	-3.745709e+02
1.320000e-06	-7.254666e-09	-3.361657e-09	-3.868362e+01	-3.729978e+02
1.330000e-06	-7.224678e-09	-3.346843e-09	-3.852371e+01	-3.714149e+02
1.340000e-06	-7.194513e-09	-3.332806e-09	-3.836287e+01	-3.698224e+02
1.350000e-06	-7.164169e-09	-3.319556e-09	-3.820107e+01	-3.682203e+02
1.360000e-06	-7.133648e-09	-3.305272e-09	-3.803832e+01	-3.666086e+02
1.370000e-06	-7.102972e-09	-3.289164e-09	-3.787475e+01	-3.649873e+02
1.380000e-06	-7.072162e-09	-3.272787e-09	-3.771046e+01	-3.633566e+02
1.390000e-06	-7.041193e-09	-3.257746e-09	-3.754533e+01	-3.617164e+02
1.400000e-06	-7.010050e-09	-3.244714e-09	-3.737927e+01	-3.600668e+02
1.410000e-06	-6.978740e-09	-3.230681e-09	-3.721232e+01	-3.584078e+02
1.420000e-06	-6.947243e-09	-3.214943e-09	-3.704437e+01	-3.567395e+02
1.430000e-06	-6.915591e-09	-3.199926e-09	-3.687559e+01	-3.550619e+02
1.440000e-06	-6.883795e-09	-3.186660e-09	-3.670605e+01	-3.533750e+02
1.450000e-06	-6.851844e-09	-3.173961e-09	-3.653568e+01	-3.516790e+02
1.460000e-06	-6.819745e-09	-3.159998e-09	-3.636452e+01	-3.499738e+02
1.470000e-06	-6.787500e-09	-3.144639e-09	-3.619258e+01	-3.482596e+02
1.480000e-06	-6.755114e-09	-3.128135e-09	-3.601989e+01	-3.465362e+02
1.490000e-06	-6.722602e-09	-3.112559e-09	-3.584653e+01	-3.448039e+02
1.500000e-06	-6.689960e-09	-3.099616e-09	-3.567247e+01	-3.430625e+02
1.510000e-06	-6.657184e-09	-3.087191e-09	-3.549771e+01	-3.413123e+02
1.520000e-06	-6.624272e-09	-3.073194e-09	-3.532221e+01	-3.395531e+02
1.530000e-06	-6.591201e-09	-3.058602e-09	-3.514587e+01	-3.377852e+02
1.540000e-06	-6.557940e-09	-3.044108e-09	-3.496851e+01	-3.360084e+02
1.550000e-06	-6.524447e-09	-3.029396e-09	-3.478992e+01	-3.342229e+02
1.560000e-06	-6.490742e-09	-3.012746e-09	-3.461020e+01	-3.324287e+02
1.570000e-06	-6.456841e-09	-2.993326e-09	-3.442943e+01	-3.306258e+02
1.580000e-06	-6.422671e-09	-2.974037e-09	-3.424723e+01	-3.288144e+02
1.590000e-06	-6.388195e-09	-2.959123e-09	-3.406339e+01	-3.269944e+02
1.600000e-06	-6.353451e-09	-2.947923e-09	-3.387814e+01	-3.251658e+02
1.610000e-06	-6.318441e-09	-2.934400e-09	-3.369145e+01	-3.233289e+02
1.620000e-06	-6.283153e-09	-2.914939e-09	-3.350329e+01	-3.214835e+02
1.630000e-06	-6.247645e-09	-2.891463e-09	-3.331395e+01	-3.196297e+02
1.640000e-06	-6.211932e-09	-2.870193e-09	-3.312352e+01	-3.177676e+02
1.650000e-06	-6.176018e-09	-2.855953e-09	-3.293202e+01	-3.158973e+02
1.660000e-06	-6.139957e-09	-2.845836e-09	-3.273973e+01	-3.140187e+02
1.670000e-06	-6.103789e-09	-2.833958e-09	-3.254688e+01	-3.121320e+02
1.680000e-06	-6.067519e-09	-2.818933e-09	-3.235348e+01	-3.102372e+02
1.690000e-06	-6.031149e-09	-2.802584e-09	-3.215954e+01	-3.083342e+02
1.700000e-06	-5.994682e-09	-2.785537e-09	-3.196509e+01	-3.064233e+02
1.710000e-06	-5.958111e-09	-2.766864e-09	-3.177009e+01	-3.045044e+02
1.720000e-06	-5.921444e-09	-2.746214e-09	-3.157457e+01	-3.025775e+02
1.730000e-06	-5.884674e-09	-2.725746e-09	-3.137850e+01	-3.006428e+02
1.740000e-06	-5.847788e-09	-2.709341e-09	-3.118182e+01	-2.987003e+02
1.750000e-06	-5.810771e-09	-2.696888e-09	-3.098443e+01	-2.967499e+02
1.760000e-06	-5.773600e-09	-2.683329e-09	-3.078623e+01	-2.947919e+02
1.770000e-06	-5.736279e-09	-2.666493e-09	-3.058722e+01	-2.928262e+02
1.780000e-06	-5.698809e-09	-2.647088e-09	-3.038743e+01	-2.908529e+02
1.790000e-06	-5.661184e-09	-2.627956e-09	-3.018680e+01	-2.888720e+02
1.800000e-06	-5.623412e-09	-2.612560e-09	-2.998539e+01	-2.868836e+02
1.810000e-06	-5.585484e-09	-2.596965e-09	-2.978315e+01	-2.848877e+02
1.820000e-06	-5.547388e-09	-2.577361e-09	-2.958001e+01	-2.828844e+02
1.830000e-06	-5.509165e-09	-2.556339e-09	-2.937620e+01	-2.808738e+02
1.840000e-06	-5.470831e-09	-2.537824e-09	-2.917180e+01	-2.788558e+02
1.850000e-06	-5.432373e-09	-2.521328e-09	-2.896673e+01	-2.768306e+02
1.860000e-06	-5.393795e-09	-2.503453e-09	-2.876102e+01	-2.747982e+02
1.870000e-06	-5.355060e-09	-2.483817e-09	-2.855448e+01	-2.727586e+02
1.880000e-06	-5.316172e-09	-2.465122e-09	-2.834712e+01	-2.707120e+02
1.890000e-06	-5.277151e-09	-2.449531e-09	-2.813905e+01	-2.686583e+02
1.900000e-06	-5.237988e-09	-2.433886e-09	-2.793022e+01	-2.665976e+02
1.910000e-06	-5.198697e-09	-2.413466e-09	-2.772071e+01	-2.645299e+02
1.920000e-06	-5.159267e-09	-2.389311e-09	-2.751046e+01	-2.624554e+02
1.930000e-06	-5.119714e-09	-2.366954e-09	-2.729956e+01	-2.603741e+02
1.940000e-06	-5.080039e-09	-2.349633e-09	-2.708800e+01	-2.582859e+02
1.950000e-06	-5.040237e-09	-2.335084e-09	-2.687577e+01	-2.561911e+02
1.960000e-06	-5.000316e-09	-2.319162e-09	-2.666290e+01	-2.540896e+02
1.970000e-06	-4.960285e-09	-2.299729e-09	-2.644944e+01	-2.519815e+02
1.980000e-06	-4.920179e-09	-2.279921e-09	-2.623559e+01	-2.498668e+02
1.990000e-06	-4.879977e-09	-2.261137e-09	-2.602122e+01	-2.477456e+02
2.000000e-06	-4.839665e-09	-2.240535e-09	-2.580627e+01	-2.456180e+02
2.010000e-06	-4.799265e-09	-2.217058e-09	-2.559085e+01	-2.434840e+02
2.020000e-06	-4.758775e-09	-2.192536e-09	-2.537494e+01	-2.413436e+02
2.030000e-06	-4.718189e-09	-2.171729e-09	-2.515853e+01	-2.391970e+02
2.040000e-06	-4.677511e-09	-2.154028e-09	-2.494162e+01	-2.370441e+02
2.050000e-06	-4.636753e-09	-2.136115e-09	-2.472429e+01	-2.348851e+02
2.060000e-06	-4.595916e-09	-2.114937e-09	-2.450654e+01	-2.327200e+02
2.070000e-06	-4.554971e-09	-2.091733e-09	-2.428821e+01	-2.305488e+02
2.080000e-06	-4.513915e-09	-2.070427e-09	-2.406929e+01	-2.283716e+02
2.090000e-06	-4.472769e-09	-2.050149e-09	-2.384989e+01	-2.261884e+02
2.100000e-06	-4.431508e-09	-2.030056e-09	-2.362988e+01	-2.239994e+02
2.110000e-06	-4.390128e-09	-2.008226e-09	-2.340923e+01	-2.218046e+02
2.120000e-06	-4.348611e-09	-1.986474e-09	-2.318785e+01	-2.196040e+02
2.130000e-06	-4.306904e-09	-1.966941e-09	-2.296546e+01	-2.173976e+02
2.140000e-06	-4.265016e-09	-1.947704e-09	-2.274211e+01	-2.151856e+02
2.150000e-06	-4.222944e-09	-1.927109e-09	-2.251777e+01	-2.129680e+02
2.160000e-06	-4.180674e-09	-1.904086e-09	-2.229238e+01	-2.107449e+02
2.170000e-06	-4.138230e-09	-1.881743e-09	-2.206606e+01	-2.085163e+02
2.180000e-06	-4.095604e-09	-1.863684e-09	-2.183877e+01	-2.062822e+02
2.190000e-06	-4.052786e-09	-1.848603e-09	-2.161045e+01	-2.040428e+02
2.200000e-06	-4.009822e-09	-1.833592e-09	-2.138136e+01	-2.017981e+02
2.210000e-06	-3.966727e-09	-1.814013e-09	-2.115157e+01	-1.995481e+02
2.220000e-06	-3.923473e-09	-1.788726e-09	-2.092093e+01	-1.972930e+02
2.230000e-06	-3.880074e-09	-1.762941e-09	-2.068952e+01	-1.950327e+02
2.240000e-06	-3.836560e-09	-1.738376e-09	-2.045749e+01	-1.927673e+02
2.250000e-06	-3.792932e-09	-1.717687e-09	-2.022486e+01	-1.904969e+02
2.260000e-06	-3.749173e-09	-1.699768e-09	-1.999153e+01	-1.882216e+02
2.270000e-06	-3.705286e-09	-1.683100e-09	-1.975751e+01	-1.859413e+02
2.280000e-06	-3.661307e-09	-1.666432e-09	-1.952300e+01	-1.836562e+02
2.290000e-06	-3.617252e-09	-1.645178e-09	-1.928809e+01	-1.813664e+02
2.300000e-06	-3.573099e-09	-1.620672e-09	-1.905265e+01	-1.790718e+02
2.310000e-06	-3.528870e-09	-1.592676e-09	-1.881682e+01	-1.767725e+02
2.320000e-06	-3.484593e-09	-1.567072e-09	-1.858072e+01	-1.744687e+02
2.330000e-06	-3.440257e-09	-1.548361e-09	-1.834431e+01	-1.721603e+02
2.340000e-06	-3.395852e-09	-1.534081e-09	-1.810753e+01	-1.698474e+02
2.350000e-06	-3.351392e-09	-1.520504e-09	-1.787046e+01	-1.675302e+02
2.360000e-06	-3.306891e-09	-1.503118e-09	-1.763317e+01	-1.652085e+02
2.370000e-06	-3.262338e-09	-1.481527e-09	-1.739560e+01	-1.628826e+02
2.380000e-06	-3.217725e-09	-1.458163e-09	-1.715771e+01	-1.605524e+02
2.390000e-06	-3.173054e-09	-1.433421e-09	-1.691951e+01	-1.582180e+02
2.400000e-06	-3.128318e-09	-1.406557e-09	-1.668097e+01	-1.558795e+02
2.410000e-06	-3.083514e-09	-1.382823e-09	-1.644206e+01	-1.535370e+02
2.420000e-06	-3.038643e-09	-1.363569e-09	-1.620280e+01	-1.511905e+02
2.430000e-06	-2.993705e-09	-1.348189e-09	-1.596318e+01	-1.488400e+02
2.440000e-06	-2.948716e-09	-1.331275e-09	-1.572329e+01	-1.464857e+02
2.450000e-06	-2.903686e-09	-1.309157e-09	-1.548318e+01	-1.441275e+02
2.460000e-06	-2.858593e-09	-1.285042e-09	-1.524273e+01	-1.417656e+02
2.470000e-06	-2.813425e-09	-1.260705e-09	-1.500189e+01	-1.394000e+02
2.480000e-06	-2.768184e-09	-1.238694e-09	-1.476065e+01	-1.370308e+02
2.490000e-06	-2.722864e-09	-1.215406e-09	-1.451899e+01	-1.346580e+02
2.500000e-06	-2.677480e-09	-1.192380e-09	-1.427700e+01	-1.322817e+02
2.510000e-06	-2.632040e-09	-1.171578e-09	-1.403470e+01	-1.299020e+02
2.520000e-06	-2.586544e-09	-1.153422e-09	-1.379211e+01	-1.275189e+02
2.530000e-06	-2.540985e-09	-1.136373e-09	-1.354918e+01	-1.251325e+02
2.540000e-06	-2.495348e-09	-1.114542e-09	-1.330583e+01	-1.227428e+02
2.550000e-06	-2.449643e-09	-1.090101e-09	-1.306212e+01	-1.203499e+02
2.560000e-06	-2.403879e-09	-1.063130e-09	-1.281810e+01	-1.179539e+02
2.570000e-06	-2.358024e-09	-1.035937e-09	-1.257359e+01	-1.155548e+02
2.580000e-06	-2.312064e-09	-1.010150e-09	-1.232852e+01	-1.131527e+02
2.590000e-06	-2.266052e-09	-9.862675e-10	-1.208317e+01	-1.107477e+02
2.600000e-06	-2.219995e-09	-9.654755e-10	-1.183758e+01	-1.083397e+02
2.610000e-06	-2.173883e-09	-9.451777e-10	-1.159171e+01	-1.059290e+02
2.620000e-06	-2.127717e-09	-9.259644e-10	-1.134553e+01	-1.035155e+02
2.630000e-06	-2.081491e-09	-9.046369e-10	-1.109905e+01	-1.010993e+02
2.640000e-06	-2.035212e-09	-8.788475e-10	-1.085228e+01	-9.868048e+01
2.650000e-06	-1.988892e-09	-8.490425e-10	-1.060529e+01	-9.625908e+01
2.660000e-06	-1.942540e-09	-8.198578e-10	-1.035813e+01	-9.383519e+01
2.670000e-06	-1.896147e-09	-7.954602e-10	-1.011075e+01	-9.140884e+01
2.680000e-06	-1.849700e-09	-7.738030e-10	-9.863084e+00	-8.898012e+01
2.690000e-06	-1.803193e-09	-7.528104e-10	-9.615098e+00	-8.654909e+01
2.700000e-06	-1.756626e-09	-7.297966e-10	-9.366792e+00	-8.411580e+01
2.710000e-06	-1.710005e-09	-7.060019e-10	-9.118198e+00	-8.168032e+01
2.720000e-06	-1.663345e-09	-6.829311e-10	-8.869398e+00	-7.924271e+01
2.730000e-06	-1.616651e-09	-6.592767e-10	-8.620415e+00	-7.680304e+01
2.740000e-06	-1.569918e-09	-6.339323e-10	-8.371220e+00	-7.436138e+01
2.750000e-06	-1.523146e-09	-6.076775e-10	-8.121821e+00	-7.191777e+01
2.760000e-06	-1.476344e-09	-5.835739e-10	-7.872265e+00	-6.947230e+01
2.770000e-06	-1.429519e-09	-5.625096e-10	-7.622582e+00	-6.702501e+01
2.780000e-06	-1.382670e-09	-5.426473e-10	-7.372773e+00	-6.457598e+01
2.790000e-06	-1.335777e-09	-5.201323e-10	-7.122727e+00	-6.212527e+01
2.800000e-06	-1.288842e-09	-4.960087e-10	-6.872458e+00	-5.967294e+01
2.810000e-06	-1.241894e-09	-4.737105e-10	-6.622119e+00	-5.721906e+01
2.820000e-06	-1.194917e-09	-4.534829e-10	-6.371629e+00	-5.476369e+01
2.830000e-06	-1.147896e-09	-4.332085e-10	-6.120902e+00	-5.230689e+01
2.840000e-06	-1.100825e-09	-4.107150e-10	-5.869908e+00	-4.984873e+01
2.850000e-06	-1.053723e-09	-3.862135e-10	-5.618749e+00	-4.738927e+01
2.860000e-06	-1.006581e-09	-3.622554e-10	-5.367378e+00	-4.492857e+01
2.870000e-06	-9.594174e-10	-3.412155e-10	-5.115891e+00	-4.246671e+01
2.880000e-06	-9.122648e-10	-3.216891e-10	-4.864463e+00	-4.000374e+01
2.890000e-06	-8.651008e-10	-3.001282e-10	-4.612973e+00	-3.753973e+01
2.900000e-06	-8.179306e-10	-2.767919e-10	-4.361451e+00	-3.507474e+01
2.910000e-06	-7.707395e-10	-2.559518e-10	-4.109817e+00	-3.260884e+01
2.920000e-06	-7.235207e-10	-2.367072e-10	-3.858036e+00	-3.014208e+01
2.930000e-06	-6.762824e-10	-2.159687e-10	-3.606150e+00	-2.767454e+01
2.940000e-06	-6.290184e-10	-1.929351e-10	-3.354127e+00	-2.520628e+01
2.950000e-06	-5.817376e-10	-1.684835e-10	-3.102015e+00	-2.273737e+01
2.960000e-06	-5.344640e-10	-1.452584e-10	-2.849941e+00	-2.026786e+01
2.970000e-06	-4.871752e-10	-1.247628e-10	-2.597786e+00	-1.779782e+01
2.980000e-06	-4.398566e-10	-1.045800e-10	-2.345472e+00	-1.532731e+01
2.990000e-06	-3.925329e-10	-8.349179e-11	-2.093132e+00	-1.285641e+01
3.000000e-06	-3.452046e-10	-6.134516e-11	-1.840766e+00	-1.038517e+01
3.010000e-06	-2.978728e-10	-3.843554e-11	-1.588383e+00	-7.913659e+00
3.020000e-06	-2.505496e-10	-1.679643e-11	-1.336045e+00	-5.441941e+00
3.030000e-06	-2.032181e-10	4.765345e-12	-1.083662e+00	-2.970080e+00
3.040000e-06	-1.558887e-10	2.825945e-11	-8.312903e-01	-4.981402e-01
3.050000e-06	-1.085686e-10	5.218979e-11	-5.789687e-01	1.973814e+00
3.060000e-06	-6.123523e-11	7.483249e-11	-3.265759e-01	4.445718e+00
3.070000e-06	-1.389014e-11	9.591082e-11	-7.412092e-02	6.917508e+00
3.080000e-06	3.345633e-11	1.155978e-10	1.783414e-01	9.389119e+00
3.090000e-06	8.078410e-11	1.372270e-10	4.307039e-01	1.186049e+01
3.100000e-06	1.280979e-10	1.618981e-10	6.829921e-01	1.433155e+01
3.110000e-06	1.754250e-10	1.850270e-10	9.353509e-01	1.680224e+01
3.120000e-06	2.227693e-10	2.050639e-10	1.187801e+00	1.927249e+01
3.130000e-06	2.701044e-10	2.256097e-10	1.440203e+00	2.174225e+01
3.140000e-06	3.174230e-10	2.489938e-10	1.692516e+00	2.421144e+01
3.150000e-06	3.647368e-10	2.738181e-10	1.944805e+00	2.668000e+01
3.160000e-06	4.120272e-10	2.966722e-10	2.196968e+00	2.914787e+01
3.170000e-06	4.592925e-10	3.162797e-10	2.448998e+00	3.161498e+01
3.180000e-06	5.065458e-10	3.368560e-10	2.700964e+00	3.408127e+01
3.190000e-06	5.537848e-10	3.615949e-10	2.952853e+00	3.654667e+01
3.200000e-06	6.009920e-10	3.869749e-10	3.204573e+00	3.901113e+01
3.210000e-06	6.481635e-10	4.085447e-10	3.456103e+00	4.147457e+01
3.220000e-06	6.953404e-10	4.268652e-10	3.707661e+00	4.393694e+01
3.230000e-06	7.425167e-10	4.467493e-10	3.959216e+00	4.639816e+01
3.240000e-06	7.896696e-10	4.722728e-10	4.210646e+00	4.885818e+01
3.250000e-06	8.367906e-10	5.003086e-10	4.461907e+00	5.131692e+01
3.260000e-06	8.839051e-10	5.239615e-10	4.713132e+00	5.377434e+01
3.270000e-06	9.310163e-10	5.436417e-10	4.964340e+00	5.623035e+01
3.280000e-06	9.780953e-10	5.647221e-10	5.215376e+00	5.868491e+01
3.290000e-06	1.025138e-09	5.889815e-10	5.466217e+00	6.113794e+01
3.300000e-06	1.072151e-09	6.134818e-10	5.716903e+00	6.358938e+01
3.310000e-06	1.119123e-09	6.351761e-10	5.967370e+00	6.603917e+01
3.320000e-06	1.166042e-09	6.552069e-10	6.217551e+00	6.848724e+01
3.330000e-06	1.212937e-09	6.777509e-10	6.467608e+00	7.093353e+01
3.340000e-06	1.259820e-09	7.052930e-10	6.717596e+00	7.337798e+01
3.350000e-06	1.306657e-09	7.329970e-10	6.967345e+00	7.582051e+01
3.360000e-06	1.353470e-09	7.564553e-10	7.216961e+00	7.826108e+01
3.370000e-06	1.400271e-09	7.762605e-10	7.466518e+00	8.069962e+01
3.380000e-06	1.446998e-09	7.955437e-10	7.715676e+00	8.313605e+01
3.390000e-06	1.493659e-09	8.174377e-10	7.964483e+00	8.557032e+01
3.400000e-06	1.540300e-09	8.387164e-10	8.213182e+00	8.800237e+01
3.410000e-06	1.586935e-09	8.590682e-10	8.461854e+00	9.043213e+01
3.420000e-06	1.633557e-09	8.798330e-10	8.710453e+00	9.285954e+01
3.430000e-06	1.680122e-09	9.031842e-10	8.958747e+00	9.528454e+01
3.440000e-06	1.726619e-09	9.280179e-10	9.206684e+00	9.770706e+01
3.450000e-06	1.773087e-09	9.496888e-10	9.454462e+00	1.001270e+02
3.460000e-06	1.819515e-09	9.682298e-10	9.702023e+00	1.025444e+02
3.470000e-06	1.865873e-09	9.854613e-10	9.949217e+00	1.049591e+02
3.480000e-06	1.912161e-09	1.006276e-09	1.019604e+01	1.073711e+02
3.490000e-06	1.958404e-09	1.030261e-09	1.044261e+01	1.097803e+02
3.500000e-06	2.004625e-09	1.053753e-09	1.068908e+01	1.121866e+02
3.510000e-06	2.050795e-09	1.074747e-09	1.093527e+01	1.145900e+02
3.520000e-06	2.096908e-09	1.094210e-09	1.118115e+01	1.169905e+02
3.530000e-06	2.142970e-09	1.114786e-09	1.142676e+01	1.193879e+02
3.540000e-06	2.188983e-09	1.135711e-09	1.167212e+01	1.217821e+02
3.550000e-06	2.234946e-09	1.155130e-09	1.191720e+01	1.241733e+02
3.560000e-06	2.280836e-09	1.173676e-09	1.216190e+01	1.265612e+02
3.570000e-06	2.326662e-09	1.195185e-09	1.240626e+01	1.289458e+02
3.580000e-06	2.372416e-09	1.219647e-09	1.265022e+01	1.313270e+02
3.590000e-06	2.418089e-09	1.242790e-09	1.289376e+01	1.337048e+02
3.600000e-06	2.463685e-09	1.262070e-09	1.313689e+01	1.360792e+02
3.610000e-06	2.509217e-09	1.278307e-09	1.337968e+01	1.384500e+02
3.620000e-06	2.554697e-09	1.294983e-09	1.362219e+01	1.408172e+02
3.630000e-06	2.600119e-09	1.313745e-09	1.386439e+01	1.431808e+02
3.640000e-06	2.645473e-09	1.334985e-09	1.410623e+01	1.455406e+02
3.650000e-06	2.690736e-09	1.357545e-09	1.434758e+01	1.478967e+02
3.660000e-06	2.735930e-09	1.380052e-09	1.458857e+01	1.502489e+02
3.670000e-06	2.781087e-09	1.402641e-09	1.482936e+01	1.525972e+02
3.680000e-06	2.826173e-09	1.423689e-09	1.506976e+01	1.549415e+02
3.690000e-06	2.871182e-09	1.440465e-09	1.530976e+01	1.572818e+02
3.700000e-06	2.916141e-09	1.452648e-09	1.554949e+01	1.596180e+02
3.710000e-06	2.961018e-09	1.465724e-09	1.578879e+01	1.619500e+02
3.720000e-06	3.005807e-09	1.485888e-09	1.602762e+01	1.642779e+02
3.730000e-06	3.050551e-09	1.511982e-09	1.626620e+01	1.666014e+02
3.740000e-06	3.095244e-09	1.538411e-09	1.650452e+01	1.689207e+02
3.750000e-06	3.139882e-09	1.560781e-09	1.674254e+01	1.712355e+02
3.760000e-06	3.184481e-09	1.578551e-09	1.698035e+01	1.735459e+02
3.770000e-06	3.229025e-09	1.595487e-09	1.721787e+01	1.758518e+02
3.780000e-06	3.273513e-09	1.612415e-09	1.745510e+01	1.781531e+02
3.790000e-06	3.317957e-09	1.629200e-09	1.769208e+01	1.804498e+02
3.800000e-06	3.362357e-09	1.646822e-09	1.792884e+01	1.827417e+02
3.810000e-06	3.406705e-09	1.666742e-09	1.816531e+01	1.850289e+02
3.820000e-06	3.450997e-09	1.691398e-09	1.840148e+01	1.873114e+02
3.830000e-06	3.495215e-09	1.716653e-09	1.863726e+01	1.895889e+02
3.840000e-06	3.539364e-09	1.737840e-09	1.887268e+01	1.918615e+02
3.850000e-06	3.583441e-09	1.754664e-09	1.910771e+01	1.941291e+02
3.860000e-06	3.627410e-09	1.771154e-09	1.934216e+01	1.963917e+02
3.870000e-06	3.671277e-09	1.791092e-09	1.957607e+01	1.986492e+02
3.880000e-06	3.715032e-09	1.812158e-09	1.980938e+01	2.009015e+02
3.890000e-06	3.758669e-09	1.832356e-09	2.004207e+01	2.031485e+02
3.900000e-06	3.802197e-09	1.850386e-09	2.027416e+01	2.053903e+02
3.910000e-06	3.845597e-09	1.868533e-09	2.050559e+01	2.076268e+02
3.920000e-06	3.888864e-09	1.889037e-09	2.073630e+01	2.098578e+02
3.930000e-06	3.931985e-09	1.910337e-09	2.096622e+01	2.120834e+02
3.940000e-06	3.974945e-09	1.931788e-09	2.119530e+01	2.143035e+02
3.950000e-06	4.017735e-09	1.953351e-09	2.142346e+01	2.165180e+02
3.960000e-06	4.060334e-09	1.974743e-09	2.165061e+01	2.187268e+02
3.970000e-06	4.102748e-09	1.995325e-09	2.187676e+01	2.209300e+02
3.980000e-06	4.144968e-09	2.014613e-09	2.210189e+01	2.231274e+02
3.990000e-06	4.187017e-09	2.032401e-09	2.232611e+01	2.253190e+02
4.000000e-06	4.228914e-09	2.049394e-09	2.254951e+01	2.275048e+02
4.010000e-06	4.270635e-09	2.067655e-09	2.277198e+01	2.296847e+02
4.020000e-06	4.312184e-09	2.088842e-09	2.299353e+01	2.318585e+02
4.030000e-06	4.353585e-09	2.111915e-09	2.321428e+01	2.340264e+02
4.040000e-06	4.394854e-09	2.134089e-09	2.343434e+01	2.361881e+02
4.050000e-06	4.436003e-09	2.152097e-09	2.365376e+01	2.383438e+02
4.060000e-06	4.477032e-09	2.166584e-09	2.387253e+01	2.404932e+02
4.070000e-06	4.517952e-09	2.182128e-09	2.409073e+01	2.426363e+02
4.080000e-06	4.558778e-09	2.200585e-09	2.430842e+01	2.447732e+02
4.090000e-06	4.599497e-09	2.220279e-09	2.452555e+01	2.469037e+02
4.100000e-06	4.640116e-09	2.238951e-09	2.474214e+01	2.490277e+02
4.110000e-06	4.680654e-09	2.255574e-09	2.495830e+01	2.511453e+02
4.120000e-06	4.721109e-09	2.270478e-09	2.517401e+01	2.532564e+02
4.130000e-06	4.761481e-09	2.285801e-09	2.538929e+01	2.553608e+02
4.140000e-06	4.801774e-09	2.301133e-09	2.560414e+01	2.574586e+02
4.150000e-06	4.841976e-09	2.317670e-09	2.581850e+01	2.595498e+02
4.160000e-06	4.882093e-09	2.337812e-09	2.603242e+01	2.616341e+02
4.170000e-06	4.922114e-09	2.358776e-09	2.624582e+01	2.637117e+02
4.180000e-06	4.962033e-09	2.379806e-09	2.645868e+01	2.657824e+02
4.190000e-06	5.001857e-09	2.396415e-09	2.667103e+01	2.678462e+02
4.200000e-06	5.041555e-09	2.408830e-09	2.688271e+01	2.699030e+02
4.210000e-06	5.081124e-09	2.419464e-09	2.709370e+01	2.719529e+02
4.220000e-06	5.120578e-09	2.430760e-09	2.730408e+01	2.739956e+02
4.230000e-06	5.159867e-09	2.448523e-09	2.751358e+01	2.760312e+02
4.240000e-06	5.198995e-09	2.469416e-09	2.772222e+01	2.780596e+02
4.250000e-06	5.237995e-09	2.493409e-09	2.793017e+01	2.800808e+02
4.260000e-06	5.276869e-09	2.516550e-09	2.813746e+01	2.820947e+02
4.270000e-06	5.315606e-09	2.534211e-09	2.834402e+01	2.841013e+02
4.280000e-06	5.354223e-09	2.545588e-09	2.854993e+01	2.861005e+02
4.290000e-06	5.392725e-09	2.550834e-09	2.875523e+01	2.880922e+02
4.300000e-06	5.431082e-09	2.557397e-09	2.895976e+01	2.900765e+02
4.310000e-06	5.469315e-09	2.570766e-09	2.916363e+01	2.920532e+02
4.320000e-06	5.507442e-09	2.592261e-09	2.936693e+01	2.940223e+02
4.330000e-06	5.545454e-09	2.615273e-09	2.956962e+01	2.959838e+02
4.340000e-06	5.583329e-09	2.634846e-09	2.977158e+01	2.979375e+02
4.350000e-06	5.621038e-09	2.651502e-09	2.997265e+01	2.998835e+02
4.360000e-06	5.658572e-09	2.666160e-09	3.017279e+01	3.018218e+02
4.370000e-06	5.695967e-09	2.679096e-09	3.037219e+01	3.037521e+02
4.380000e-06	5.733205e-09	2.687873e-09	3.057076e+01	3.056746e+02
4.390000e-06	5.770285e-09	2.698280e-09	3.076847e+01	3.075891e+02
4.400000e-06	5.807229e-09	2.714787e-09	3.096547e+01	3.094956e+02
4.410000e-06	5.844051e-09	2.735630e-09	3.116181e+01	3.113941e+02
4.420000e-06	5.880770e-09	2.757058e-09	3.135761e+01	3.132844e+02
4.430000e-06	5.917383e-09	2.772725e-09	3.155284e+01	3.151666e+02
4.440000e-06	5.953907e-09	2.784360e-09	3.174759e+01	3.170406e+02
4.450000e-06	5.990339e-09	2.794107e-09	3.194186e+01	3.189064e+02
4.460000e-06	6.026681e-09	2.806528e-09	3.213564e+01	3.207639e+02
4.470000e-06	6.062948e-09	2.822715e-09	3.232903e+01	3.226130e+02
4.480000e-06	6.099109e-09	2.839926e-09	3.252185e+01	3.244537e+02
4.490000e-06	6.135150e-09	2.858680e-09	3.271403e+01	3.262860e+02
4.500000e-06	6.171045e-09	2.878281e-09	3.290543e+01	3.281099e+02
4.510000e-06	6.206742e-09	2.898209e-09	3.309577e+01	3.299251e+02
4.520000e-06	6.242223e-09	2.913406e-09	3.328496e+01	3.317318e+02
4.530000e-06	6.277476e-09	2.923075e-09	3.347294e+01	3.335299e+02
4.540000e-06	6.312487e-09	2.931618e-09	3.365963e+01	3.353193e+02
4.550000e-06	6.347219e-09	2.945334e-09	3.384483e+01	3.370999e+02
4.560000e-06	6.381647e-09	2.965697e-09	3.402840e+01	3.388718e+02
4.570000e-06	6.415773e-09	2.987028e-09	3.421037e+01	3.406349e+02
4.580000e-06	6.449645e-09	3.004189e-09	3.439098e+01	3.423891e+02
4.590000e-06	6.483296e-09	3.018342e-09	3.457042e+01	3.441345e+02
4.600000e-06	6.516707e-09	3.033606e-09	3.474857e+01	3.458708e+02
4.610000e-06	6.549896e-09	3.047690e-09	3.492554e+01	3.475982e+02
4.620000e-06	6.582899e-09	3.058935e-09	3.510152e+01	3.493165e+02
4.630000e-06	6.615760e-09	3.068983e-09	3.527675e+01	3.510258e+02
4.640000e-06	6.648498e-09	3.082928e-09	3.545132e+01	3.527259e+02
4.650000e-06	6.681114e-09	3.103547e-09	3.562523e+01	3.544168e+02
4.660000e-06	6.713607e-09	3.125593e-09	3.579849e+01	3.560985e+02
4.670000e-06	6.745994e-09	3.141751e-09	3.597119e+01	3.577710e+02
4.680000e-06	6.778292e-09	3.151436e-09	3.614341e+01	3.594341e+02
4.690000e-06	6.810457e-09	3.160722e-09	3.631492e+01	3.610879e+02
4.700000e-06	6.842481e-09	3.173975e-09	3.648568e+01	3.627323e+02
4.710000e-06	6.874353e-09	3.189868e-09	3.665563e+01	3.643673e+02
4.720000e-06	6.906045e-09	3.202453e-09	3.682462e+01	3.659928e+02
4.730000e-06	6.937544e-09	3.211192e-09	3.699258e+01	3.676088e+02
4.740000e-06	6.968858e-09	3.221835e-09	3.715956e+01	3.692152e+02
4.750000e-06	6.999968e-09	3.238869e-09	3.732544e+01	3.708120e+02
4.760000e-06	7.030878e-09	3.259375e-09	3.749026e+01	3.723992e+02
4.770000e-06	7.061622e-09	3.275645e-09	3.765420e+01	3.739766e+02
4.780000e-06	7.092202e-09	3.285093e-09	3.781725e+01	3.755444e+02
4.790000e-06	7.122640e-09	3.292870e-09	3.797956e+01	3.771024e+02
4.800000e-06	7.152938e-09	3.303987e-09	3.814111e+01	3.786505e+02
4.810000e-06	7.183095e-09	3.316490e-09	3.830192e+01	3.801889e+02
4.820000e-06	7.213093e-09	3.327149e-09	3.846188e+01	3.817173e+02
4.830000e-06	7.242898e-09	3.336596e-09	3.862080e+01	3.832358e+02
4.840000e-06	7.272503e-09	3.347402e-09	3.877866e+01	3.847443e+02
4.850000e-06	7.301919e-09	3.362143e-09	3.893552e+01	3.862428e+02
4.860000e-06	7.331142e-09	3.377680e-09	3.909134e+01	3.877313e+02
4.870000e-06	7.360176e-09	3.389333e-09	3.924616e+01	3.892097e+02
4.880000e-06	7.389049e-09	3.396662e-09	3.940012e+01	3.906780e+02
4.890000e-06	7.417780e-09	3.405221e-09	3.955332e+01	3.921361e+02
4.900000e-06	7.446394e-09	3.418972e-09	3.970589e+01	3.935840e+02
4.910000e-06	7.474907e-09	3.432433e-09	3.985793e+01	3.950217e+02
4.920000e-06	7.503328e-09	3.441463e-09	4.000948e+01	3.964491e+02
4.930000e-06	7.531643e-09	3.448170e-09	4.016046e+01	3.978661e+02
4.940000e-06	7.559842e-09	3.458216e-09	4.031083e+01	3.992729e+02
4.950000e-06	7.587882e-09	3.472481e-09	4.046035e+01	4.006692e+02
4.960000e-06	7.615705e-09	3.487120e-09	4.060870e+01	4.020551e+02
4.970000e-06	7.643283e-09	3.498584e-09	4.075576e+01	4.034306e+02
4.980000e-06	7.670577e-09	3.507070e-09	4.090129e+01	4.047956e+02
4.990000e-06	7.697563e-09	3.516279e-09	4.104519e+01	4.061500e+02
5.000000e-06	7.724216e-09	3.526160e-09	4.118731e+01	4.074939e+02
5.010000e-06	7.750495e-09	3.535037e-09	4.132744e+01	4.088272e+02
5.020000e-06	7.776444e-09	3.542538e-09	4.146580e+01	4.101498e+02
5.030000e-06	7.802091e-09	3.550814e-09	4.160256e+01	4.114618e+02
5.040000e-06	7.827444e-09	3.562678e-09	4.173774e+01	4.127631e+02
5.050000e-06	7.852548e-09	3.576283e-09	4.187161e+01	4.140536e+02
5.060000e-06	7.877452e-09	3.586974e-09	4.200440e+01	4.153334e+02
5.070000e-06	7.902185e-09	3.593276e-09	4.213628e+01	4.166023e+02
5.080000e-06	7.926742e-09	3.598847e-09	4.226723e+01	4.178604e+02
5.090000e-06	7.951143e-09	3.608376e-09	4.239734e+01	4.191077e+02
5.100000e-06	7.975419e-09	3.621781e-09	4.252678e+01	4.203440e+02
5.110000e-06	7.999554e-09	3.634707e-09	4.265548e+01	4.215695e+02
5.120000e-06	8.023516e-09	3.644768e-09	4.278325e+01	4.227839e+02
5.130000e-06	8.047266e-09	3.653273e-09	4.290989e+01	4.239874e+02
5.140000e-06	8.070773e-09	3.662183e-09	4.303523e+01	4.251798e+02
5.150000e-06	8.094039e-09	3.671344e-09	4.315930e+01	4.263612e+02
5.160000e-06	8.117088e-09	3.679611e-09	4.328220e+01	4.275314e+02
5.170000e-06	8.139944e-09	3.688449e-09	4.340407e+01	4.286906e+02
5.180000e-06	8.162608e-09	3.699031e-09	4.352492e+01	4.298386e+02
5.190000e-06	8.185097e-09	3.710276e-09	4.364484e+01	4.309754e+02
5.200000e-06	8.207416e-09	3.719445e-09	4.376385e+01	4.321010e+02
5.210000e-06	8.229555e-09	3.725395e-09	4.388190e+01	4.332154e+02
5.220000e-06	8.251487e-09	3.731672e-09	4.399885e+01	4.343185e+02
5.230000e-06	8.273189e-09	3.740567e-09	4.411457e+01	4.354103e+02
5.240000e-06	8.294655e-09	3.751662e-09	4.422903e+01	4.364908e+02
5.250000e-06	8.315899e-09	3.763256e-09	4.434231e+01	4.375599e+02
5.260000e-06	8.336928e-09	3.773388e-09	4.445444e+01	4.386176e+02
5.270000e-06	8.357761e-09	3.781811e-09	4.456553e+01	4.396640e+02
5.280000e-06	8.378451e-09	3.789798e-09	4.467585e+01	4.406989e+02
5.290000e-06	8.399015e-09	3.798589e-09	4.478550e+01	4.417223e+02
5.300000e-06	8.419472e-09	3.807796e-09	4.489458e+01	4.427343e+02
5.310000e-06	8.439830e-09	3.816835e-09	4.500314e+01	4.437347e+02
5.320000e-06	8.460042e-09	3.824406e-09	4.511092e+01	4.447236e+02
5.330000e-06	8.480097e-09	3.831984e-09	4.521785e+01	4.457009e+02
5.340000e-06	8.499980e-09	3.841256e-09	4.532387e+01	4.466666e+02
5.350000e-06	8.519633e-09	3.850360e-09	4.542867e+01	4.476207e+02
5.360000e-06	8.539028e-09	3.858610e-09	4.553209e+01	4.485632e+02
5.370000e-06	8.558155e-09	3.865549e-09	4.563408e+01	4.494940e+02
5.380000e-06	8.577018e-09	3.872195e-09	4.573466e+01	4.504131e+02
5.390000e-06	8.595645e-09	3.879939e-09	4.583398e+01	4.513204e+02
5.400000e-06	8.614055e-09	3.889252e-09	4.593215e+01	4.522161e+02
5.410000e-06	8.632298e-09	3.897821e-09	4.602943e+01	4.531000e+02
5.420000e-06	8.650391e-09	3.902612e-09	4.612590e+01	4.539720e+02
5.430000e-06	8.668335e-09	3.906001e-09	4.622159e+01	4.548323e+02
5.440000e-06	8.686149e-09	3.910971e-09	4.631658e+01	4.556808e+02
5.450000e-06	8.703803e-09	3.917850e-09	4.641071e+01	4.565174e+02
5.460000e-06	8.721285e-09	3.924227e-09	4.650393e+01	4.573421e+02
5.470000e-06	8.738574e-09	3.930350e-09	4.659612e+01	4.581549e+02
5.480000e-06	8.755630e-09	3.937314e-09	4.668706e+01	4.589558e+02
5.490000e-06	8.772383e-09	3.943243e-09	4.677640e+01	4.597448e+02
5.500000e-06	8.788791e-09	3.947677e-09	4.686389e+01	4.605218e+02
5.510000e-06	8.804873e-09	3.951223e-09	4.694964e+01	4.612869e+02
5.520000e-06	8.820618e-09	3.954773e-09	4.703360e+01	4.620399e+02
5.530000e-06	8.836020e-09	3.959365e-09	4.711572e+01	4.627809e+02
5.540000e-06	8.851121e-09	3.964963e-09	4.719625e+01	4.635099e+02
5.550000e-06	8.865969e-09	3.970344e-09	4.727542e+01	4.642268e+02
5.560000e-06	8.880593e-09	3.975302e-09	4.735340e+01	4.649317e+02
5.570000e-06	8.894987e-09	3.979880e-09	4.743015e+01	4.656244e+02
5.580000e-06	8.909142e-09	3.985300e-09	4.750563e+01	4.663050e+02
5.590000e-06	8.923063e-09	3.990570e-09	4.757986e+01	4.669735e+02
5.600000e-06	8.936747e-09	3.993747e-09	4.765283e+01	4.676299e+02
5.610000e-06	8.950142e-09	3.996011e-09	4.772425e+01	4.682741e+02
5.620000e-06	8.963246e-09	3.997780e-09	4.779412e+01	4.689061e+02
5.630000e-06	8.976129e-09	4.001741e-09	4.786282e+01	4.695259e+02
5.640000e-06	8.988824e-09	4.008099e-09	4.793051e+01	4.701335e+02
5.650000e-06	9.001330e-09	4.013473e-09	4.799720e+01	4.707289e+02
5.660000e-06	9.013642e-09	4.017048e-09	4.806285e+01	4.713121e+02
5.670000e-06	9.025734e-09	4.020440e-09	4.812733e+01	4.718829e+02
5.680000e-06	9.037552e-09	4.025156e-09	4.819035e+01	4.724415e+02
5.690000e-06	9.049063e-09	4.030126e-09	4.825172e+01	4.729878e+02
5.700000e-06	9.060256e-09	4.034120e-09	4.831141e+01	4.735218e+02
5.710000e-06	9.071064e-09	4.037102e-09	4.836904e+01	4.740435e+02
5.720000e-06	9.081455e-09	4.039768e-09	4.842445e+01	4.745529e+02
5.730000e-06	9.091452e-09	4.042938e-09	4.847775e+01	4.750499e+02
5.740000e-06	9.101080e-09	4.046656e-09	4.852909e+01	4.755345e+02
5.750000e-06	9.110378e-09	4.049529e-09	4.857867e+01	4.760068e+02
5.760000e-06	9.119376e-09	4.051107e-09	4.862665e+01	4.764667e+02
5.770000e-06	9.128148e-09	4.052399e-09	4.867342e+01	4.769142e+02
5.780000e-06	9.136785e-09	4.056017e-09	4.871948e+01	4.773493e+02
5.790000e-06	9.145305e-09	4.061104e-09	4.876491e+01	4.777720e+02
5.800000e-06	9.153672e-09	4.064233e-09	4.880953e+01	4.781823e+02
5.810000e-06	9.161895e-09	4.065633e-09	4.885337e+01	4.785801e+02
5.820000e-06	9.169942e-09	4.066468e-09	4.889628e+01	4.789655e+02
5.830000e-06	9.177753e-09	4.070069e-09	4.893793e+01	4.793384e+02
5.840000e-06	9.185308e-09	4.074919e-09	4.897822e+01	4.796988e+02
5.850000e-06	9.192616e-09	4.077534e-09	4.901719e+01	4.800468e+02
5.860000e-06	9.199685e-09	4.078765e-09	4.905488e+01	4.803822e+02
5.870000e-06	9.206508e-09	4.082693e-09	4.909126e+01	4.807052e+02
5.880000e-06	9.213102e-09	4.091509e-09	4.912642e+01	4.810157e+02
5.890000e-06	9.219490e-09	4.098344e-09	4.916048e+01	4.813137e+02
5.900000e-06	9.225664e-09	4.100075e-09	4.919340e+01	4.815991e+02
5.910000e-06	9.231589e-09	4.098502e-09	4.922500e+01	4.818720e+02
5.920000e-06	9.237265e-09	4.098572e-09	4.925526e+01	4.821324e+02
5.930000e-06	9.242689e-09	4.103307e-09	4.928419e+01	4.823802e+02
5.940000e-06	9.247842e-09	4.109146e-09	4.931167e+01	4.826155e+02
5.950000e-06	9.252768e-09	4.111935e-09	4.933793e+01	4.828383e+02
5.960000e-06	9.257520e-09	4.110099e-09	4.936327e+01	4.830484e+02
5.970000e-06	9.262127e-09	4.110043e-09	4.938784e+01	4.832460e+02
5.980000e-06	9.266616e-09	4.113921e-09	4.941177e+01	4.834311e+02
5.990000e-06	9.270986e-09	4.118454e-09	4.943508e+01	4.836035e+02
6.000000e-06	9.275216e-09	4.120113e-09	4.945763e+01	4.837634e+02
6.010000e-06	9.279245e-09	4.118094e-09	4.947912e+01	4.839107e+02
6.020000e-06	9.283036e-09	4.116223e-09	4.949933e+01	4.840454e+02
6.030000e-06	9.286544e-09	4.117000e-09	4.951803e+01	4.841676e+02
6.040000e-06	9.289691e-09	4.120610e-09	4.953481e+01	4.842771e+02
6.050000e-06	9.292457e-09	4.120722e-09	4.954956e+01	4.843740e+02
6.060000e-06	9.294860e-09	4.116732e-09	4.956238e+01	4.844584e+02
6.070000e-06	9.296905e-09	4.113892e-09	4.957328e+01	4.845301e+02
6.080000e-06	9.298575e-09	4.115013e-09	4.958219e+01	4.845892e+02
6.090000e-06	9.299903e-09	4.119444e-09	4.958927e+01	4.846357e+02
6.100000e-06	9.300955e-09	4.121341e-09	4.959488e+01	4.846696e+02
6.110000e-06	9.301766e-09	4.119374e-09	4.959921e+01	4.846909e+02
6.120000e-06	9.302393e-09	4.115989e-09	4.960255e+01	4.846996e+02
6.130000e-06	9.302892e-09	4.113972e-09	4.960521e+01	4.846957e+02
6.140000e-06	9.303276e-09	4.112573e-09	4.960726e+01	4.846792e+02
6.150000e-06	9.303522e-09	4.109447e-09	4.960856e+01	4.846501e+02
6.160000e-06	9.303575e-09	4.106755e-09	4.960885e+01	4.846084e+02
6.170000e-06	9.303389e-09	4.104554e-09	4.960786e+01	4.845540e+02
6.180000e-06	9.302958e-09	4.103615e-09	4.960556e+01	4.844871e+02
6.190000e-06	9.302270e-09	4.105445e-09	4.960189e+01	4.844075e+02
6.200000e-06	9.301328e-09	4.111467e-09	4.959687e+01	4.843154e+02
6.210000e-06	9.300165e-09	4.123041e-09	4.959067e+01	4.842106e+02
6.220000e-06	9.298802e-09	4.131450e-09	4.958340e+01	4.840933e+02
6.230000e-06	9.297268e-09	4.094358e-09	4.957522e+01	4.839633e+02
6.240000e-06	9.295588e-09	4.033249e-09	4.956626e+01	4.838208e+02
6.250000e-06	9.293715e-09	4.033528e-09	4.955628e+01	4.836657e+02
6.260000e-06	9.291524e-09	4.105891e-09	4.954459e+01	4.834980e+02
6.270000e-06	9.288951e-09	4.145344e-09	4.953088e+01	4.833178e+02
6.280000e-06	9.286074e-09	4.159440e-09	4.951553e+01	4.831249e+02
6.290000e-06	9.282984e-09	4.211080e-09	4.949906e+01	4.829195e+02
6.300000e-06	9.279713e-09	4.210305e-09	4.948161e+01	4.827015e+02
6.310000e-06	9.276301e-09	4.173053e-09	4.946342e+01	4.824710e+02
6.320000e-06	9.272801e-09	4.140865e-09	4.944476e+01	4.822279e+02
6.330000e-06	9.269229e-09	4.094213e-09	4.942571e+01	4.819723e+02
6.340000e-06	9.265548e-09	4.099516e-09	4.940609e+01	4.817042e+02
6.350000e-06	9.261662e-09	4.141014e-09	4.938536e+01	4.814235e+02
6.360000e-06	9.257474e-09	4.164611e-09	4.936303e+01	4.811303e+02
6.370000e-06	9.252926e-09	4.195699e-09	4.933879e+01	4.808245e+02
6.380000e-06	9.248043e-09	4.164190e-09	4.931275e+01	4.805063e+02
6.390000e-06	9.242867e-09	4.117250e-09	4.928515e+01	4.801756e+02
6.400000e-06	9.237341e-09	4.138001e-09	4.925569e+01	4.798324e+02
6.410000e-06	9.231388e-09	4.127755e-09	4.922394e+01	4.794766e+02
6.420000e-06	9.225026e-09	4.107891e-09	4.919002e+01	4.791085e+02
6.430000e-06	9.218332e-09	4.134236e-09	4.915433e+01	4.787278e+02
6.440000e-06	9.211368e-09	4.181005e-09	4.911719e+01	4.783347e+02
6.450000e-06	9.204195e-09	4.161863e-09	4.907894e+01	4.779292e+02
6.460000e-06	9.196852e-09	4.104442e-09	4.903979e+01	4.775112e+02
6.470000e-06	9.189359e-09	4.093105e-09	4.899983e+01	4.770808e+02
6.480000e-06	9.181721e-09	4.098541e-09	4.895911e+01	4.766380e+02
6.490000e-06	9.173918e-09	4.120449e-09	4.891750e+01	4.761828e+02
6.500000e-06	9.165926e-09	4.130968e-09	4.887489e+01	4.757153e+02
6.510000e-06	9.157710e-09	4.120555e-09	4.883107e+01	4.752353e+02
6.520000e-06	9.149211e-09	4.096721e-09	4.878576e+01	4.747430e+02
6.530000e-06	9.140451e-09	4.097453e-09	4.873905e+01	4.742383e+02
6.540000e-06	9.131498e-09	4.115128e-09	4.869131e+01	4.737213e+02
6.550000e-06	9.122317e-09	4.089158e-09	4.864235e+01	4.731920e+02
6.560000e-06	9.112892e-09	4.065055e-09	4.859210e+01	4.726503e+02
6.570000e-06	9.103258e-09	4.074269e-09	4.854073e+01	4.720964e+02
6.580000e-06	9.093411e-09	4.089331e-09	4.848822e+01	4.715302e+02
6.590000e-06	9.083326e-09	4.092183e-09	4.843444e+01	4.709517e+02
6.600000e-06	9.073026e-09	4.090688e-09	4.837952e+01	4.703610e+02
6.610000e-06	9.062484e-09	4.063381e-09	4.832331e+01	4.697580e+02
6.620000e-06	9.051650e-09	4.028653e-09	4.826554e+01	4.691428e+02
6.630000e-06	9.040564e-09	4.040475e-09	4.820643e+01	4.685154e+02
6.640000e-06	9.029262e-09	4.063862e-09	4.814617e+01	4.678759e+02
6.650000e-06	9.017740e-09	4.057714e-09	4.808473e+01	4.672241e+02
6.660000e-06	9.005975e-09	4.039541e-09	4.802199e+01	4.665602e+02
6.670000e-06	8.993969e-09	4.028652e-09	4.795797e+01	4.658842e+02
6.680000e-06	8.981665e-09	4.018029e-09	4.789237e+01	4.651960e+02
6.690000e-06	8.969024e-09	4.021137e-09	4.782497e+01	4.644958e+02
6.700000e-06	8.956037e-09	4.022866e-09	4.775572e+01	4.637834e+02
6.710000e-06	8.942640e-09	3.999669e-09	4.768428e+01	4.630590e+02
6.720000e-06	8.928823e-09	3.984452e-09	4.761061e+01	4.623226e+02
6.730000e-06	8.914647e-09	3.987769e-09	4.753502e+01	4.615741e+02
6.740000e-06	8.900138e-09	3.989861e-09	4.745766e+01	4.608136e+02
6.750000e-06	8.885312e-09	3.979901e-09	4.737860e+01	4.600412e+02
6.760000e-06	8.870234e-09	3.958688e-09	4.729820e+01	4.592567e+02
6.770000e-06	8.854961e-09	3.935865e-09	4.721676e+01	4.584603e+02
6.780000e-06	8.839534e-09	3.936816e-09	4.713450e+01	4.576520e+02
6.790000e-06	8.823962e-09	3.950568e-09	4.705147e+01	4.568318e+02
6.800000e-06	8.808246e-09	3.943211e-09	4.696766e+01	4.559997e+02
6.810000e-06	8.792361e-09	3.924075e-09	4.688296e+01	4.551558e+02
6.820000e-06	8.776264e-09	3.905730e-09	4.679713e+01	4.543000e+02
6.830000e-06	8.759940e-09	3.894959e-09	4.671009e+01	4.534324e+02
6.840000e-06	8.743376e-09	3.895766e-09	4.662177e+01	4.525530e+02
6.850000e-06	8.726574e-09	3.891656e-09	4.653218e+01	4.516618e+02
6.860000e-06	8.709538e-09	3.871330e-09	4.644133e+01	4.507588e+02
6.870000e-06	8.692261e-09	3.854996e-09	4.634921e+01	4.498442e+02
6.880000e-06	8.674801e-09	3.850731e-09	4.625611e+01	4.489178e+02
6.890000e-06	8.657189e-09	3.845724e-09	4.616220e+01	4.479798e+02
6.900000e-06	8.639383e-09	3.838484e-09	4.606725e+01	4.470301e+02
6.910000e-06	8.621372e-09	3.822943e-09	4.597122e+01	4.460688e+02
6.920000e-06	8.603155e-09	3.806338e-09	4.587408e+01	4.450959e+02
6.930000e-06	8.584681e-09	3.800686e-09	4.577557e+01	4.441114e+02
6.940000e-06	8.565951e-09	3.797398e-09	4.567570e+01	4.431153e+02
6.950000e-06	8.547012e-09	3.784666e-09	4.557471e+01	4.421078e+02
6.960000e-06	8.527879e-09	3.765418e-09	4.547269e+01	4.410887e+02
6.970000e-06	8.508587e-09	3.749007e-09	4.536982e+01	4.400581e+02
6.980000e-06	8.489173e-09	3.742475e-09	4.526630e+01	4.390161e+02
6.990000e-06	8.469632e-09	3.745259e-09	4.516210e+01	4.379627e+02
7.000000e-06	8.449974e-09	3.740500e-09	4.505728e+01	4.368979e+02
7.010000e-06	8.430185e-09	3.726095e-09	4.495176e+01	4.358217e+02
7.020000e-06	8.410233e-09	3.709475e-09	4.484537e+01	4.347342e+02
7.030000e-06	8.390056e-09	3.695864e-09	4.473778e+01	4.336354e+02
7.040000e-06	8.369587e-09	3.687014e-09	4.462864e+01	4.325253e+02
7.050000e-06	8.348818e-09	3.676763e-09	4.451790e+01	4.314040e+02
7.060000e-06	8.327727e-09	3.665452e-09	4.440543e+01	4.302714e+02
7.070000e-06	8.306262e-09	3.656236e-09	4.429098e+01	4.291276e+02
7.080000e-06	8.284401e-09	3.650546e-09	4.417441e+01	4.279727e+02
7.090000e-06	8.262154e-09	3.642420e-09	4.405579e+01	4.268066e+02
7.100000e-06	8.239578e-09	3.628860e-09	4.393541e+01	4.256295e+02
7.110000e-06	8.216738e-09	3.611532e-09	4.381362e+01	4.244413e+02
7.120000e-06	8.193687e-09	3.595874e-09	4.369071e+01	4.232420e+02
7.130000e-06	8.170450e-09	3.586355e-09	4.356680e+01	4.220317e+02
7.140000e-06	8.147063e-09	3.578261e-09	4.344209e+01	4.208104e+02
7.150000e-06	8.123558e-09	3.569558e-09	4.331676e+01	4.195782e+02
7.160000e-06	8.099940e-09	3.559150e-09	4.319082e+01	4.183351e+02
7.170000e-06	8.076194e-09	3.550585e-09	4.306420e+01	4.170811e+02
7.180000e-06	8.052270e-09	3.545719e-09	4.293664e+01	4.158163e+02
7.190000e-06	8.028147e-09	3.540565e-09	4.280800e+01	4.145406e+02
7.200000e-06	8.003832e-09	3.531418e-09	4.267835e+01	4.132541e+02
7.210000e-06	7.979310e-09	3.518538e-09	4.254759e+01	4.119569e+02
7.220000e-06	7.954560e-09	3.506617e-09	4.241562e+01	4.106490e+02
7.230000e-06	7.929586e-09	3.496610e-09	4.228245e+01	4.093304e+02
7.240000e-06	7.904387e-09	3.487367e-09	4.214809e+01	4.080012e+02
7.250000e-06	7.878998e-09	3.476738e-09	4.201271e+01	4.066613e+02
7.260000e-06	7.853430e-09	3.465991e-09	4.187638e+01	4.053109e+02
7.270000e-06	7.827680e-09	3.457301e-09	4.173907e+01	4.039499e+02
7.280000e-06	7.801730e-09	3.450544e-09	4.160070e+01	4.025784e+02
7.290000e-06	7.775565e-09	3.441541e-09	4.146118e+01	4.011965e+02
7.300000e-06	7.749198e-09	3.425982e-09	4.132058e+01	3.998041e+02
7.310000e-06	7.722639e-09	3.408681e-09	4.117897e+01	3.984013e+02
7.320000e-06	7.695875e-09	3.394672e-09	4.103626e+01	3.969881e+02
7.330000e-06	7.668881e-09	3.386841e-09	4.089232e+01	3.955646e+02
7.340000e-06	7.641698e-09	3.380370e-09	4.074737e+01	3.941309e+02
7.350000e-06	7.614386e-09	3.369331e-09	4.060174e+01	3.926868e+02
7.360000e-06	7.586974e-09	3.355373e-09	4.045557e+01	3.912326e+02
7.370000e-06	7.559454e-09	3.340486e-09	4.030883e+01	3.897682e+02
7.380000e-06	7.531809e-09	3.326927e-09	4.016142e+01	3.882936e+02
7.390000e-06	7.504042e-09	3.313096e-09	4.001336e+01	3.868090e+02
7.400000e-06	7.476120e-09	3.295894e-09	3.986447e+01	3.853142e+02
7.410000e-06	7.447997e-09	3.276647e-09	3.971451e+01	3.838095e+02
7.420000e-06	7.419675e-09	3.261754e-09	3.956350e+01	3.822948e+02
7.430000e-06	7.391116e-09	3.253319e-09	3.941121e+01	3.807701e+02
7.440000e-06	7.362264e-09	3.245316e-09	3.925737e+01	3.792355e+02
7.450000e-06	7.333097e-09	3.231738e-09	3.910184e+01	3.776911e+02
7.460000e-06	7.303614e-09	3.212385e-09	3.894464e+01	3.761368e+02
7.470000e-06	7.273817e-09	3.193034e-09	3.878575e+01	3.745728e+02
7.480000e-06	7.243709e-09	3.176935e-09	3.862521e+01	3.729990e+02
7.490000e-06	7.213318e-09	3.163450e-09	3.846316e+01	3.714155e+02
7.500000e-06	7.182652e-09	3.150483e-09	3.829964e+01	3.698224e+02
7.510000e-06	7.151745e-09	3.136507e-09	3.813483e+01	3.682196e+02
7.520000e-06	7.120645e-09	3.121444e-09	3.796900e+01	3.666072e+02
7.530000e-06	7.089381e-09	3.105867e-09	3.780230e+01	3.649853e+02
7.540000e-06	7.057983e-09	3.090370e-09	3.763488e+01	3.633540e+02
7.550000e-06	7.026448e-09	3.073622e-09	3.746672e+01	3.617131e+02
7.560000e-06	6.994783e-09	3.055950e-09	3.729788e+01	3.600629e+02
7.570000e-06	6.962995e-09	3.038510e-09	3.712838e+01	3.584033e+02
7.580000e-06	6.931075e-09	3.023312e-09	3.695817e+01	3.567343e+02
7.590000e-06	6.899021e-09	3.008754e-09	3.678725e+01	3.550561e+02
7.600000e-06	6.866806e-09	2.991729e-09	3.661547e+01	3.533687e+02
7.610000e-06	6.834419e-09	2.974411e-09	3.644278e+01	3.516721e+02
7.620000e-06	6.801845e-09	2.958556e-09	3.626909e+01	3.499663e+02
7.630000e-06	6.769087e-09	2.944419e-09	3.609441e+01	3.482514e+02
7.640000e-06	6.736165e-09	2.928180e-09	3.591887e+01	3.465274e+02
7.650000e-06	6.703073e-09	2.908211e-09	3.574242e+01	3.447945e+02
7.660000e-06	6.669811e-09	2.887284e-09	3.556505e+01	3.430526e+02
7.670000e-06	6.636409e-09	2.868167e-09	3.538695e+01	3.413017e+02
7.680000e-06	6.602859e-09	2.852954e-09	3.520805e+01	3.395420e+02
7.690000e-06	6.569124e-09	2.839286e-09	3.502817e+01	3.377734e+02
7.700000e-06	6.535213e-09	2.826052e-09	3.484734e+01	3.359961e+02
7.710000e-06	6.501146e-09	2.812028e-09	3.466569e+01	3.342100e+02
7.720000e-06	6.466944e-09	2.795554e-09	3.448332e+01	3.324152e+02
7.730000e-06	6.432580e-09	2.778383e-09	3.430008e+01	3.306118e+02
7.740000e-06	6.398031e-09	2.760889e-09	3.411586e+01	3.287998e+02
7.750000e-06	6.363303e-09	2.744039e-09	3.393068e+01	3.269792e+02
7.760000e-06	6.328406e-09	2.726939e-09	3.374460e+01	3.251501e+02
7.770000e-06	6.293349e-09	2.710144e-09	3.355767e+01	3.233125e+02
7.780000e-06	6.258165e-09	2.694508e-09	3.337006e+01	3.214666e+02
7.790000e-06	6.222872e-09	2.680671e-09	3.318187e+01	3.196123e+02
7.800000e-06	6.187469e-09	2.667658e-09	3.299309e+01	3.177497e+02
7.810000e-06	6.151966e-09	2.652505e-09	3.280378e+01	3.158788e+02
7.820000e-06	6.116372e-09	2.635558e-09	3.261399e+01	3.139997e+02
7.830000e-06	6.080704e-09	2.618719e-09	3.242380e+01	3.121124e+02
7.840000e-06	6.044956e-09	2.602706e-09	3.223318e+01	3.102170e+02
7.850000e-06	6.009082e-09	2.584661e-09	3.204189e+01	3.083135e+02
7.860000e-06	5.973042e-09	2.565767e-09	3.184972e+01	3.064020e+02
7.870000e-06	5.936812e-09	2.548457e-09	3.165653e+01	3.044826e+02
7.880000e-06	5.900357e-09	2.533206e-09	3.146214e+01	3.025552e+02
7.890000e-06	5.863672e-09	2.519785e-09	3.126653e+01	3.006200e+02
7.900000e-06	5.826772e-09	2.505839e-09	3.106977e+01	2.986769e+02
7.910000e-06	5.789651e-09	2.489531e-09	3.087184e+01	2.967261e+02
7.920000e-06	5.752311e-09	2.470858e-09	3.067273e+01	2.947675e+02
7.930000e-06	5.714726e-09	2.450411e-09	3.047232e+01	2.928013e+02
7.940000e-06	5.676894e-09	2.428820e-09	3.027059e+01	2.908275e+02
7.950000e-06	5.638821e-09	2.408949e-09	3.006758e+01	2.888461e+02
7.960000e-06	5.600515e-09	2.391854e-09	2.986333e+01	2.868572e+02
7.970000e-06	5.562014e-09	2.376700e-09	2.965803e+01	2.848608e+02
7.980000e-06	5.523308e-09	2.362202e-09	2.945164e+01	2.828570e+02
7.990000e-06	5.484401e-09	2.344875e-09	2.924418e+01	2.808459e+02
8.000000e-06	5.445346e-09	2.324420e-09	2.903593e+01	2.788275e+02
8.010000e-06	5.406181e-09	2.301978e-09	2.882709e+01	2.768018e+02
8.020000e-06	5.366898e-09	2.278778e-09	2.861763e+01	2.747689e+02
8.030000e-06	5.327506e-09	2.255488e-09	2.840758e+01	2.727288e+02
8.040000e-06	5.288033e-09	2.234185e-09	2.819710e+01	2.706817e+02
8.050000e-06	5.248471e-09	2.217202e-09	2.798614e+01	2.686275e+02
8.060000e-06	5.208809e-09	2.202807e-09	2.777466e+01	2.665664e+02
8.070000e-06	5.169069e-09	2.187375e-09	2.756275e+01	2.644983e+02
8.080000e-06	5.129255e-09	2.167937e-09	2.735046e+01	2.624233e+02
8.090000e-06	5.089345e-09	2.145591e-09	2.713765e+01	2.603415e+02
8.100000e-06	5.049327e-09	2.122045e-09	2.692426e+01	2.582529e+02
8.110000e-06	5.009181e-09	2.099082e-09	2.671019e+01	2.561576e+02
8.120000e-06	4.968895e-09	2.078827e-09	2.649538e+01	2.540557e+02
8.130000e-06	4.928503e-09	2.059072e-09	2.628000e+01	2.519471e+02
8.140000e-06	4.888006e-09	2.039634e-09	2.606406e+01	2.498320e+02
8.150000e-06	4.847390e-09	2.022275e-09	2.584748e+01	2.477104e+02
8.160000e-06	4.806648e-09	2.004082e-09	2.563024e+01	2.455823e+02
8.170000e-06	4.765764e-09	1.982530e-09	2.541224e+01	2.434479e+02
8.180000e-06	4.724744e-09	1.958405e-09	2.519351e+01	2.413071e+02
8.190000e-06	4.683593e-09	1.934204e-09	2.497408e+01	2.391601e+02
8.200000e-06	4.642327e-09	1.913655e-09	2.475404e+01	2.370068e+02
8.210000e-06	4.600937e-09	1.896114e-09	2.453334e+01	2.348473e+02
8.220000e-06	4.559420e-09	1.878306e-09	2.431196e+01	2.326818e+02
8.230000e-06	4.517794e-09	1.857755e-09	2.409000e+01	2.305102e+02
8.240000e-06	4.476069e-09	1.834587e-09	2.386752e+01	2.283326e+02
8.250000e-06	4.434263e-09	1.812456e-09	2.364460e+01	2.261491e+02
8.260000e-06	4.392368e-09	1.792734e-09	2.342120e+01	2.239597e+02
8.270000e-06	4.350360e-09	1.774001e-09	2.319721e+01	2.217644e+02
8.280000e-06	4.308226e-09	1.752672e-09	2.297254e+01	2.195634e+02
8.290000e-06	4.265973e-09	1.730413e-09	2.274724e+01	2.173567e+02
8.300000e-06	4.223616e-09	1.711420e-09	2.252138e+01	2.151443e+02
8.310000e-06	4.181139e-09	1.694602e-09	2.229489e+01	2.129264e+02
8.320000e-06	4.138525e-09	1.675088e-09	2.206766e+01	2.107029e+02
8.330000e-06	4.095780e-09	1.651016e-09	2.183973e+01	2.084739e+02
8.340000e-06	4.052948e-09	1.627285e-09	2.161134e+01	2.062395e+02
8.350000e-06	4.010017e-09	1.606875e-09	2.138242e+01	2.039997e+02
8.360000e-06	3.967001e-09	1.589102e-09	2.115305e+01	2.017546e+02
8.370000e-06	3.923936e-09	1.569871e-09	2.092342e+01	1.995043e+02
8.380000e-06	3.880787e-09	1.546434e-09	2.069334e+01	1.972488e+02
8.390000e-06	3.837570e-09	1.521526e-09	2.046289e+01	1.949881e+02
8.400000e-06	3.794279e-09	1.499841e-09	2.023205e+01	1.927224e+02
8.410000e-06	3.750922e-09	1.481937e-09	2.000086e+01	1.904517e+02
8.420000e-06	3.707508e-09	1.464107e-09	1.976937e+01	1.881760e+02
8.430000e-06	3.664035e-09	1.444989e-09	1.953756e+01	1.858955e+02
8.440000e-06	3.620509e-09	1.424190e-09	1.930547e+01	1.836100e+02
8.450000e-06	3.576913e-09	1.403988e-09	1.907300e+01	1.813199e+02
8.460000e-06	3.533253e-09	1.384631e-09	1.884020e+01	1.790250e+02
8.470000e-06	3.489539e-09	1.362579e-09	1.860711e+01	1.767254e+02
8.480000e-06	3.445770e-09	1.340021e-09	1.837372e+01	1.744213e+02
8.490000e-06	3.401951e-09	1.321221e-09	1.814006e+01	1.721126e+02
8.500000e-06	3.358087e-09	1.306948e-09	1.790617e+01	1.697994e+02
8.510000e-06	3.314170e-09	1.293095e-09	1.767199e+01	1.674818e+02
8.520000e-06	3.270194e-09	1.275056e-09	1.743750e+01	1.651599e+02
8.530000e-06	3.226139e-09	1.252454e-09	1.720259e+01	1.628336e+02
8.540000e-06	3.182020e-09	1.229425e-09	1.696734e+01	1.605032e+02
8.550000e-06	3.137838e-09	1.209964e-09	1.673175e+01	1.581685e+02
8.560000e-06	3.093566e-09	1.195083e-09	1.649568e+01	1.558298e+02
8.570000e-06	3.049186e-09	1.179245e-09	1.625904e+01	1.534870e+02
8.580000e-06	3.004702e-09	1.159949e-09	1.602183e+01	1.511402e+02
8.590000e-06	2.960150e-09	1.140493e-09	1.578428e+01	1.487894e+02
8.600000e-06	2.915515e-09	1.119578e-09	1.554627e+01	1.464348e+02
8.610000e-06	2.870795e-09	1.097234e-09	1.530782e+01	1.440764e+02
8.620000e-06	2.826002e-09	1.073374e-09	1.506897e+01	1.417143e+02
8.630000e-06	2.781127e-09	1.052578e-09	1.482969e+01	1.393484e+02
8.640000e-06	2.736167e-09	1.035983e-09	1.458995e+01	1.369790e+02
8.650000e-06	2.691127e-09	1.020733e-09	1.434978e+01	1.346060e+02
8.660000e-06	2.646043e-09	1.003455e-09	1.410939e+01	1.322294e+02
8.670000e-06	2.600898e-09	9.806494e-10	1.386866e+01	1.298495e+02
8.680000e-06	2.555669e-09	9.573354e-10	1.362749e+01	1.274661e+02
8.690000e-06	2.510392e-09	9.350933e-10	1.338607e+01	1.250795e+02
8.700000e-06	2.465060e-09	9.146018e-10	1.314434e+01	1.226896e+02
8.710000e-06	2.419635e-09	8.946775e-10	1.290212e+01	1.202965e+02
8.720000e-06	2.374122e-09	8.751178e-10	1.265944e+01	1.179002e+02
8.730000e-06	2.328569e-09	8.579573e-10	1.241654e+01	1.155009e+02
8.740000e-06	2.282981e-09	8.397441e-10	1.217345e+01	1.130986e+02
8.750000e-06	2.237331e-09	8.196284e-10	1.193004e+01	1.106934e+02
8.760000e-06	2.191651e-09	7.959462e-10	1.168646e+01	1.082853e+02
8.770000e-06	2.145939e-09	7.704474e-10	1.144272e+01	1.058744e+02
8.780000e-06	2.100174e-09	7.470891e-10	1.119869e+01	1.034607e+02
8.790000e-06	2.054376e-09	7.263053e-10	1.095448e+01	1.010443e+02
8.800000e-06	2.008548e-09	7.082886e-10	1.071011e+01	9.862529e+01
8.810000e-06	1.962673e-09	6.897163e-10	1.046549e+01	9.620372e+01
8.820000e-06	1.916759e-09	6.693891e-10	1.022067e+01	9.377965e+01
8.830000e-06	1.870802e-09	6.475077e-10	9.975616e+00	9.135314e+01
8.840000e-06	1.824818e-09	6.260309e-10	9.730419e+00	8.892426e+01
8.850000e-06	1.778821e-09	6.051638e-10	9.485151e+00	8.649306e+01
8.860000e-06	1.732798e-09	5.827690e-10	9.239746e+00	8.405962e+01
8.870000e-06	1.686737e-09	5.607424e-10	8.994140e+00	8.162399e+01
8.880000e-06	1.640665e-09	5.400675e-10	8.748473e+00	7.918624e+01
8.890000e-06	1.594564e-09	5.210491e-10	8.502651e+00	7.674643e+01
8.900000e-06	1.548418e-09	4.999497e-10	8.256589e+00	7.430462e+01
8.910000e-06	1.502285e-09	4.755733e-10	8.010594e+00	7.186089e+01
8.920000e-06	1.456112e-09	4.527891e-10	7.764389e+00	6.941528e+01
8.930000e-06	1.409892e-09	4.340802e-10	7.517932e+00	6.696787e+01
8.940000e-06	1.363648e-09	4.177761e-10	7.271348e+00	6.451872e+01
8.950000e-06	1.317381e-09	3.996287e-10	7.024643e+00	6.206789e+01
8.960000e-06	1.271078e-09	3.771255e-10	6.777742e+00	5.961545e+01
8.970000e-06	1.224747e-09	3.526087e-10	6.530697e+00	5.716146e+01
8.980000e-06	1.178398e-09	3.305773e-10	6.283552e+00	5.470598e+01
8.990000e-06	1.132014e-09	3.118907e-10	6.036222e+00	5.224908e+01
9.000000e-06	1.085589e-09	2.948818e-10	5.788671e+00	4.979083e+01
9.010000e-06	1.039121e-09	2.768895e-10	5.540892e+00	4.733128e+01
9.020000e-06	9.926437e-10	2.571292e-10	5.293066e+00	4.487049e+01
9.030000e-06	9.461718e-10	2.360938e-10	5.045266e+00	4.240855e+01
9.040000e-06	8.997047e-10	2.155635e-10	4.797493e+00	3.994550e+01
9.050000e-06	8.532125e-10	1.972764e-10	4.549586e+00	3.748141e+01
9.060000e-06	8.067027e-10	1.799977e-10	4.301585e+00	3.501635e+01
9.070000e-06	7.601882e-10	1.626955e-10	4.053559e+00	3.255038e+01
9.080000e-06	7.136610e-10	1.452604e-10	3.805465e+00	3.008357e+01
9.090000e-06	6.671264e-10	1.266889e-10	3.557331e+00	2.761597e+01
9.100000e-06	6.205714e-10	1.059786e-10	3.309089e+00	2.514766e+01
9.110000e-06	5.739926e-10	8.472300e-11	3.060719e+00	2.267869e+01
9.120000e-06	5.274076e-10	6.356293e-11	2.812317e+00	2.020913e+01
9.130000e-06	4.808083e-10	4.383448e-11	2.563839e+00	1.773905e+01
9.140000e-06	4.341888e-10	2.638193e-11	2.315253e+00	1.526851e+01
9.150000e-06	3.875664e-10	1.018781e-11	2.066651e+00	1.279758e+01
9.160000e-06	3.409297e-10	-5.958557e-12	1.817972e+00	1.032631e+01
9.170000e-06	2.942929e-10	-2.465577e-11	1.569293e+00	7.854774e+00
9.180000e-06	2.476421e-10	-4.613885e-11	1.320541e+00	5.383035e+00
9.190000e-06	2.009848e-10	-6.903424e-11	1.071753e+00	2.911159e+00
9.200000e-06	1.543432e-10	-9.019956e-11	8.230486e-01	4.392073e-01
9.210000e-06	1.077134e-10	-1.077628e-10	5.744079e-01	-2.032754e+00
9.220000e-06	6.107713e-11	-1.236586e-10	3.257326e-01	-4.504661e+00
9.230000e-06	1.441929e-11	-1.403569e-10	7.694191e-02	-6.976450e+00
9.240000e-06	-3.224001e-11	-1.598509e-10	-1.718565e-01	-9.448056e+00
9.250000e-06	-7.888987e-11	-1.813326e-10	-4.206043e-01	-1.191941e+01
9.260000e-06	-1.255500e-10	-2.018862e-10	-6.694069e-01	-1.439046e+01
9.270000e-06	-1.722190e-10	-2.207898e-10	-9.182566e-01	-1.686113e+01
9.280000e-06	-2.188401e-10	-2.384322e-10	-1.166852e+00	-1.933137e+01
9.290000e-06	-2.654381e-10	-2.567795e-10	-1.415323e+00	-2.180109e+01
9.300000e-06	-3.120357e-10	-2.768418e-10	-1.663793e+00	-2.427025e+01
9.310000e-06	-3.586117e-10	-2.967845e-10	-1.912147e+00	-2.673878e+01
9.320000e-06	-4.052018e-10	-3.165505e-10	-2.160577e+00	-2.920661e+01
9.330000e-06	-4.517869e-10	-3.358869e-10	-2.408980e+00	-3.167368e+01
9.340000e-06	-4.983423e-10	-3.535077e-10	-2.657224e+00	-3.413992e+01
9.350000e-06	-5.448945e-10	-3.708608e-10	-2.905452e+00	-3.660527e+01
9.360000e-06	-5.914366e-10	-3.906040e-10	-3.153625e+00	-3.906967e+01
9.370000e-06	-6.379827e-10	-4.135931e-10	-3.401820e+00	-4.153306e+01
9.380000e-06	-6.844975e-10	-4.388175e-10	-3.649848e+00	-4.399536e+01
9.390000e-06	-7.309794e-10	-4.624587e-10	-3.897701e+00	-4.645651e+01
9.400000e-06	-7.774541e-10	-4.810052e-10	-4.145515e+00	-4.891646e+01
9.410000e-06	-8.238993e-10	-4.963693e-10	-4.393171e+00	-5.137513e+01
9.420000e-06	-8.703071e-10	-5.116388e-10	-4.640629e+00	-5.383246e+01
9.430000e-06	-9.166730e-10	-5.299232e-10	-4.887864e+00	-5.628839e+01
9.440000e-06	-9.630207e-10	-5.526702e-10	-5.135001e+00	-5.874286e+01
9.450000e-06	-1.009358e-09	-5.764081e-10	-5.382081e+00	-6.119579e+01
9.460000e-06	-1.055674e-09	-5.989008e-10	-5.629050e+00	-6.364713e+01
9.470000e-06	-1.101952e-09	-6.188297e-10	-5.875814e+00	-6.609682e+01
9.480000e-06	-1.148216e-09	-6.370572e-10	-6.122507e+00	-6.854478e+01
9.490000e-06	-1.194468e-09	-6.553094e-10	-6.369134e+00	-7.099096e+01
9.500000e-06	-1.240682e-09	-6.732233e-10	-6.615558e+00	-7.343530e+01
9.510000e-06	-1.286871e-09	-6.918963e-10	-6.861849e+00	-7.587772e+01
9.520000e-06	-1.333035e-09	-7.122179e-10	-7.108007e+00	-7.831816e+01
9.530000e-06	-1.379161e-09	-7.343908e-10	-7.353963e+00	-8.075657e+01
9.540000e-06	-1.425266e-09	-7.552207e-10	-7.599804e+00	-8.319287e+01
9.550000e-06	-1.471361e-09	-7.735894e-10	-7.845596e+00	-8.562701e+01
9.560000e-06	-1.517428e-09	-7.923227e-10	-8.091236e+00	-8.805892e+01
9.570000e-06	-1.563478e-09	-8.125022e-10	-8.336786e+00	-9.048854e+01
9.580000e-06	-1.609511e-09	-8.340767e-10	-8.582248e+00	-9.291580e+01
9.590000e-06	-1.655507e-09	-8.554350e-10	-8.827509e+00	-9.534064e+01
9.600000e-06	-1.701486e-09	-8.757358e-10	-9.072681e+00	-9.776300e+01
9.610000e-06	-1.747430e-09	-8.933978e-10	-9.317666e+00	-1.001828e+02
9.620000e-06	-1.793310e-09	-9.095433e-10	-9.562310e+00	-1.026000e+02
9.630000e-06	-1.839156e-09	-9.275742e-10	-9.806773e+00	-1.050146e+02
9.640000e-06	-1.884970e-09	-9.473374e-10	-1.005106e+01	-1.074264e+02
9.650000e-06	-1.930748e-09	-9.672687e-10	-1.029516e+01	-1.098354e+02
9.660000e-06	-1.976500e-09	-9.875017e-10	-1.053913e+01	-1.122415e+02
9.670000e-06	-2.022226e-09	-1.008639e-09	-1.078295e+01	-1.146448e+02
9.680000e-06	-2.067913e-09	-1.029260e-09	-1.102656e+01	-1.170450e+02
9.690000e-06	-2.113576e-09	-1.048304e-09	-1.127005e+01	-1.194422e+02
9.700000e-06	-2.159190e-09	-1.064277e-09	-1.151327e+01	-1.218363e+02
9.710000e-06	-2.204734e-09	-1.078189e-09	-1.175613e+01	-1.242272e+02
9.720000e-06	-2.250241e-09	-1.093776e-09	-1.199878e+01	-1.266149e+02
9.730000e-06	-2.295715e-09	-1.112481e-09	-1.224126e+01	-1.289993e+02
9.740000e-06	-2.341120e-09	-1.133099e-09	-1.248337e+01	-1.313803e+02
9.750000e-06	-2.386466e-09	-1.151565e-09	-1.272516e+01	-1.337580e+02
9.760000e-06	-2.431776e-09	-1.168397e-09	-1.296676e+01	-1.361321e+02
9.770000e-06	-2.477019e-09	-1.185929e-09	-1.320801e+01	-1.385027e+02
9.780000e-06	-2.522207e-09	-1.205481e-09	-1.344896e+01	-1.408697e+02
9.790000e-06	-2.567350e-09	-1.225702e-09	-1.368968e+01	-1.432330e+02
9.800000e-06	-2.612416e-09	-1.241243e-09	-1.392998e+01	-1.455926e+02
9.810000e-06	-2.657413e-09	-1.253154e-09	-1.416992e+01	-1.479484e+02
9.820000e-06	-2.702344e-09	-1.264124e-09	-1.440950e+01	-1.503003e+02
9.830000e-06	-2.747200e-09	-1.278492e-09	-1.464868e+01	-1.526484e+02
9.840000e-06	-2.791983e-09	-1.296773e-09	-1.488747e+01	-1.549924e+02
9.850000e-06	-2.836682e-09	-1.315428e-09	-1.512582e+01	-1.573325e+02
9.860000e-06	-2.881286e-09	-1.334904e-09	-1.536366e+01	-1.596684e+02
9.870000e-06	-2.925808e-09	-1.353632e-09	-1.560106e+01	-1.620002e+02
9.880000e-06	-2.970264e-09	-1.373545e-09	-1.583811e+01	-1.643278e+02
9.890000e-06	-3.014624e-09	-1.393166e-09	-1.607465e+01	-1.666511e+02
9.900000e-06	-3.058878e-09	-1.409793e-09	-1.631062e+01	-1.689700e+02
9.910000e-06	-3.103050e-09	-1.424517e-09	-1.654615e+01	-1.712846e+02
9.920000e-06	-3.147155e-09	-1.439032e-09	-1.678133e+01	-1.735947e+02
9.930000e-06	-3.191206e-09	-1.456700e-09	-1.701622e+01	-1.759003e+02
9.940000e-06	-3.235193e-09	-1.476614e-09	-1.725077e+01	-1.782013e+02
9.950000e-06	-3.279105e-09	-1.496603e-09	-1.748492e+01	-1.804977e+02
9.960000e-06	-3.322957e-09	-1.514143e-09	-1.771875e+01	-1.827893e+02
9.970000e-06	-3.366753e-09	-1.531629e-09	-1.795229e+01	-1.850763e+02
9.980000e-06	-3.410487e-09	-1.553142e-09	-1.818548e+01	-1.873584e+02
9.990000e-06	-3.454167e-09	-1.575523e-09	-1.841840e+01	-1.896356e+02
1.000000e-05	-3.497785e-09	-1.596093e-09	-1.865098e+01	-1.919079e+02
1.001000e-05	-3.541345e-09	-1.612984e-09	-1.888325e+01	-1.941752e+02
1.002000e-05	-3.584873e-09	-1.626150e-09	-1.911535e+01	-1.964374e+02
1.003000e-05	-3.628356e-09	-1.641744e-09	-1.934722e+01	-1.986946e+02
1.004000e-05	-3.671785e-09	-1.661646e-09	-1.957879e+01	-2.009465e+02
1.005000e-05	-3.715150e-09	-1.682462e-09	-1.981003e+01	-2.031933e+02
1.006000e-05	-3.758459e-09	-1.703772e-09	-2.004096e+01	-2.054347e+02
1.007000e-05	-3.801711e-09	-1.726033e-09	-2.027159e+01	-2.076708e+02
1.008000e-05	-3.844891e-09	-1.750107e-09	-2.050184e+01	-2.099015e+02
1.009000e-05	-3.887991e-09	-1.771961e-09	-2.073165e+01	-2.121267e+02
1.010000e-05	-3.930995e-09	-1.786816e-09	-2.096096e+01	-2.143464e+02
1.011000e-05	-3.973893e-09	-1.794592e-09	-2.118971e+01	-2.165606e+02
1.012000e-05	-4.016704e-09	-1.801591e-09	-2.141799e+01	-2.187691e+02
1.013000e-05	-4.059422e-09	-1.816708e-09	-2.164576e+01	-2.209719e+02
1.014000e-05	-4.102015e-09	-1.839998e-09	-2.187288e+01	-2.231690e+02
1.015000e-05	-4.144505e-09	-1.866377e-09	-2.209945e+01	-2.253602e+02
1.016000e-05	-4.186884e-09	-1.889135e-09	-2.232542e+01	-2.275456e+02
1.017000e-05	-4.229136e-09	-1.906997e-09	-2.255072e+01	-2.297251e+02
1.018000e-05	-4.271277e-09	-1.921970e-09	-2.277543e+01	-2.318986e+02
1.019000e-05	-4.313326e-09	-1.936426e-09	-2.299964e+01	-2.340660e+02
1.020000e-05	-4.355270e-09	-1.952310e-09	-2.322330e+01	-2.362274e+02
1.021000e-05	-4.397110e-09	-1.966600e-09	-2.344640e+01	-2.383826e+02
1.022000e-05	-4.438852e-09	-1.980002e-09	-2.366897e+01	-2.405316e+02
1.023000e-05	-4.480490e-09	-1.997563e-09	-2.389100e+01	-2.426744e+02
1.024000e-05	-4.522028e-09	-2.019584e-09	-2.411249e+01	-2.448108e+02
1.025000e-05	-4.563458e-09	-2.041543e-09	-2.433341e+01	-2.469409e+02
1.026000e-05	-4.604788e-09	-2.059504e-09	-2.455378e+01	-2.490645e+02
1.027000e-05	-4.645986e-09	-2.073822e-09	-2.477346e+01	-2.511817e+02
1.028000e-05	-4.687053e-09	-2.089261e-09	-2.499244e+01	-2.532923e+02
1.029000e-05	-4.727993e-09	-2.107900e-09	-2.521074e+01	-2.553964e+02
1.030000e-05	-4.768783e-09	-2.126211e-09	-2.542824e+01	-2.574937e+02
1.031000e-05	-4.809442e-09	-2.141018e-09	-2.564505e+01	-2.595844e+02
1.032000e-05	-4.849984e-09	-2.154235e-09	-2.586123e+01	-2.616684e+02
1.033000e-05	-4.890402e-09	-2.170243e-09	-2.607675e+01	-2.637455e+02
1.034000e-05	-4.930673e-09	-2.189457e-09	-2.629148e+01	-2.658158e+02
1.035000e-05	-4.970832e-09	-2.208780e-09	-2.650562e+01	-2.678791e+02
1.036000e-05	-5.010891e-09	-2.225236e-09	-2.671922e+01	-2.699355e+02
1.037000e-05	-5.050832e-09	-2.240251e-09	-2.693220e+01	-2.719849e+02
1.038000e-05	-5.090669e-09	-2.256102e-09	-2.714462e+01	-2.740271e+02
1.039000e-05	-5.130420e-09	-2.271074e-09	-2.735658e+01	-2.760623e+02
1.040000e-05	-5.170101e-09	-2.284964e-09	-2.756817e+01	-2.780903e+02
1.041000e-05	-5.209704e-09	-2.297984e-09	-2.777935e+01	-2.801110e+02
1.042000e-05	-5.249213e-09	-2.311530e-09	-2.799002e+01	-2.821244e+02
1.043000e-05	-5.288648e-09	-2.328487e-09	-2.820029e+01	-2.841305e+02
1.044000e-05	-5.328013e-09	-2.349123e-09	-2.841020e+01	-2.861292e+02
1.045000e-05	-5.367284e-09	-2.368511e-09	-2.861960e+01	-2.881205e+02
1.046000e-05	-5.406455e-09	-2.383188e-09	-2.882847e+01	-2.901043e+02
1.047000e-05	-5.445504e-09	-2.393802e-09	-2.903669e+01	-2.920805e+02
1.048000e-05	-5.484397e-09	-2.402744e-09	-2.924408e+01	-2.940491e+02
1.049000e-05	-5.523129e-09	-2.414956e-09	-2.945061e+01	-2.960101e+02
1.050000e-05	-5.561681e-09	-2.431045e-09	-2.965617e+01	-2.979633e+02
1.051000e-05	-5.600022e-09	-2.448666e-09	-2.986062e+01	-2.999088e+02
1.052000e-05	-5.638140e-09	-2.466008e-09	-3.006387e+01	-3.018465e+02
1.053000e-05	-5.676038e-09	-2.482521e-09	-3.026595e+01	-3.037764e+02
1.054000e-05	-5.713687e-09	-2.498196e-09	-3.046670e+01	-3.056983e+02
1.055000e-05	-5.751066e-09	-2.512054e-09	-3.066601e+01	-3.076123e+02
1.056000e-05	-5.788177e-09	-2.524423e-09	-3.086390e+01	-3.095183e+02
1.057000e-05	-5.825032e-09	-2.537214e-09	-3.106042e+01	-3.114163e+02
1.058000e-05	-5.861660e-09	-2.552648e-09	-3.125572e+01	-3.133061e+02
1.059000e-05	-5.898072e-09	-2.570002e-09	-3.144988e+01	-3.151878e+02
1.060000e-05	-5.934283e-09	-2.586372e-09	-3.164297e+01	-3.170613e+02
1.061000e-05	-5.970323e-09	-2.600348e-09	-3.183514e+01	-3.189265e+02
1.062000e-05	-6.006233e-09	-2.612564e-09	-3.202662e+01	-3.207834e+02
1.063000e-05	-6.042029e-09	-2.627333e-09	-3.221750e+01	-3.226320e+02
1.064000e-05	-6.077711e-09	-2.646877e-09	-3.240776e+01	-3.244722e+02
1.065000e-05	-6.113295e-09	-2.668817e-09	-3.259750e+01	-3.263040e+02
1.066000e-05	-6.148794e-09	-2.688266e-09	-3.278679e+01	-3.281272e+02
1.067000e-05	-6.184201e-09	-2.702398e-09	-3.297559e+01	-3.299420e+02
1.068000e-05	-6.219500e-09	-2.713153e-09	-3.316382e+01	-3.317481e+02
1.069000e-05	-6.254694e-09	-2.723278e-09	-3.335148e+01	-3.335456e+02
1.070000e-05	-6.289774e-09	-2.734767e-09	-3.353854e+01	-3.353344e+02
1.071000e-05	-6.324715e-09	-2.748127e-09	-3.372485e+01	-3.371145e+02
1.072000e-05	-6.359496e-09	-2.764011e-09	-3.391031e+01	-3.388859e+02
1.073000e-05	-6.394084e-09	-2.781697e-09	-3.409474e+01	-3.406484e+02
1.074000e-05	-6.428475e-09	-2.799342e-09	-3.427812e+01	-3.424020e+02
1.075000e-05	-6.462689e-09	-2.815165e-09	-3.446056e+01	-3.441468e+02
1.076000e-05	-6.496738e-09	-2.827089e-09	-3.464211e+01	-3.458825e+02
1.077000e-05	-6.530633e-09	-2.838270e-09	-3.482285e+01	-3.476093e+02
1.078000e-05	-6.564349e-09	-2.852180e-09	-3.500263e+01	-3.493271e+02
1.079000e-05	-6.597898e-09	-2.867523e-09	-3.518152e+01	-3.510357e+02
1.080000e-05	-6.631294e-09	-2.883102e-09	-3.535960e+01	-3.527352e+02
1.081000e-05	-6.664520e-09	-2.898164e-09	-3.553677e+01	-3.544256e+02
1.082000e-05	-6.697578e-09	-2.913084e-09	-3.571304e+01	-3.561067e+02
1.083000e-05	-6.730461e-09	-2.927352e-09	-3.588838e+01	-3.577786e+02
1.084000e-05	-6.763150e-09	-2.940102e-09	-3.606269e+01	-3.594411e+02
1.085000e-05	-6.795636e-09	-2.953909e-09	-3.623591e+01	-3.610943e+02
1.086000e-05	-6.827936e-09	-2.969437e-09	-3.640814e+01	-3.627381e+02
1.087000e-05	-6.860068e-09	-2.984981e-09	-3.657948e+01	-3.643725e+02
1.088000e-05	-6.892054e-09	-2.998928e-09	-3.675004e+01	-3.659973e+02
1.089000e-05	-6.923905e-09	-3.010963e-09	-3.691987e+01	-3.676127e+02
1.090000e-05	-6.955621e-09	-3.022087e-09	-3.708899e+01	-3.692185e+02
1.091000e-05	-6.987218e-09	-3.033344e-09	-3.725747e+01	-3.708147e+02
1.092000e-05	-7.018709e-09	-3.047000e-09	-3.742539e+01	-3.724012e+02
1.093000e-05	-7.050068e-09	-3.062565e-09	-3.759261e+01	-3.739781e+02
1.094000e-05	-7.081271e-09	-3.078403e-09	-3.775899e+01	-3.755452e+02
1.095000e-05	-7.112308e-09	-3.092456e-09	-3.792448e+01	-3.771025e+02
1.096000e-05	-7.143142e-09	-3.104160e-09	-3.808890e+01	-3.786500e+02
1.097000e-05	-7.173750e-09	-3.114493e-09	-3.825211e+01	-3.801877e+02
1.098000e-05	-7.204142e-09	-3.124760e-09	-3.841416e+01	-3.817155e+02
1.099000e-05	-7.234293e-09	-3.136883e-09	-3.857493e+01	-3.832334e+02
1.100000e-05	-7.264138e-09	-3.150109e-09	-3.873408e+01	-3.847413e+02
1.101000e-05	-7.293635e-09	-3.163320e-09	-3.889136e+01	-3.862391e+02
1.102000e-05	-7.322789e-09	-3.175214e-09	-3.904681e+01	-3.877270e+02
1.103000e-05	-7.351657e-09	-3.186509e-09	-3.920075e+01	-3.892047e+02
1.104000e-05	-7.380268e-09	-3.197887e-09	-3.935331e+01	-3.906723e+02
1.105000e-05	-7.408622e-09	-3.208791e-09	-3.950450e+01	-3.921298e+02
1.106000e-05	-7.436750e-09	-3.218769e-09	-3.965448e+01	-3.935770e+02
1.107000e-05	-7.464698e-09	-3.228722e-09	-3.980350e+01	-3.950140e+02
1.108000e-05	-7.492485e-09	-3.241113e-09	-3.995167e+01	-3.964407e+02
1.109000e-05	-7.520137e-09	-3.254192e-09	-4.009912e+01	-3.978572e+02
1.110000e-05	-7.547685e-09	-3.265623e-09	-4.024601e+01	-3.992632e+02
1.111000e-05	-7.575140e-09	-3.275014e-09	-4.039241e+01	-4.006589e+02
1.112000e-05	-7.602506e-09	-3.283719e-09	-4.053833e+01	-4.020441e+02
1.113000e-05	-7.629740e-09	-3.293748e-09	-4.068355e+01	-4.034189e+02
1.114000e-05	-7.656777e-09	-3.304865e-09	-4.082772e+01	-4.047832e+02
1.115000e-05	-7.683617e-09	-3.316674e-09	-4.097084e+01	-4.061370e+02
1.116000e-05	-7.710269e-09	-3.327749e-09	-4.111295e+01	-4.074802e+02
1.117000e-05	-7.736732e-09	-3.338289e-09	-4.125406e+01	-4.088127e+02
1.118000e-05	-7.762954e-09	-3.348904e-09	-4.139388e+01	-4.101347e+02
1.119000e-05	-7.788951e-09	-3.358763e-09	-4.153250e+01	-4.114460e+02
1.120000e-05	-7.814773e-09	-3.368521e-09	-4.167019e+01	-4.127466e+02
1.121000e-05	-7.840386e-09	-3.377844e-09	-4.180676e+01	-4.140364e+02
1.122000e-05	-7.865785e-09	-3.387801e-09	-4.194220e+01	-4.153155e+02
1.123000e-05	-7.891000e-09	-3.399359e-09	-4.207665e+01	-4.165837e+02
1.124000e-05	-7.916015e-09	-3.411027e-09	-4.221003e+01	-4.178411e+02
1.125000e-05	-7.940807e-09	-3.421509e-09	-4.234224e+01	-4.190877e+02
1.126000e-05	-7.965365e-09	-3.431533e-09	-4.247318e+01	-4.203233e+02
1.127000e-05	-7.989701e-09	-3.442236e-09	-4.260295e+01	-4.215480e+02
1.128000e-05	-8.013843e-09	-3.452820e-09	-4.273168e+01	-4.227618e+02
1.129000e-05	-8.037792e-09	-3.462785e-09	-4.285938e+01	-4.239645e+02
1.130000e-05	-8.061582e-09	-3.470528e-09	-4.298623e+01	-4.251562e+02
1.131000e-05	-8.085251e-09	-3.478645e-09	-4.311244e+01	-4.263369e+02
1.132000e-05	-8.108809e-09	-3.490247e-09	-4.323806e+01	-4.275064e+02
1.133000e-05	-8.132247e-09	-3.503055e-09	-4.336304e+01	-4.286649e+02
1.134000e-05	-8.155558e-09	-3.514634e-09	-4.348734e+01	-4.298121e+02
1.135000e-05	-8.178730e-09	-3.523869e-09	-4.361090e+01	-4.309482e+02
1.136000e-05	-8.201700e-09	-3.533212e-09	-4.373338e+01	-4.320731e+02
1.137000e-05	-8.224411e-09	-3.543704e-09	-4.385448e+01	-4.331868e+02
1.138000e-05	-8.246855e-09	-3.554619e-09	-4.397416e+01	-4.342891e+02
1.139000e-05	-8.269010e-09	-3.565967e-09	-4.409229e+01	-4.353802e+02
1.140000e-05	-8.290825e-09	-3.576690e-09	-4.420862e+01	-4.364599e+02
1.141000e-05	-8.312294e-09	-3.586507e-09	-4.432309e+01	-4.375283e+02
1.142000e-05	-8.333408e-09	-3.595675e-09	-4.443567e+01	-4.385853e+02
1.143000e-05	-8.354155e-09	-3.604731e-09	-4.454630e+01	-4.396309e+02
1.144000e-05	-8.374576e-09	-3.613265e-09	-4.465519e+01	-4.406651e+02
1.145000e-05	-8.394723e-09	-3.622157e-09	-4.476262e+01	-4.416878e+02
1.146000e-05	-8.414659e-09	-3.631797e-09	-4.486893e+01	-4.426990e+02
1.147000e-05	-8.434434e-09	-3.641746e-09	-4.497437e+01	-4.436987e+02
1.148000e-05	-8.454075e-09	-3.650611e-09	-4.507910e+01	-4.446868e+02
1.149000e-05	-8.473604e-09	-3.656941e-09	-4.518324e+01	-4.456634e+02
1.150000e-05	-8.493026e-09	-3.663219e-09	-4.528680e+01	-4.466283e+02
1.151000e-05	-8.512304e-09	-3.673785e-09	-4.538959e+01	-4.475817e+02
1.152000e-05	-8.531407e-09	-3.688244e-09	-4.549145e+01	-4.485234e+02
1.153000e-05	-8.550304e-09	-3.701220e-09	-4.559222e+01	-4.494534e+02
1.154000e-05	-8.568975e-09	-3.709639e-09	-4.569178e+01	-4.503717e+02
1.155000e-05	-8.587411e-09	-3.714249e-09	-4.579008e+01	-4.512784e+02
1.156000e-05	-8.605615e-09	-3.720003e-09	-4.588715e+01	-4.521732e+02
1.157000e-05	-8.623598e-09	-3.729510e-09	-4.598304e+01	-4.530564e+02
1.158000e-05	-8.641384e-09	-3.739904e-09	-4.607788e+01	-4.539277e+02
1.159000e-05	-8.658996e-09	-3.747313e-09	-4.617179e+01	-4.547872e+02
1.160000e-05	-8.676431e-09	-3.753292e-09	-4.626476e+01	-4.556349e+02
1.161000e-05	-8.693683e-09	-3.761086e-09	-4.635675e+01	-4.564707e+02
1.162000e-05	-8.710730e-09	-3.771082e-09	-4.644765e+01	-4.572947e+02
1.163000e-05	-8.727539e-09	-3.781241e-09	-4.653728e+01	-4.581067e+02
1.164000e-05	-8.744095e-09	-3.788418e-09	-4.662556e+01	-4.589069e+02
1.165000e-05	-8.760419e-09	-3.794348e-09	-4.671260e+01	-4.596951e+02
1.166000e-05	-8.776529e-09	-3.801436e-09	-4.679850e+01	-4.604713e+02
1.167000e-05	-8.792447e-09	-3.808439e-09	-4.688339e+01	-4.612356e+02
1.168000e-05	-8.808195e-09	-3.813209e-09	-4.696735e+01	-4.619878e+02
1.169000e-05	-8.823799e-09	-3.816875e-09	-4.705056e+01	-4.627280e+02
1.170000e-05	-8.839282e-09	-3.823070e-09	-4.713312e+01	-4.634562e+02
1.171000e-05	-8.854628e-09	-3.833176e-09	-4.721495e+01	-4.641724e+02
1.172000e-05	-8.869784e-09	-3.844170e-09	-4.729577e+01	-4.648764e+02
1.173000e-05	-8.884654e-09	-3.852071e-09	-4.737505e+01	-4.655684e+02
1.174000e-05	-8.899159e-09	-3.856214e-09	-4.745240e+01	-4.662483e+02
1.175000e-05	-8.913277e-09	-3.859119e-09	-4.752768e+01	-4.669160e+02
1.176000e-05	-8.926990e-09	-3.863816e-09	-4.760080e+01	-4.675715e+02
1.177000e-05	-8.940281e-09	-3.870165e-09	-4.767167e+01	-4.682150e+02
1.178000e-05	-8.953164e-09	-3.877534e-09	-4.774037e+01	-4.688462e+02
1.179000e-05	-8.965685e-09	-3.884052e-09	-4.780713e+01	-4.694652e+02
1.180000e-05	-8.977921e-09	-3.889091e-09	-4.787238e+01	-4.700720e+02
1.181000e-05	-8.989930e-09	-3.894718e-09	-4.793641e+01	-4.706666e+02
1.182000e-05	-9.001746e-09	-3.899793e-09	-4.799942e+01	-4.712489e+02
1.183000e-05	-9.013384e-09	-3.903063e-09	-4.806147e+01	-4.718190e+02
1.184000e-05	-9.024838e-09	-3.905002e-09	-4.812255e+01	-4.723768e+02
1.185000e-05	-9.036100e-09	-3.909696e-09	-4.818260e+01	-4.729223e+02
1.186000e-05	-9.047137e-09	-3.917882e-09	-4.824146e+01	-4.734555e+02
1.187000e-05	-9.057900e-09	-3.925717e-09	-4.829884e+01	-4.739764e+02
1.188000e-05	-9.068380e-09	-3.931958e-09	-4.835473e+01	-4.744850e+02
1.189000e-05	-9.078611e-09	-3.937889e-09	-4.840928e+01	-4.749812e+02
1.190000e-05	-9.088615e-09	-3.944996e-09	-4.846263e+01	-4.754650e+02
1.191000e-05	-9.098400e-09	-3.951549e-09	-4.851480e+01	-4.759365e+02
1.192000e-05	-9.107995e-09	-3.956769e-09	-4.856597e+01	-4.763956e+02
1.193000e-05	-9.117423e-09	-3.960295e-09	-4.861624e+01	-4.768423e+02
1.194000e-05	-9.126646e-09	-3.964665e-09	-4.866542e+01	-4.772766e+02
1.195000e-05	-9.135628e-09	-3.971427e-09	-4.871331e+01	-4.776985e+02
1.196000e-05	-9.144365e-09	-3.978116e-09	-4.875990e+01	-4.781079e+02
1.197000e-05	-9.152826e-09	-3.982605e-09	-4.880502e+01	-4.785049e+02
1.198000e-05	-9.161034e-09	-3.984659e-09	-4.884878e+01	-4.788895e+02
1.199000e-05	-9.169031e-09	-3.987842e-09	-4.889143e+01	-4.792616e+02
1.200000e-05	-9.176843e-09	-3.993771e-09	-4.893308e+01	-4.796212e+02
1.201000e-05	-9.184513e-09	-4.001379e-09	-4.897398e+01	-4.799684e+02
1.202000e-05	-9.192056e-09	-4.007651e-09	-4.901420e+01	-4.803031e+02
1.203000e-05	-9.199468e-09	-4.011362e-09	-4.905372e+01	-4.806252e+02
1.204000e-05	-9.206726e-09	-4.015055e-09	-4.909242e+01	-4.809349e+02
1.205000e-05	-9.213788e-09	-4.019134e-09	-4.913008e+01	-4.812320e+02
1.206000e-05	-9.220624e-09	-4.022821e-09	-4.916653e+01	-4.815167e+02
1.207000e-05	-9.227162e-09	-4.026790e-09	-4.920139e+01	-4.817888e+02
1.208000e-05	-9.233342e-09	-4.032836e-09	-4.923435e+01	-4.820483e+02
1.209000e-05	-9.239145e-09	-4.039721e-09	-4.926529e+01	-4.822954e+02
1.210000e-05	-9.244558e-09	-4.045397e-09	-4.929416e+01	-4.825298e+02
1.211000e-05	-9.249604e-09	-4.048518e-09	-4.932106e+01	-4.827517e+02
1.212000e-05	-9.254273e-09	-4.048924e-09	-4.934596e+01	-4.829611e+02
1.213000e-05	-9.258583e-09	-4.049608e-09	-4.936894e+01	-4.831579e+02
1.214000e-05	-9.262629e-09	-4.052563e-09	-4.939052e+01	-4.833421e+02
1.215000e-05	-9.266473e-09	-4.056852e-09	-4.941101e+01	-4.835138e+02
1.216000e-05	-9.270156e-09	-4.061060e-09	-4.943065e+01	-4.836728e+02
1.217000e-05	-9.273724e-09	-4.063587e-09	-4.944968e+01	-4.838193e+02
1.218000e-05	-9.277175e-09	-4.064479e-09	-4.946808e+01	-4.839532e+02
1.219000e-05	-9.280492e-09	-4.067501e-09	-4.948576e+01	-4.840745e+02
1.220000e-05	-9.283622e-09	-4.071660e-09	-4.950246e+01	-4.841832e+02
1.221000e-05	-9.286528e-09	-4.077044e-09	-4.951795e+01	-4.842794e+02
1.222000e-05	-9.289177e-09	-4.082012e-09	-4.953208e+01	-4.843629e+02
1.223000e-05	-9.291560e-09	-4.084522e-09	-4.954478e+01	-4.844338e+02
1.224000e-05	-9.293694e-09	-4.086717e-09	-4.955617e+01	-4.844921e+02
1.225000e-05	-9.295587e-09	-4.085222e-09	-4.956626e+01	-4.845378e+02
1.226000e-05	-9.297302e-09	-4.081736e-09	-4.957540e+01	-4.845709e+02
1.227000e-05	-9.298877e-09	-4.078738e-09	-4.958380e+01	-4.845914e+02
1.228000e-05	-9.300287e-09	-4.080634e-09	-4.959132e+01	-4.845993e+02
1.229000e-05	-9.301448e-09	-4.087605e-09	-4.959751e+01	-4.845945e+02
1.230000e-05	-9.302251e-09	-4.094776e-09	-4.960179e+01	-4.845772e+02
1.231000e-05	-9.302784e-09	-4.101674e-09	-4.960463e+01	-4.845472e+02
