# Temperatura_=_20.0
# Concentracion g/m^3_=_10000.0
# C_Vs_to_Am_M_A/Vsm_=_116720831517.84952
# pendiente_HvsI_1/m_=_3716.3
# ordenada_HvsI_A/m_=_1297.0
# frecuencia_Hz_=_213229.45618571347
# Promedio de 22 ciclos

Tiempo_(s)	Campo_(V.s)	Magnetizacion_(V.s)	Campo_(kA/m)	Magnetizacion_(A/m)
0.000000e+00	-1.093200e-08	-4.660689e-09	-5.318884e+01	-5.442343e+02
1.000000e-08	-1.093072e-08	-4.659930e-09	-5.318260e+01	-5.438677e+02
2.000000e-08	-1.092744e-08	-4.651822e-09	-5.316661e+01	-5.434034e+02
3.000000e-08	-1.092233e-08	-4.645422e-09	-5.314179e+01	-5.428414e+02
4.000000e-08	-1.091554e-08	-4.636296e-09	-5.310874e+01	-5.421818e+02
5.000000e-08	-1.090708e-08	-4.628993e-09	-5.306756e+01	-5.414248e+02
6.000000e-08	-1.089655e-08	-4.629018e-09	-5.301635e+01	-5.405705e+02
7.000000e-08	-1.088386e-08	-4.635236e-09	-5.295461e+01	-5.396190e+02
8.000000e-08	-1.086916e-08	-4.657999e-09	-5.288310e+01	-5.385706e+02
9.000000e-08	-1.085206e-08	-4.586069e-09	-5.279990e+01	-5.374253e+02
1.000000e-07	-1.083264e-08	-4.503644e-09	-5.270539e+01	-5.361835e+02
1.100000e-07	-1.081118e-08	-4.535809e-09	-5.260098e+01	-5.348452e+02
1.200000e-07	-1.078789e-08	-4.503408e-09	-5.248766e+01	-5.334109e+02
1.300000e-07	-1.076313e-08	-4.579046e-09	-5.236721e+01	-5.318806e+02
1.400000e-07	-1.073688e-08	-4.666406e-09	-5.223947e+01	-5.302548e+02
1.500000e-07	-1.070873e-08	-4.435180e-09	-5.210252e+01	-5.285337e+02
1.600000e-07	-1.067868e-08	-4.562668e-09	-5.195631e+01	-5.267175e+02
1.700000e-07	-1.064717e-08	-4.584247e-09	-5.180300e+01	-5.248067e+02
1.800000e-07	-1.061366e-08	-4.212518e-09	-5.163996e+01	-5.228016e+02
1.900000e-07	-1.057796e-08	-4.436169e-09	-5.146627e+01	-5.207025e+02
2.000000e-07	-1.054090e-08	-4.475331e-09	-5.128598e+01	-5.185098e+02
2.100000e-07	-1.050204e-08	-4.246747e-09	-5.109688e+01	-5.162239e+02
2.200000e-07	-1.046112e-08	-4.472124e-09	-5.089780e+01	-5.138452e+02
2.300000e-07	-1.041823e-08	-4.378325e-09	-5.068912e+01	-5.113742e+02
2.400000e-07	-1.037311e-08	-4.225028e-09	-5.046961e+01	-5.088112e+02
2.500000e-07	-1.032618e-08	-4.359666e-09	-5.024125e+01	-5.061568e+02
2.600000e-07	-1.027745e-08	-4.216245e-09	-5.000417e+01	-5.034114e+02
2.700000e-07	-1.022641e-08	-4.210131e-09	-4.975586e+01	-5.005755e+02
2.800000e-07	-1.017322e-08	-4.285978e-09	-4.949703e+01	-4.976496e+02
2.900000e-07	-1.011819e-08	-4.247671e-09	-4.922928e+01	-4.946343e+02
3.000000e-07	-1.006141e-08	-4.252651e-09	-4.895305e+01	-4.915301e+02
3.100000e-07	-1.000274e-08	-4.171313e-09	-4.866761e+01	-4.883375e+02
3.200000e-07	-9.942129e-09	-4.099335e-09	-4.837269e+01	-4.850571e+02
3.300000e-07	-9.879820e-09	-4.045773e-09	-4.806953e+01	-4.816896e+02
3.400000e-07	-9.815922e-09	-4.078709e-09	-4.775864e+01	-4.782354e+02
3.500000e-07	-9.750301e-09	-4.080808e-09	-4.743937e+01	-4.746953e+02
3.600000e-07	-9.682733e-09	-4.014197e-09	-4.711062e+01	-4.710698e+02
3.700000e-07	-9.613331e-09	-4.044236e-09	-4.677295e+01	-4.673597e+02
3.800000e-07	-9.542313e-09	-3.969713e-09	-4.642742e+01	-4.635655e+02
3.900000e-07	-9.469591e-09	-3.909162e-09	-4.607360e+01	-4.596880e+02
4.000000e-07	-9.395041e-09	-3.895340e-09	-4.571088e+01	-4.557279e+02
4.100000e-07	-9.318600e-09	-3.822792e-09	-4.533896e+01	-4.516858e+02
4.200000e-07	-9.240263e-09	-3.835483e-09	-4.495782e+01	-4.475626e+02
4.300000e-07	-9.160032e-09	-3.824342e-09	-4.456747e+01	-4.433588e+02
4.400000e-07	-9.078007e-09	-3.787785e-09	-4.416838e+01	-4.390754e+02
4.500000e-07	-8.994510e-09	-3.734329e-09	-4.376213e+01	-4.347130e+02
4.600000e-07	-8.909697e-09	-3.667114e-09	-4.334948e+01	-4.302725e+02
4.700000e-07	-8.823522e-09	-3.636410e-09	-4.293020e+01	-4.257546e+02
4.800000e-07	-8.735895e-09	-3.593474e-09	-4.250386e+01	-4.211601e+02
4.900000e-07	-8.646719e-09	-3.582807e-09	-4.206998e+01	-4.164900e+02
5.000000e-07	-8.555935e-09	-3.549968e-09	-4.162828e+01	-4.117449e+02
5.100000e-07	-8.463571e-09	-3.501610e-09	-4.117889e+01	-4.069258e+02
5.200000e-07	-8.369760e-09	-3.461810e-09	-4.072246e+01	-4.020336e+02
5.300000e-07	-8.274525e-09	-3.400767e-09	-4.025910e+01	-3.970690e+02
5.400000e-07	-8.177742e-09	-3.361021e-09	-3.978821e+01	-3.920331e+02
5.500000e-07	-8.079387e-09	-3.318979e-09	-3.930968e+01	-3.869266e+02
5.600000e-07	-7.979473e-09	-3.279572e-09	-3.882355e+01	-3.817506e+02
5.700000e-07	-7.878121e-09	-3.246190e-09	-3.833043e+01	-3.765059e+02
5.800000e-07	-7.775481e-09	-3.206353e-09	-3.783104e+01	-3.711935e+02
5.900000e-07	-7.671496e-09	-3.161087e-09	-3.732511e+01	-3.658144e+02
6.000000e-07	-7.566105e-09	-3.099245e-09	-3.681234e+01	-3.603695e+02
6.100000e-07	-7.459252e-09	-3.043427e-09	-3.629246e+01	-3.548597e+02
6.200000e-07	-7.350983e-09	-2.999531e-09	-3.576568e+01	-3.492861e+02
6.300000e-07	-7.241415e-09	-2.966543e-09	-3.523259e+01	-3.436498e+02
6.400000e-07	-7.130627e-09	-2.935213e-09	-3.469356e+01	-3.379515e+02
6.500000e-07	-7.018629e-09	-2.884021e-09	-3.414864e+01	-3.321926e+02
6.600000e-07	-6.905352e-09	-2.825824e-09	-3.359750e+01	-3.263738e+02
6.700000e-07	-6.790707e-09	-2.768675e-09	-3.303970e+01	-3.204963e+02
6.800000e-07	-6.674633e-09	-2.716212e-09	-3.247496e+01	-3.145612e+02
6.900000e-07	-6.557196e-09	-2.671497e-09	-3.190358e+01	-3.085695e+02
7.000000e-07	-6.438605e-09	-2.623719e-09	-3.132658e+01	-3.025223e+02
7.100000e-07	-6.318967e-09	-2.576847e-09	-3.074449e+01	-2.964206e+02
7.200000e-07	-6.198220e-09	-2.531603e-09	-3.015701e+01	-2.902656e+02
7.300000e-07	-6.076376e-09	-2.482261e-09	-2.956419e+01	-2.840584e+02
7.400000e-07	-5.953421e-09	-2.427186e-09	-2.896596e+01	-2.778001e+02
7.500000e-07	-5.829342e-09	-2.367095e-09	-2.836226e+01	-2.714918e+02
7.600000e-07	-5.704203e-09	-2.310241e-09	-2.775341e+01	-2.651346e+02
7.700000e-07	-5.578135e-09	-2.259578e-09	-2.714003e+01	-2.587297e+02
7.800000e-07	-5.451172e-09	-2.208650e-09	-2.652230e+01	-2.522782e+02
7.900000e-07	-5.323261e-09	-2.155743e-09	-2.589996e+01	-2.457813e+02
8.000000e-07	-5.194395e-09	-2.101829e-09	-2.527298e+01	-2.392402e+02
8.100000e-07	-5.064605e-09	-2.048205e-09	-2.464149e+01	-2.326560e+02
8.200000e-07	-4.933883e-09	-1.995443e-09	-2.400548e+01	-2.260299e+02
8.300000e-07	-4.802190e-09	-1.938309e-09	-2.336474e+01	-2.193631e+02
8.400000e-07	-4.669590e-09	-1.878965e-09	-2.271958e+01	-2.126568e+02
8.500000e-07	-4.536209e-09	-1.818575e-09	-2.207062e+01	-2.059122e+02
8.600000e-07	-4.402140e-09	-1.758130e-09	-2.141832e+01	-1.991305e+02
8.700000e-07	-4.267318e-09	-1.702330e-09	-2.076235e+01	-1.923129e+02
8.800000e-07	-4.131638e-09	-1.648028e-09	-2.010221e+01	-1.854607e+02
8.900000e-07	-3.995143e-09	-1.592690e-09	-1.943811e+01	-1.785751e+02
9.000000e-07	-3.857910e-09	-1.534536e-09	-1.877041e+01	-1.716572e+02
9.100000e-07	-3.719967e-09	-1.475518e-09	-1.809926e+01	-1.647085e+02
9.200000e-07	-3.581334e-09	-1.416723e-09	-1.742476e+01	-1.577300e+02
9.300000e-07	-3.441991e-09	-1.356309e-09	-1.674680e+01	-1.507231e+02
9.400000e-07	-3.301903e-09	-1.295763e-09	-1.606521e+01	-1.436891e+02
9.500000e-07	-3.161070e-09	-1.234443e-09	-1.538000e+01	-1.366291e+02
9.600000e-07	-3.019550e-09	-1.173965e-09	-1.469144e+01	-1.295444e+02
9.700000e-07	-2.877457e-09	-1.117592e-09	-1.400010e+01	-1.224364e+02
9.800000e-07	-2.734863e-09	-1.060809e-09	-1.330632e+01	-1.153062e+02
9.900000e-07	-2.591761e-09	-1.000964e-09	-1.261008e+01	-1.081553e+02
1.000000e-06	-2.448157e-09	-9.394360e-10	-1.191138e+01	-1.009847e+02
1.010000e-06	-2.304090e-09	-8.794479e-10	-1.121043e+01	-9.379597e+01
1.020000e-06	-2.159589e-09	-8.211738e-10	-1.050738e+01	-8.659024e+01
1.030000e-06	-2.014691e-09	-7.610341e-10	-9.802385e+00	-7.936883e+01
1.040000e-06	-1.869432e-09	-6.992852e-10	-9.095640e+00	-7.213304e+01
1.050000e-06	-1.723848e-09	-6.365556e-10	-8.387310e+00	-6.488417e+01
1.060000e-06	-1.577973e-09	-5.750201e-10	-7.677570e+00	-5.762353e+01
1.070000e-06	-1.431836e-09	-5.148560e-10	-6.966547e+00	-5.035242e+01
1.080000e-06	-1.285472e-09	-4.539350e-10	-6.254426e+00	-4.307213e+01
1.090000e-06	-1.138916e-09	-3.907648e-10	-5.541368e+00	-3.578398e+01
1.100000e-06	-9.922026e-10	-3.262935e-10	-4.827543e+00	-2.848928e+01
1.110000e-06	-8.453321e-10	-2.638600e-10	-4.112954e+00	-2.118934e+01
1.120000e-06	-6.982988e-10	-2.021406e-10	-3.397574e+00	-1.388546e+01
1.130000e-06	-5.511548e-10	-1.403134e-10	-2.681655e+00	-6.578953e+00
1.140000e-06	-4.039406e-10	-7.764788e-11	-1.965394e+00	7.288636e-01
1.150000e-06	-2.566695e-10	-1.419220e-11	-1.248857e+00	8.036680e+00
1.160000e-06	-1.093677e-10	4.756252e-11	-5.321699e-01	1.534319e+01
1.170000e-06	3.795725e-11	1.095228e-10	1.846298e-01	2.264707e+01
1.180000e-06	1.852999e-10	1.724709e-10	9.015152e-01	2.994702e+01
1.190000e-06	3.326270e-10	2.366329e-10	1.618325e+00	3.724172e+01
1.200000e-06	4.798972e-10	3.007579e-10	2.334858e+00	4.452988e+01
1.210000e-06	6.270691e-10	3.624768e-10	3.050913e+00	5.181017e+01
1.220000e-06	7.741220e-10	4.238348e-10	3.766388e+00	5.908129e+01
1.230000e-06	9.210478e-10	4.863746e-10	4.481246e+00	6.634194e+01
1.240000e-06	1.067823e-09	5.525384e-10	5.195372e+00	7.359081e+01
1.250000e-06	1.214405e-09	6.188073e-10	5.908555e+00	8.082661e+01
1.260000e-06	1.360762e-09	6.825803e-10	6.620645e+00	8.804803e+01
1.270000e-06	1.506867e-09	7.449963e-10	7.331510e+00	9.525378e+01
1.280000e-06	1.652674e-09	8.046722e-10	8.040921e+00	1.024426e+02
1.290000e-06	1.798168e-09	8.646125e-10	8.748808e+00	1.096131e+02
1.300000e-06	1.943338e-09	9.253448e-10	9.455125e+00	1.167641e+02
1.310000e-06	2.088144e-09	9.873345e-10	1.015967e+01	1.238942e+02
1.320000e-06	2.232559e-09	1.050886e-09	1.086231e+01	1.310023e+02
1.330000e-06	2.376529e-09	1.114322e-09	1.156278e+01	1.380870e+02
1.340000e-06	2.520003e-09	1.178802e-09	1.226084e+01	1.451470e+02
1.350000e-06	2.662987e-09	1.242812e-09	1.295652e+01	1.521811e+02
1.360000e-06	2.805483e-09	1.304478e-09	1.364982e+01	1.591880e+02
1.370000e-06	2.947468e-09	1.364739e-09	1.434064e+01	1.661665e+02
1.380000e-06	3.088898e-09	1.424386e-09	1.502875e+01	1.731152e+02
1.390000e-06	3.229692e-09	1.486332e-09	1.571378e+01	1.800331e+02
1.400000e-06	3.369778e-09	1.550010e-09	1.639535e+01	1.869187e+02
1.410000e-06	3.509148e-09	1.612774e-09	1.707345e+01	1.937710e+02
1.420000e-06	3.647828e-09	1.672928e-09	1.774819e+01	2.005886e+02
1.430000e-06	3.785830e-09	1.732196e-09	1.841962e+01	2.073703e+02
1.440000e-06	3.923127e-09	1.793797e-09	1.908763e+01	2.141149e+02
1.450000e-06	4.059687e-09	1.855863e-09	1.975205e+01	2.208212e+02
1.460000e-06	4.195484e-09	1.917378e-09	2.041276e+01	2.274881e+02
1.470000e-06	4.330498e-09	1.976621e-09	2.106966e+01	2.341142e+02
1.480000e-06	4.464755e-09	2.034986e-09	2.172288e+01	2.406984e+02
1.490000e-06	4.598294e-09	2.094894e-09	2.237260e+01	2.472396e+02
1.500000e-06	4.731074e-09	2.153054e-09	2.301863e+01	2.537365e+02
1.510000e-06	4.862988e-09	2.210232e-09	2.366045e+01	2.601880e+02
1.520000e-06	4.993992e-09	2.267536e-09	2.429784e+01	2.665930e+02
1.530000e-06	5.124104e-09	2.326935e-09	2.493089e+01	2.729502e+02
1.540000e-06	5.253299e-09	2.388991e-09	2.555948e+01	2.792586e+02
1.550000e-06	5.381553e-09	2.450510e-09	2.618349e+01	2.855169e+02
1.560000e-06	5.508843e-09	2.508476e-09	2.680281e+01	2.917242e+02
1.570000e-06	5.635175e-09	2.561713e-09	2.741747e+01	2.978792e+02
1.580000e-06	5.760623e-09	2.614251e-09	2.802783e+01	3.039809e+02
1.590000e-06	5.885125e-09	2.667261e-09	2.863359e+01	3.100282e+02
1.600000e-06	6.008532e-09	2.721648e-09	2.923401e+01	3.160199e+02
1.610000e-06	6.130823e-09	2.777053e-09	2.982901e+01	3.219551e+02
1.620000e-06	6.252007e-09	2.832016e-09	3.041862e+01	3.278326e+02
1.630000e-06	6.372048e-09	2.887955e-09	3.100267e+01	3.336514e+02
1.640000e-06	6.490932e-09	2.943942e-09	3.158109e+01	3.394104e+02
1.650000e-06	6.608647e-09	2.998334e-09	3.215383e+01	3.451087e+02
1.660000e-06	6.725099e-09	3.048620e-09	3.272041e+01	3.507451e+02
1.670000e-06	6.840171e-09	3.096365e-09	3.328029e+01	3.563187e+02
1.680000e-06	6.953862e-09	3.144583e-09	3.383344e+01	3.618285e+02
1.690000e-06	7.066230e-09	3.194866e-09	3.438016e+01	3.672735e+02
1.700000e-06	7.177328e-09	3.247459e-09	3.492070e+01	3.726527e+02
1.710000e-06	7.287250e-09	3.299756e-09	3.545552e+01	3.779651e+02
1.720000e-06	7.396021e-09	3.350304e-09	3.598473e+01	3.832098e+02
1.730000e-06	7.503484e-09	3.398010e-09	3.650759e+01	3.883859e+02
1.740000e-06	7.609523e-09	3.443633e-09	3.702351e+01	3.934924e+02
1.750000e-06	7.714147e-09	3.488640e-09	3.753256e+01	3.985284e+02
1.760000e-06	7.817376e-09	3.533334e-09	3.803481e+01	4.034930e+02
1.770000e-06	7.919271e-09	3.577297e-09	3.853057e+01	4.083853e+02
1.780000e-06	8.019851e-09	3.620223e-09	3.901993e+01	4.132045e+02
1.790000e-06	8.118947e-09	3.665481e-09	3.950208e+01	4.179496e+02
1.800000e-06	8.216473e-09	3.712443e-09	3.997658e+01	4.226198e+02
1.810000e-06	8.312488e-09	3.758562e-09	4.044374e+01	4.272143e+02
1.820000e-06	8.407069e-09	3.801984e-09	4.090392e+01	4.317323e+02
1.830000e-06	8.500319e-09	3.839642e-09	4.135762e+01	4.361728e+02
1.840000e-06	8.592198e-09	3.874150e-09	4.180465e+01	4.405353e+02
1.850000e-06	8.682504e-09	3.910053e-09	4.224402e+01	4.448188e+02
1.860000e-06	8.771162e-09	3.949231e-09	4.267538e+01	4.490226e+02
1.870000e-06	8.858251e-09	3.989713e-09	4.309911e+01	4.531459e+02
1.880000e-06	8.943864e-09	4.029586e-09	4.351565e+01	4.571880e+02
1.890000e-06	9.028073e-09	4.066952e-09	4.392537e+01	4.611482e+02
1.900000e-06	9.110765e-09	4.102248e-09	4.432770e+01	4.650258e+02
1.910000e-06	9.191770e-09	4.136596e-09	4.472182e+01	4.688200e+02
1.920000e-06	9.271071e-09	4.168510e-09	4.510765e+01	4.725302e+02
1.930000e-06	9.348708e-09	4.199012e-09	4.548539e+01	4.761557e+02
1.940000e-06	9.424617e-09	4.228492e-09	4.585472e+01	4.796959e+02
1.950000e-06	9.498634e-09	4.258106e-09	4.621485e+01	4.831501e+02
1.960000e-06	9.570813e-09	4.289253e-09	4.656603e+01	4.865177e+02
1.970000e-06	9.641300e-09	4.320673e-09	4.690898e+01	4.897982e+02
1.980000e-06	9.710191e-09	4.350184e-09	4.724416e+01	4.929908e+02
1.990000e-06	9.777386e-09	4.376504e-09	4.757110e+01	4.960951e+02
2.000000e-06	9.842699e-09	4.402077e-09	4.788887e+01	4.991105e+02
2.010000e-06	9.906244e-09	4.426845e-09	4.819804e+01	5.020364e+02
2.020000e-06	9.968166e-09	4.452182e-09	4.849932e+01	5.048724e+02
2.030000e-06	1.002853e-08	4.475081e-09	4.879304e+01	5.076178e+02
2.040000e-06	1.008713e-08	4.495348e-09	4.907812e+01	5.102723e+02
2.050000e-06	1.014378e-08	4.515486e-09	4.935377e+01	5.128354e+02
2.060000e-06	1.019862e-08	4.534949e-09	4.962059e+01	5.153065e+02
2.070000e-06	1.025158e-08	4.555718e-09	4.987825e+01	5.176852e+02
2.080000e-06	1.030235e-08	4.574585e-09	5.012528e+01	5.199712e+02
2.090000e-06	1.035096e-08	4.593292e-09	5.036177e+01	5.221639e+02
2.100000e-06	1.039773e-08	4.612922e-09	5.058932e+01	5.242631e+02
2.110000e-06	1.044284e-08	4.633185e-09	5.080882e+01	5.262683e+02
2.120000e-06	1.048620e-08	4.651847e-09	5.101978e+01	5.281792e+02
2.130000e-06	1.052755e-08	4.664174e-09	5.122099e+01	5.299954e+02
2.140000e-06	1.056700e-08	4.672889e-09	5.141292e+01	5.317166e+02
2.150000e-06	1.060471e-08	4.681769e-09	5.159641e+01	5.333425e+02
2.160000e-06	1.064073e-08	4.693862e-09	5.177163e+01	5.348728e+02
2.170000e-06	1.067478e-08	4.708145e-09	5.193730e+01	5.363072e+02
2.180000e-06	1.070681e-08	4.722144e-09	5.209317e+01	5.376455e+02
2.190000e-06	1.073710e-08	4.735514e-09	5.224054e+01	5.388875e+02
2.200000e-06	1.076573e-08	4.746669e-09	5.237980e+01	5.400328e+02
2.210000e-06	1.079237e-08	4.755477e-09	5.250945e+01	5.410813e+02
2.220000e-06	1.081684e-08	4.761048e-09	5.262850e+01	5.420329e+02
2.230000e-06	1.083941e-08	4.763297e-09	5.273829e+01	5.428873e+02
2.240000e-06	1.086027e-08	4.764691e-09	5.283982e+01	5.436443e+02
2.250000e-06	1.087941e-08	4.768387e-09	5.293291e+01	5.443040e+02
2.260000e-06	1.089654e-08	4.776828e-09	5.301628e+01	5.448660e+02
2.270000e-06	1.091159e-08	4.786986e-09	5.308951e+01	5.453304e+02
2.280000e-06	1.092465e-08	4.794214e-09	5.315303e+01	5.456971e+02
2.290000e-06	1.093550e-08	4.796607e-09	5.320582e+01	5.459659e+02
2.300000e-06	1.094417e-08	4.794611e-09	5.324799e+01	5.461368e+02
2.310000e-06	1.095092e-08	4.791463e-09	5.328087e+01	5.462099e+02
2.320000e-06	1.095590e-08	4.789396e-09	5.330508e+01	5.461851e+02
2.330000e-06	1.095900e-08	4.788806e-09	5.332017e+01	5.460623e+02
2.340000e-06	1.096003e-08	4.785721e-09	5.332520e+01	5.458417e+02
2.350000e-06	1.095917e-08	4.782438e-09	5.332100e+01	5.455232e+02
2.360000e-06	1.095662e-08	4.786551e-09	5.330858e+01	5.451069e+02
2.370000e-06	1.095239e-08	4.785787e-09	5.328802e+01	5.445930e+02
2.380000e-06	1.094617e-08	4.782158e-09	5.325776e+01	5.439814e+02
2.390000e-06	1.093801e-08	4.780374e-09	5.321807e+01	5.432723e+02
2.400000e-06	1.092821e-08	4.774531e-09	5.317034e+01	5.424658e+02
2.410000e-06	1.091660e-08	4.753891e-09	5.311389e+01	5.415621e+02
2.420000e-06	1.090287e-08	4.700300e-09	5.304709e+01	5.405613e+02
2.430000e-06	1.088722e-08	4.799202e-09	5.297093e+01	5.394636e+02
2.440000e-06	1.086960e-08	4.870001e-09	5.288520e+01	5.382692e+02
2.450000e-06	1.084921e-08	4.819148e-09	5.278600e+01	5.369783e+02
2.460000e-06	1.082606e-08	4.833166e-09	5.267338e+01	5.355912e+02
2.470000e-06	1.080109e-08	4.594582e-09	5.255186e+01	5.341080e+02
2.480000e-06	1.077524e-08	4.650435e-09	5.242612e+01	5.325292e+02
2.490000e-06	1.074831e-08	4.759759e-09	5.229508e+01	5.308548e+02
2.500000e-06	1.071897e-08	4.325681e-09	5.215232e+01	5.290854e+02
2.510000e-06	1.068762e-08	4.374424e-09	5.199977e+01	5.272210e+02
2.520000e-06	1.065497e-08	4.361756e-09	5.184095e+01	5.252622e+02
2.530000e-06	1.062021e-08	3.904667e-09	5.167183e+01	5.232092e+02
2.540000e-06	1.058366e-08	4.106724e-09	5.149400e+01	5.210625e+02
2.550000e-06	1.054535e-08	4.116486e-09	5.130761e+01	5.188223e+02
2.560000e-06	1.050465e-08	3.902990e-09	5.110959e+01	5.164892e+02
2.570000e-06	1.046234e-08	4.271505e-09	5.090370e+01	5.140635e+02
2.580000e-06	1.041849e-08	4.141045e-09	5.069039e+01	5.115456e+02
2.590000e-06	1.037260e-08	4.096113e-09	5.046709e+01	5.089360e+02
2.600000e-06	1.032488e-08	4.314453e-09	5.023492e+01	5.062353e+02
2.610000e-06	1.027505e-08	4.013962e-09	4.999246e+01	5.034438e+02
2.620000e-06	1.022319e-08	4.123732e-09	4.974017e+01	5.005620e+02
2.630000e-06	1.016946e-08	4.103685e-09	4.947874e+01	4.975905e+02
2.640000e-06	1.011357e-08	3.945390e-09	4.920682e+01	4.945299e+02
2.650000e-06	1.005596e-08	4.186626e-09	4.892649e+01	4.913806e+02
2.660000e-06	9.996607e-09	4.092850e-09	4.863774e+01	4.881432e+02
2.670000e-06	9.935323e-09	4.121049e-09	4.833956e+01	4.848184e+02
2.680000e-06	9.872190e-09	4.043137e-09	4.803240e+01	4.814066e+02
2.690000e-06	9.807232e-09	3.897382e-09	4.771635e+01	4.779086e+02
2.700000e-06	9.740678e-09	3.987546e-09	4.739254e+01	4.743249e+02
2.710000e-06	9.672326e-09	3.844315e-09	4.705997e+01	4.706563e+02
2.720000e-06	9.602058e-09	3.959298e-09	4.671809e+01	4.669032e+02
2.730000e-06	9.530088e-09	3.899787e-09	4.636793e+01	4.630665e+02
2.740000e-06	9.456363e-09	3.798960e-09	4.600922e+01	4.591468e+02
2.750000e-06	9.380988e-09	3.885027e-09	4.564249e+01	4.551448e+02
2.760000e-06	9.303608e-09	3.723519e-09	4.526601e+01	4.510612e+02
2.770000e-06	9.224268e-09	3.763926e-09	4.487999e+01	4.468968e+02
2.780000e-06	9.143429e-09	3.682214e-09	4.448667e+01	4.426524e+02
2.790000e-06	9.061113e-09	3.635064e-09	4.408617e+01	4.383285e+02
2.800000e-06	8.977358e-09	3.678448e-09	4.367866e+01	4.339262e+02
2.810000e-06	8.891865e-09	3.599515e-09	4.326270e+01	4.294461e+02
2.820000e-06	8.804631e-09	3.621639e-09	4.283827e+01	4.248890e+02
2.830000e-06	8.715859e-09	3.497972e-09	4.240636e+01	4.202558e+02
2.840000e-06	8.625608e-09	3.457123e-09	4.196725e+01	4.155472e+02
2.850000e-06	8.533956e-09	3.436446e-09	4.152132e+01	4.107643e+02
2.860000e-06	8.440773e-09	3.405818e-09	4.106795e+01	4.059077e+02
2.870000e-06	8.346047e-09	3.422036e-09	4.060707e+01	4.009784e+02
2.880000e-06	8.249771e-09	3.324498e-09	4.013865e+01	3.959772e+02
2.890000e-06	8.152089e-09	3.280988e-09	3.966338e+01	3.909051e+02
2.900000e-06	8.053055e-09	3.224234e-09	3.918154e+01	3.857629e+02
2.910000e-06	7.952516e-09	3.189261e-09	3.869237e+01	3.805516e+02
2.920000e-06	7.850491e-09	3.164514e-09	3.819598e+01	3.752722e+02
2.930000e-06	7.746922e-09	3.106471e-09	3.769208e+01	3.699255e+02
2.940000e-06	7.642022e-09	3.073609e-09	3.718169e+01	3.645125e+02
2.950000e-06	7.535877e-09	3.029387e-09	3.666525e+01	3.590343e+02
2.960000e-06	7.428455e-09	2.994010e-09	3.614260e+01	3.534917e+02
2.970000e-06	7.319772e-09	2.936874e-09	3.561381e+01	3.478858e+02
2.980000e-06	7.209760e-09	2.864812e-09	3.507855e+01	3.422175e+02
2.990000e-06	7.098440e-09	2.816001e-09	3.453693e+01	3.364880e+02
3.000000e-06	6.985743e-09	2.772277e-09	3.398862e+01	3.306982e+02
3.010000e-06	6.871752e-09	2.747517e-09	3.343400e+01	3.248491e+02
3.020000e-06	6.756420e-09	2.705427e-09	3.287287e+01	3.189419e+02
3.030000e-06	6.639699e-09	2.637448e-09	3.230497e+01	3.129776e+02
3.040000e-06	6.521633e-09	2.576526e-09	3.173053e+01	3.069571e+02
3.050000e-06	6.402256e-09	2.514486e-09	3.114971e+01	3.008818e+02
3.060000e-06	6.281756e-09	2.476203e-09	3.056343e+01	2.947525e+02
3.070000e-06	6.160284e-09	2.430821e-09	2.997241e+01	2.885705e+02
3.080000e-06	6.037823e-09	2.379432e-09	2.937659e+01	2.823367e+02
3.090000e-06	5.914259e-09	2.322997e-09	2.877540e+01	2.760525e+02
3.100000e-06	5.789546e-09	2.265230e-09	2.816862e+01	2.697187e+02
3.110000e-06	5.663836e-09	2.217105e-09	2.755699e+01	2.633367e+02
3.120000e-06	5.537163e-09	2.159486e-09	2.694067e+01	2.569076e+02
3.130000e-06	5.409444e-09	2.105286e-09	2.631926e+01	2.504325e+02
3.140000e-06	5.280711e-09	2.046153e-09	2.569292e+01	2.439125e+02
3.150000e-06	5.151109e-09	2.000120e-09	2.506236e+01	2.373489e+02
3.160000e-06	5.020718e-09	1.952527e-09	2.442795e+01	2.307428e+02
3.170000e-06	4.889439e-09	1.894684e-09	2.378922e+01	2.240954e+02
3.180000e-06	4.757267e-09	1.828011e-09	2.314615e+01	2.174079e+02
3.190000e-06	4.624228e-09	1.757445e-09	2.249885e+01	2.106815e+02
3.200000e-06	4.490396e-09	1.704730e-09	2.184771e+01	2.039173e+02
3.210000e-06	4.355782e-09	1.654877e-09	2.119275e+01	1.971168e+02
3.220000e-06	4.220322e-09	1.603350e-09	2.053368e+01	1.902809e+02
3.230000e-06	4.084060e-09	1.544026e-09	1.987071e+01	1.834110e+02
3.240000e-06	3.947083e-09	1.480941e-09	1.920426e+01	1.765083e+02
3.250000e-06	3.809432e-09	1.420997e-09	1.853453e+01	1.695741e+02
3.260000e-06	3.671086e-09	1.360671e-09	1.786142e+01	1.626095e+02
3.270000e-06	3.532051e-09	1.300995e-09	1.718496e+01	1.556159e+02
3.280000e-06	3.392349e-09	1.239534e-09	1.650524e+01	1.485944e+02
3.290000e-06	3.252010e-09	1.183907e-09	1.582244e+01	1.415464e+02
3.300000e-06	3.111059e-09	1.133608e-09	1.513665e+01	1.344732e+02
3.310000e-06	2.969518e-09	1.078730e-09	1.444800e+01	1.273758e+02
3.320000e-06	2.827408e-09	1.017556e-09	1.375657e+01	1.202558e+02
3.330000e-06	2.684768e-09	9.501179e-10	1.306257e+01	1.131143e+02
3.340000e-06	2.541627e-09	8.863550e-10	1.236613e+01	1.059526e+02
3.350000e-06	2.397985e-09	8.288327e-10	1.166725e+01	9.877195e+01
3.360000e-06	2.253894e-09	7.725612e-10	1.096619e+01	9.157373e+01
3.370000e-06	2.109424e-09	7.147671e-10	1.026328e+01	8.435919e+01
3.380000e-06	1.964615e-09	6.524682e-10	9.558720e+00	7.712962e+01
3.390000e-06	1.819518e-09	5.903029e-10	8.852762e+00	6.988632e+01
3.400000e-06	1.674152e-09	5.285291e-10	8.145494e+00	6.263060e+01
3.410000e-06	1.528533e-09	4.678650e-10	7.436992e+00	5.536375e+01
3.420000e-06	1.382683e-09	4.065140e-10	6.727371e+00	4.808708e+01
3.430000e-06	1.236639e-09	3.429897e-10	6.016804e+00	4.080190e+01
3.440000e-06	1.090398e-09	2.820578e-10	5.305278e+00	3.350951e+01
3.450000e-06	9.439512e-10	2.236717e-10	4.592752e+00	2.621121e+01
3.460000e-06	7.973204e-10	1.667585e-10	3.879332e+00	1.890833e+01
3.470000e-06	6.505424e-10	1.067251e-10	3.165194e+00	1.160217e+01
3.480000e-06	5.036562e-10	4.284734e-11	2.450530e+00	4.294037e+00
3.490000e-06	3.566930e-10	-2.119990e-11	1.735491e+00	-3.014749e+00
3.500000e-06	2.096671e-10	-8.317028e-11	1.020148e+00	-1.032288e+01
3.510000e-06	6.259086e-11	-1.435305e-10	3.045592e-01	-1.762904e+01
3.520000e-06	-8.449419e-11	-2.063073e-10	-4.110721e-01	-2.493193e+01
3.530000e-06	-2.315522e-10	-2.702822e-10	-1.126572e+00	-3.223023e+01
3.540000e-06	-3.785561e-10	-3.320154e-10	-1.841808e+00	-3.952263e+01
3.550000e-06	-5.254749e-10	-3.905471e-10	-2.556631e+00	-4.680782e+01
3.560000e-06	-6.723034e-10	-4.458354e-10	-3.271014e+00	-5.408449e+01
3.570000e-06	-8.190209e-10	-5.050665e-10	-3.984857e+00	-6.135135e+01
3.580000e-06	-9.655634e-10	-5.711616e-10	-4.697849e+00	-6.860708e+01
3.590000e-06	-1.111919e-09	-6.374272e-10	-5.409931e+00	-7.585038e+01
3.600000e-06	-1.258061e-09	-6.995877e-10	-6.120975e+00	-8.307996e+01
3.610000e-06	-1.403962e-09	-7.569957e-10	-6.830847e+00	-9.029451e+01
3.620000e-06	-1.549631e-09	-8.151872e-10	-7.539586e+00	-9.749275e+01
3.630000e-06	-1.695049e-09	-8.771151e-10	-8.247109e+00	-1.046734e+02
3.640000e-06	-1.840196e-09	-9.387911e-10	-8.953309e+00	-1.118351e+02
3.650000e-06	-1.985029e-09	-9.969146e-10	-9.657984e+00	-1.189766e+02
3.660000e-06	-2.129513e-09	-1.052746e-09	-1.036096e+01	-1.260967e+02
3.670000e-06	-2.273574e-09	-1.113458e-09	-1.106188e+01	-1.331940e+02
3.680000e-06	-2.417149e-09	-1.179490e-09	-1.176043e+01	-1.402673e+02
3.690000e-06	-2.560250e-09	-1.244671e-09	-1.245668e+01	-1.473154e+02
3.700000e-06	-2.702845e-09	-1.304358e-09	-1.315046e+01	-1.543368e+02
3.710000e-06	-2.844911e-09	-1.357685e-09	-1.384168e+01	-1.613305e+02
3.720000e-06	-2.986400e-09	-1.410444e-09	-1.453008e+01	-1.682951e+02
3.730000e-06	-3.127276e-09	-1.468681e-09	-1.521550e+01	-1.752293e+02
3.740000e-06	-3.267566e-09	-1.529941e-09	-1.589807e+01	-1.821320e+02
3.750000e-06	-3.407256e-09	-1.590474e-09	-1.657772e+01	-1.890020e+02
3.760000e-06	-3.546283e-09	-1.647877e-09	-1.725414e+01	-1.958378e+02
3.770000e-06	-3.684610e-09	-1.707200e-09	-1.792716e+01	-2.026384e+02
3.780000e-06	-3.822253e-09	-1.766630e-09	-1.859685e+01	-2.094026e+02
3.790000e-06	-3.959246e-09	-1.826526e-09	-1.926338e+01	-2.161290e+02
3.800000e-06	-4.095574e-09	-1.882753e-09	-1.992668e+01	-2.228165e+02
3.810000e-06	-4.231157e-09	-1.934573e-09	-2.058635e+01	-2.294640e+02
3.820000e-06	-4.365941e-09	-1.991476e-09	-2.124213e+01	-2.360701e+02
3.830000e-06	-4.499921e-09	-2.049965e-09	-2.189400e+01	-2.426338e+02
3.840000e-06	-4.633103e-09	-2.109439e-09	-2.254198e+01	-2.491538e+02
3.850000e-06	-4.765465e-09	-2.164953e-09	-2.318598e+01	-2.556289e+02
3.860000e-06	-4.896980e-09	-2.216526e-09	-2.382586e+01	-2.620581e+02
3.870000e-06	-5.027619e-09	-2.268916e-09	-2.446147e+01	-2.684401e+02
3.880000e-06	-5.157395e-09	-2.322442e-09	-2.509289e+01	-2.747739e+02
3.890000e-06	-5.286371e-09	-2.378646e-09	-2.572041e+01	-2.810582e+02
3.900000e-06	-5.414494e-09	-2.435070e-09	-2.634379e+01	-2.872920e+02
3.910000e-06	-5.541628e-09	-2.487096e-09	-2.696235e+01	-2.934740e+02
3.920000e-06	-5.667740e-09	-2.535359e-09	-2.757594e+01	-2.996034e+02
3.930000e-06	-5.792825e-09	-2.586187e-09	-2.818453e+01	-3.056788e+02
3.940000e-06	-5.916817e-09	-2.637705e-09	-2.878780e+01	-3.116992e+02
3.950000e-06	-6.039690e-09	-2.687446e-09	-2.938563e+01	-3.176636e+02
3.960000e-06	-6.161491e-09	-2.736118e-09	-2.997824e+01	-3.235709e+02
3.970000e-06	-6.282255e-09	-2.784728e-09	-3.056581e+01	-3.294200e+02
3.980000e-06	-6.401861e-09	-2.837713e-09	-3.114775e+01	-3.352098e+02
3.990000e-06	-6.520178e-09	-2.892881e-09	-3.172341e+01	-3.409394e+02
4.000000e-06	-6.637206e-09	-2.944107e-09	-3.229280e+01	-3.466077e+02
4.010000e-06	-6.752940e-09	-2.987668e-09	-3.285589e+01	-3.522136e+02
4.020000e-06	-6.867259e-09	-3.027972e-09	-3.341210e+01	-3.577563e+02
4.030000e-06	-6.980120e-09	-3.072409e-09	-3.396122e+01	-3.632346e+02
4.040000e-06	-7.091580e-09	-3.122713e-09	-3.450352e+01	-3.686476e+02
4.050000e-06	-7.201675e-09	-3.173727e-09	-3.503917e+01	-3.739943e+02
4.060000e-06	-7.310531e-09	-3.221592e-09	-3.556881e+01	-3.792738e+02
4.070000e-06	-7.418258e-09	-3.266462e-09	-3.609295e+01	-3.844852e+02
4.080000e-06	-7.524824e-09	-3.311315e-09	-3.661144e+01	-3.896274e+02
4.090000e-06	-7.630133e-09	-3.356546e-09	-3.712381e+01	-3.946995e+02
4.100000e-06	-7.734079e-09	-3.399620e-09	-3.762955e+01	-3.997008e+02
4.110000e-06	-7.836525e-09	-3.440175e-09	-3.812799e+01	-4.046301e+02
4.120000e-06	-7.937490e-09	-3.480714e-09	-3.861923e+01	-4.094868e+02
4.130000e-06	-8.037063e-09	-3.524493e-09	-3.910370e+01	-4.142698e+02
4.140000e-06	-8.135267e-09	-3.567108e-09	-3.958150e+01	-4.189784e+02
4.150000e-06	-8.232161e-09	-3.605606e-09	-4.005293e+01	-4.236117e+02
4.160000e-06	-8.327706e-09	-3.642139e-09	-4.051780e+01	-4.281688e+02
4.170000e-06	-8.421720e-09	-3.679879e-09	-4.097522e+01	-4.326490e+02
4.180000e-06	-8.514197e-09	-3.722562e-09	-4.142516e+01	-4.370514e+02
4.190000e-06	-8.605185e-09	-3.765483e-09	-4.186785e+01	-4.413753e+02
4.200000e-06	-8.694674e-09	-3.803841e-09	-4.230326e+01	-4.456198e+02
4.210000e-06	-8.782675e-09	-3.836121e-09	-4.273142e+01	-4.497843e+02
4.220000e-06	-8.869054e-09	-3.864720e-09	-4.315169e+01	-4.538679e+02
4.230000e-06	-8.953755e-09	-3.894746e-09	-4.356380e+01	-4.578699e+02
4.240000e-06	-9.036910e-09	-3.927041e-09	-4.396838e+01	-4.617897e+02
4.250000e-06	-9.118592e-09	-3.960883e-09	-4.436580e+01	-4.656265e+02
4.260000e-06	-9.198746e-09	-3.994251e-09	-4.475578e+01	-4.693796e+02
4.270000e-06	-9.277156e-09	-4.028237e-09	-4.513728e+01	-4.730483e+02
4.280000e-06	-9.353672e-09	-4.062333e-09	-4.550956e+01	-4.766321e+02
4.290000e-06	-9.428394e-09	-4.092961e-09	-4.587312e+01	-4.801301e+02
4.300000e-06	-9.501475e-09	-4.120271e-09	-4.622869e+01	-4.835419e+02
4.310000e-06	-9.572950e-09	-4.145076e-09	-4.657645e+01	-4.868669e+02
4.320000e-06	-9.642634e-09	-4.170266e-09	-4.691549e+01	-4.901043e+02
4.330000e-06	-9.710499e-09	-4.197841e-09	-4.724568e+01	-4.932536e+02
4.340000e-06	-9.776728e-09	-4.227256e-09	-4.756791e+01	-4.963144e+02
4.350000e-06	-9.841394e-09	-4.256038e-09	-4.788254e+01	-4.992859e+02
4.360000e-06	-9.904369e-09	-4.282217e-09	-4.818894e+01	-5.021677e+02
4.370000e-06	-9.965419e-09	-4.306011e-09	-4.848597e+01	-5.049593e+02
4.380000e-06	-1.002459e-08	-4.329419e-09	-4.877389e+01	-5.076601e+02
4.390000e-06	-1.008210e-08	-4.351456e-09	-4.905370e+01	-5.102697e+02
4.400000e-06	-1.013799e-08	-4.370936e-09	-4.932562e+01	-5.127877e+02
4.410000e-06	-1.019192e-08	-4.389564e-09	-4.958802e+01	-5.152135e+02
4.420000e-06	-1.024372e-08	-4.408410e-09	-4.984001e+01	-5.175467e+02
4.430000e-06	-1.029346e-08	-4.429092e-09	-5.008204e+01	-5.197869e+02
4.440000e-06	-1.034100e-08	-4.450215e-09	-5.031334e+01	-5.219337e+02
4.450000e-06	-1.038662e-08	-4.468371e-09	-5.053532e+01	-5.239868e+02
4.460000e-06	-1.043074e-08	-4.484093e-09	-5.074995e+01	-5.259456e+02
4.470000e-06	-1.047327e-08	-4.498638e-09	-5.095691e+01	-5.278100e+02
4.480000e-06	-1.051416e-08	-4.512087e-09	-5.115582e+01	-5.295796e+02
4.490000e-06	-1.055330e-08	-4.525236e-09	-5.134628e+01	-5.312540e+02
4.500000e-06	-1.059045e-08	-4.537686e-09	-5.152703e+01	-5.328329e+02
4.510000e-06	-1.062565e-08	-4.549700e-09	-5.169827e+01	-5.343161e+02
4.520000e-06	-1.065908e-08	-4.561538e-09	-5.186093e+01	-5.357033e+02
4.530000e-06	-1.069072e-08	-4.572978e-09	-5.201488e+01	-5.369943e+02
4.540000e-06	-1.072027e-08	-4.583726e-09	-5.215867e+01	-5.381887e+02
4.550000e-06	-1.074783e-08	-4.593150e-09	-5.229272e+01	-5.392865e+02
4.560000e-06	-1.077362e-08	-4.600891e-09	-5.241822e+01	-5.402874e+02
4.570000e-06	-1.079761e-08	-4.608076e-09	-5.253493e+01	-5.411912e+02
4.580000e-06	-1.081957e-08	-4.614716e-09	-5.264179e+01	-5.419977e+02
4.590000e-06	-1.083951e-08	-4.620568e-09	-5.273879e+01	-5.427069e+02
4.600000e-06	-1.085769e-08	-4.627173e-09	-5.282727e+01	-5.433186e+02
4.610000e-06	-1.087410e-08	-4.634278e-09	-5.290711e+01	-5.438326e+02
4.620000e-06	-1.088837e-08	-4.640113e-09	-5.297653e+01	-5.442489e+02
4.630000e-06	-1.090036e-08	-4.644061e-09	-5.303485e+01	-5.445675e+02
4.640000e-06	-1.091040e-08	-4.646926e-09	-5.308373e+01	-5.447882e+02
4.650000e-06	-1.091867e-08	-4.649030e-09	-5.312396e+01	-5.449110e+02
4.660000e-06	-1.092492e-08	-4.651035e-09	-5.315435e+01	-5.449359e+02
4.670000e-06	-1.092911e-08	-4.651641e-09	-5.317476e+01	-5.448629e+02
4.680000e-06	-1.093155e-08	-4.652943e-09	-5.318663e+01	-5.446920e+02
